-------------------------------------------------------------------------------
 L       Percentage of nodes in the largest component
 D       Percentage of nodes in components of size at most 3 [-div option]
 R       Percentage of nodes not in L or D: 100 - L -D
 S       Percentage of nodes that are singletons
 E       Fraction of edges retained (input graph has 380)
 cce     Expected size of component, nodewise [ sum(sz^2) / sum^2(sz) ]
 EW      Edge weight traits (mean, median and IQR)
 ND      Node degree traits [mean, median and IQR]
 CCF     Clustering coefficient (scale 1-100)
 eff     Induced component efficiency relative to start graph (scale 1-1000)
Total number of nodes: 20
----------------------------------------------------------------------------------------------
  L   D   R   S     E     cce  EWmean   EWmed   EWiqr  NDmean   NDmed  NDiqr CCF  eff  Cutoff 
----------------------------------------------------------------------------------------------
100   0   0   0 1.000      20    0.61    0.61    0.06    19.0    19.5    0.5   -    -     0.50
100   0   0   0 1.000      20    0.61    0.61    0.06    19.0    19.5    0.5   -    -     0.51
100   0   0   0 1.000      20    0.61    0.61    0.06    19.0    19.5    0.5   -    -     0.52
100   0   0   0 1.000      20    0.61    0.61    0.06    19.0    19.5    0.5   -    -     0.53
100   0   0   0 0.989      20    0.61    0.61    0.06    18.8    19.5    0.5   -    -     0.54
100   0   0   0 0.963      20    0.62    0.61    0.06    18.3    19.5    1.5   -    -     0.55
100   0   0   0 0.926      20    0.62    0.62    0.05    17.6    18.5    3.5   -    -     0.56
100   0   0   0 0.842      20    0.62    0.62    0.05    16.0    16.5    2.5   -    -     0.57
100   0   0   0 0.784      20    0.63    0.62    0.05    14.9    16.5    4.5   -    -     0.58
100   0   0   0 0.679      20    0.63    0.63    0.04    12.9    14.5    5.5   -    -     0.59
100   0   0   0 0.584      20    0.64    0.64    0.04    11.1    11.5    6.5   -    -     0.60
100   0   0   0 0.500      20    0.65    0.64    0.04     9.5     9.5    5.5   -    -     0.61
100   0   0   0 0.421      20    0.65    0.64    0.04     8.0     9.5    5.5   -    -     0.62
100   0   0   0 0.337      20    0.66    0.65    0.03     6.4     6.5    4.5   -    -     0.63
 95   5   0   5 0.237      18    0.67    0.67    0.02     4.5     4.5    3.5   -    -     0.64
 80  20   0  10 0.179      13    0.68    0.67    0.02     3.4     3.5    3.5   -    -     0.65
 80  20   0  10 0.153      13    0.68    0.67    0.02     2.9     3.5    3.5   -    -     0.66
 60  40   0  15 0.100       8    0.69    0.68    0.02     1.9     1.5    2.5   -    -     0.67
 30  70   0  40 0.053       3    0.70    0.69    0.02     1.0     1.5    1.5   -    -     0.68
 20  80   0  50 0.037       2    0.71    0.70    0.03     0.7     0.5    1.5   -    -     0.69
  0 100   0  75 0.016       1    0.73    0.73    0.01     0.3     0.5    0.5   -    -     0.70
  0 100   0  80 0.011       1    0.73    0.73    0.01     0.2     0.5    0.5   -    -     0.71
  0 100   0  80 0.011       1    0.73    0.73    0.01     0.2     0.5    0.5   -    -     0.72
  0 100   0  80 0.011       1    0.73    0.73    0.01     0.2     0.5    0.5   -    -     0.73
  0 100   0 100 0.000       1    0.00    0.00    0.00     0.0     0.5    0.5   -    -     0.74
  0 100   0 100 0.000       1    0.00    0.00    0.00     0.0     0.5    0.5   -    -     0.75
  0 100   0 100 0.000       1    0.00    0.00    0.00     0.0     0.5    0.5   -    -     0.76
  0 100   0 100 0.000       1    0.00    0.00    0.00     0.0     0.5    0.5   -    -     0.77
  0 100   0 100 0.000       1    0.00    0.00    0.00     0.0     0.5    0.5   -    -     0.78
  0 100   0 100 0.000       1    0.00    0.00    0.00     0.0     0.5    0.5   -    -     0.79
  0 100   0 100 0.000       1    0.00    0.00    0.00     0.0     0.5    0.5   -    -     0.80
  0 100   0 100 0.000       1    0.00    0.00    0.00     0.0     0.5    0.5   -    -     0.81
  0 100   0 100 0.000       1    0.00    0.00    0.00     0.0     0.5    0.5   -    -     0.82
  0 100   0 100 0.000       1    0.00    0.00    0.00     0.0     0.5    0.5   -    -     0.83
  0 100   0 100 0.000       1    0.00    0.00    0.00     0.0     0.5    0.5   -    -     0.84
  0 100   0 100 0.000       1    0.00    0.00    0.00     0.0     0.5    0.5   -    -     0.85
  0 100   0 100 0.000       1    0.00    0.00    0.00     0.0     0.5    0.5   -    -     0.86
  0 100   0 100 0.000       1    0.00    0.00    0.00     0.0     0.5    0.5   -    -     0.87
  0 100   0 100 0.000       1    0.00    0.00    0.00     0.0     0.5    0.5   -    -     0.88
  0 100   0 100 0.000       1    0.00    0.00    0.00     0.0     0.5    0.5   -    -     0.89
  0 100   0 100 0.000       1    0.00    0.00    0.00     0.0     0.5    0.5   -    -     0.90
  0 100   0 100 0.000       1    0.00    0.00    0.00     0.0     0.5    0.5   -    -     0.91
  0 100   0 100 0.000       1    0.00    0.00    0.00     0.0     0.5    0.5   -    -     0.92
  0 100   0 100 0.000       1    0.00    0.00    0.00     0.0     0.5    0.5   -    -     0.93
  0 100   0 100 0.000       1    0.00    0.00    0.00     0.0     0.5    0.5   -    -     0.94
  0 100   0 100 0.000       1    0.00    0.00    0.00     0.0     0.5    0.5   -    -     0.95
  0 100   0 100 0.000       1    0.00    0.00    0.00     0.0     0.5    0.5   -    -     0.96
  0 100   0 100 0.000       1    0.00    0.00    0.00     0.0     0.5    0.5   -    -     0.97
  0 100   0 100 0.000       1    0.00    0.00    0.00     0.0     0.5    0.5   -    -     0.98
  0 100   0 100 0.000       1    0.00    0.00    0.00     0.0     0.5    0.5   -    -     0.99
---------------------------------------------------------------------------------------------
