1.0000	0.7497	0.7317	0.7042	0.6631	0.7042	0.9223	0.9223	0.7497	0.7497	0.7497	0.6740	0.7497	0.6970	0.8137	0.7454	0.6694	0.7911	0.7911	0.7911
0.7497	1.0000	0.7142	0.6398	0.6364	0.6398	0.7488	0.7488	1.0000	1.0000	1.0000	0.6303	1.0000	0.6945	0.7921	0.7149	0.7700	0.7478	0.7478	0.7478
0.7317	0.7142	1.0000	0.5732	0.5068	0.5732	0.7251	0.7251	0.7142	0.7142	0.7142	0.5744	0.7142	0.8660	0.6810	0.7902	0.7235	0.6844	0.6844	0.6844
0.7042	0.6398	0.5732	1.0000	0.7367	1.0000	0.7165	0.7165	0.6398	0.6398	0.6398	0.7960	0.6398	0.5417	0.7631	0.6670	0.6445	0.7471	0.7471	0.7471
0.6631	0.6364	0.5068	0.7367	1.0000	0.7367	0.6702	0.6702	0.6364	0.6364	0.6364	0.6826	0.6364	0.4964	0.6959	0.5682	0.5983	0.6764	0.6764	0.6764
0.7042	0.6398	0.5732	1.0000	0.7367	1.0000	0.7165	0.7165	0.6398	0.6398	0.6398	0.7960	0.6398	0.5417	0.7631	0.6670	0.6445	0.7471	0.7471	0.7471
0.9223	0.7488	0.7251	0.7165	0.6702	0.7165	1.0000	1.0000	0.7488	0.7488	0.7488	0.6907	0.7488	0.6924	0.8282	0.7549	0.6805	0.8002	0.8002	0.8002
0.9223	0.7488	0.7251	0.7165	0.6702	0.7165	1.0000	1.0000	0.7488	0.7488	0.7488	0.6907	0.7488	0.6924	0.8282	0.7549	0.6805	0.8002	0.8002	0.8002
0.7497	1.0000	0.7142	0.6398	0.6364	0.6398	0.7488	0.7488	1.0000	1.0000	1.0000	0.6303	1.0000	0.6945	0.7921	0.7149	0.7700	0.7478	0.7478	0.7478
0.7497	1.0000	0.7142	0.6398	0.6364	0.6398	0.7488	0.7488	1.0000	1.0000	1.0000	0.6303	1.0000	0.6945	0.7921	0.7149	0.7700	0.7478	0.7478	0.7478
0.7497	1.0000	0.7142	0.6398	0.6364	0.6398	0.7488	0.7488	1.0000	1.0000	1.0000	0.6303	1.0000	0.6945	0.7921	0.7149	0.7700	0.7478	0.7478	0.7478
0.6740	0.6303	0.5744	0.7960	0.6826	0.7960	0.6907	0.6907	0.6303	0.6303	0.6303	1.0000	0.6303	0.5586	0.7277	0.6360	0.6472	0.7176	0.7176	0.7176
0.7497	1.0000	0.7142	0.6398	0.6364	0.6398	0.7488	0.7488	1.0000	1.0000	1.0000	0.6303	1.0000	0.6945	0.7921	0.7149	0.7700	0.7478	0.7478	0.7478
0.6970	0.6945	0.8660	0.5417	0.4964	0.5417	0.6924	0.6924	0.6945	0.6945	0.6945	0.5586	0.6945	1.0000	0.6450	0.7726	0.6983	0.6553	0.6553	0.6553
0.8137	0.7921	0.6810	0.7631	0.6959	0.7631	0.8282	0.8282	0.7921	0.7921	0.7921	0.7277	0.7921	0.6450	1.0000	0.7313	0.7399	0.8670	0.8670	0.8670
0.7454	0.7149	0.7902	0.6670	0.5682	0.6670	0.7549	0.7549	0.7149	0.7149	0.7149	0.6360	0.7149	0.7726	0.7313	1.0000	0.7194	0.7072	0.7072	0.7072
0.6694	0.7700	0.7235	0.6445	0.5983	0.6445	0.6805	0.6805	0.7700	0.7700	0.7700	0.6472	0.7700	0.6983	0.7399	0.7194	1.0000	0.7438	0.7438	0.7438
0.7911	0.7478	0.6844	0.7471	0.6764	0.7471	0.8002	0.8002	0.7478	0.7478	0.7478	0.7176	0.7478	0.6553	0.8670	0.7072	0.7438	1.0000	1.0000	1.0000
0.7911	0.7478	0.6844	0.7471	0.6764	0.7471	0.8002	0.8002	0.7478	0.7478	0.7478	0.7176	0.7478	0.6553	0.8670	0.7072	0.7438	1.0000	1.0000	1.0000
0.7911	0.7478	0.6844	0.7471	0.6764	0.7471	0.8002	0.8002	0.7478	0.7478	0.7478	0.7176	0.7478	0.6553	0.8670	0.7072	0.7438	1.0000	1.0000	1.0000
