-------------------------------------------------------------------------------
 L       Percentage of nodes in the largest component
 D       Percentage of nodes in components of size at most 3 [-div option]
 R       Percentage of nodes not in L or D: 100 - L -D
 S       Percentage of nodes that are singletons
 E       Fraction of edges retained (input graph has 380)
 cce     Expected size of component, nodewise [ sum(sz^2) / sum^2(sz) ]
 EW      Edge weight traits (mean, median and IQR)
 ND      Node degree traits [mean, median and IQR]
 CCF     Clustering coefficient (scale 1-100)
 eff     Induced component efficiency relative to start graph (scale 1-1000)
Total number of nodes: 20
----------------------------------------------------------------------------------------------
  L   D   R   S     E     cce  EWmean   EWmed   EWiqr  NDmean   NDmed  NDiqr CCF  eff  Cutoff 
----------------------------------------------------------------------------------------------
100   0   0   0 0.995      20    0.74    0.73    0.08    18.9    19.5    0.5   -    -     0.50
100   0   0   0 0.989      20    0.74    0.73    0.08    18.8    19.5    0.5   -    -     0.51
100   0   0   0 0.989      20    0.74    0.73    0.08    18.8    19.5    0.5   -    -     0.52
100   0   0   0 0.989      20    0.74    0.73    0.08    18.8    19.5    0.5   -    -     0.53
100   0   0   0 0.989      20    0.74    0.73    0.08    18.8    19.5    0.5   -    -     0.54
100   0   0   0 0.979      20    0.74    0.74    0.09    18.6    19.5    0.5   -    -     0.55
100   0   0   0 0.974      20    0.74    0.74    0.09    18.5    19.5    1.5   -    -     0.56
100   0   0   0 0.968      20    0.74    0.74    0.09    18.4    19.5    1.5   -    -     0.57
100   0   0   0 0.953      20    0.75    0.74    0.09    18.1    19.5    2.5   -    -     0.58
100   0   0   0 0.953      20    0.75    0.74    0.09    18.1    19.5    2.5   -    -     0.59
100   0   0   0 0.947      20    0.75    0.74    0.08    18.0    19.5    2.5   -    -     0.60
100   0   0   0 0.947      20    0.75    0.74    0.08    18.0    19.5    2.5   -    -     0.61
100   0   0   0 0.947      20    0.75    0.74    0.08    18.0    19.5    2.5   -    -     0.62
100   0   0   0 0.947      20    0.75    0.74    0.08    18.0    19.5    2.5   -    -     0.63
100   0   0   0 0.837      20    0.76    0.75    0.08    15.9    15.5    4.5   -    -     0.64
100   0   0   0 0.816      20    0.77    0.75    0.08    15.5    15.5    4.5   -    -     0.65
100   0   0   0 0.800      20    0.77    0.75    0.08    15.2    15.5    3.5   -    -     0.66
100   0   0   0 0.779      20    0.77    0.75    0.08    14.8    15.5    4.5   -    -     0.67
100   0   0   0 0.747      20    0.77    0.75    0.08    14.2    15.5    3.5   -    -     0.68
100   0   0   0 0.711      20    0.78    0.75    0.07    13.5    15.5    5.5   -    -     0.69
100   0   0   0 0.647      20    0.79    0.75    0.06    12.3    14.5    4.5   -    -     0.70
100   0   0   0 0.621      20    0.79    0.75    0.06    11.8    14.5    4.5   -    -     0.71
100   0   0   0 0.526      20    0.80    0.75    0.05    10.0    12.5    6.5   -    -     0.72
100   0   0   0 0.505      20    0.81    0.76    0.05     9.6    12.5    5.5   -    -     0.73
 95   5   0   5 0.479      18    0.81    0.77    0.07     9.1    12.5    6.5   -    -     0.74
 95   5   0   5 0.268      18    0.86    0.80    0.21     5.1     6.5    3.5   -    -     0.75
 80  20   0   5 0.258      13    0.87    0.80    0.21     4.9     6.5    3.5   -    -     0.76
 60  40   0  10 0.221       8    0.88    0.85    0.20     4.2     5.5    4.5   -    -     0.77
 60  40   0  10 0.216       8    0.89    0.87    0.20     4.1     5.5    4.5   -    -     0.78
 60  40   0  10 0.216       8    0.89    0.87    0.20     4.1     5.5    4.5   -    -     0.79
 35  40  25  20 0.158       4    0.92    0.96    0.17     3.0     4.5    4.5   -    -     0.80
 35  40  25  20 0.126       4    0.95    1.00    0.13     2.4     3.5    3.5   -    -     0.81
 35  40  25  20 0.121       4    0.96    1.00    0.11     2.3     3.5    3.5   -    -     0.82
 25  55  20  20 0.111       3    0.97    1.00    0.08     2.1     2.5    2.5   -    -     0.83
 25  55  20  20 0.111       3    0.97    1.00    0.08     2.1     2.5    2.5   -    -     0.84
 25  55  20  20 0.111       3    0.97    1.00    0.08     2.1     2.5    2.5   -    -     0.85
 25  55  20  20 0.111       3    0.97    1.00    0.08     2.1     2.5    2.5   -    -     0.86
 25  75   0  35 0.089       3    0.99    1.00    0.00     1.7     2.5    2.5   -    -     0.87
 25  75   0  35 0.089       3    0.99    1.00    0.00     1.7     2.5    2.5   -    -     0.88
 25  75   0  35 0.089       3    0.99    1.00    0.00     1.7     2.5    2.5   -    -     0.89
 25  75   0  35 0.089       3    0.99    1.00    0.00     1.7     2.5    2.5   -    -     0.90
 25  75   0  35 0.089       3    0.99    1.00    0.00     1.7     2.5    2.5   -    -     0.91
 25  75   0  35 0.089       3    0.99    1.00    0.00     1.7     2.5    2.5   -    -     0.92
 25  75   0  40 0.079       3    1.00    1.00    0.00     1.5     1.5    2.5   -    -     0.93
 25  75   0  40 0.079       3    1.00    1.00    0.00     1.5     1.5    2.5   -    -     0.94
 25  75   0  40 0.079       3    1.00    1.00    0.00     1.5     1.5    2.5   -    -     0.95
 25  75   0  40 0.079       3    1.00    1.00    0.00     1.5     1.5    2.5   -    -     0.96
 25  75   0  40 0.079       3    1.00    1.00    0.00     1.5     1.5    2.5   -    -     0.97
 25  75   0  40 0.079       3    1.00    1.00    0.00     1.5     1.5    2.5   -    -     0.98
 25  75   0  40 0.079       3    1.00    1.00    0.00     1.5     1.5    2.5   -    -     0.99
---------------------------------------------------------------------------------------------
