1 1 (0) 1 : 0.10982356435504586623 0.00000000100000000000 0.08071517305082671900 0.17701249842428176673 0.15561998990448289160 0.00000000100000000000 0.05775408590454738506 0.10064536625175593554 0.00000000100000000000 0.31842931910905952764
2 2 (0) 1 : 0.34325194697702599012 0.00000000099999999998 0.00000000099999999998 0.22803488888094441966 0.00000000099999999998 0.00000000099999999998 0.00000000099999999998 0.00000000099999999998 0.42871315714202962166 0.00000000099999999998
3 3 (0) 2 : 0.24140580656578797258 0.00000000099999999998 0.00000000099999999998 0.00000000099999999998 0.42113449633661487193 0.33745969009759718693 0.00000000099999999998 0.00000000099999999998 0.00000000099999999998 0.00000000099999999998
4 4 (0) 2 : 0.13826504118569082902 0.00000087430200743953 0.00000000100000000000 0.05544700398812379277 0.33570675423269030757 0.00000000100000000000 0.17130095777084858311 0.11889230643495275752 0.00099097706519479301 0.17939608302049153687
5 5 (0) 2 : 0.00000050384454094236 0.00000000457377404698 0.32054300088541931579 0.00000000100000000000 0.00000000100000000000 0.00000078215168236040 0.17409331668896144141 0.20099957167015708448 0.00000000139787903603 0.30436281678758575486
6 6 (0) 2 : 0.38281023062540697754 0.00519415166215996850 0.00000000099999999999 0.38752164084875967420 0.00000000099999999999 0.00000000099999999999 0.00000000099999999999 0.00000000099999999999 0.00000000099999999999 0.22447397086367343322
7 7 (0) 2 : 0.00000000099999999997 0.66299832598623686941 0.33684050397143028288 0.00016116304233298207 0.00000000099999999997 0.00000000099999999997 0.00000000099999999997 0.00000000099999999997 0.00000000099999999997 0.00000000099999999997
8 8 (0) 2 : 0.00000000099999999998 0.60939900868522400845 0.00000000099999999998 0.00000000099999999998 0.00000000099999999998 0.38806785069948507294 0.00253313282445757470 0.00000000179083353931 0.00000000099999999998 0.00000000099999999998
9 9 (0) 2 : 0.00000000100000000000 0.37894792725874826278 0.17288050843929600453 0.11168709571360349586 0.16085101324331746442 0.00000000100000000000 0.00000000100000000000 0.17563211032748329843 0.00000000314677661865 0.00000133887077482122
10 10 (0) 2 : 0.00000000099999999999 0.41142219658055251275 0.00000000099999999999 0.42016944632111236091 0.00000000099999999999 0.00000000099999999999 0.16840835009833513003 0.00000000099999999999 0.00000000099999999999 0.00000000099999999999
11 11 (0) 2 : 0.00008246159401028324 0.10838094441312753902 0.02471888992440412353 0.35843784317999688449 0.00200746430676993892 0.07158412968585181613 0.00000000100000000000 0.00000748205152295157 0.29116289063934497339 0.14361789320497164724
12 12 (0) 2 : 0.19613897507511474094 0.10511905416153780046 0.00000000100000000000 0.06028710819463465459 0.00000001184991859765 0.00000000100000000000 0.16202716507293721260 0.22995124683850892700 0.00000000100000000000 0.24647643580734804325
13 13 (0) 2 : 0.00000000099999999998 0.30532438587159888010 0.01370665192452326202 0.17957305728253436516 0.05541166411137499193 0.00000000099999999998 0.27102551773112715239 0.17495871907884119612 0.00000000099999999998 0.00000000099999999998
14 14 (0) 2 : 0.03063260039211529798 0.20471295061637284629 0.22120655019860882562 0.00000000099999999999 0.00000000099999999999 0.07023355689898883036 0.09047318618328784035 0.19935035761771668916 0.18339079509290956427 0.00000000099999999999
15 15 (0) 2 : 0.12124805983069578130 0.10260761118889485943 0.17050660384525503921 0.00000000099999999999 0.00000000099999999999 0.26576134281417418403 0.19784498179574655508 0.00000000099999999999 0.14203139652523352754 0.00000000099999999999
16 16 (0) 2 : 0.04352527939220586506 0.09010813840782305739 0.07578670864655595585 0.00000000100000000000 0.13982506060807953219 0.09182274765243735037 0.07292739290775936134 0.26190487613147650503 0.00000000100000000000 0.22409979425366249872
17 17 (0) 2 : 0.00000000099999999999 0.32024129296468373251 0.23082655056786580139 0.44864833441540630243 0.00000000099999999999 0.00000000099999999999 0.00000000099999999999 0.00000000099999999999 0.00000000099999999999 0.00028381605204426646
18 18 (0) 2 : 0.00000000099999999999 0.00000000099999999999 0.14307800808889148403 0.00000000312951721335 0.16006845631633898064 0.00000000099999999999 0.04805676045499591292 0.35047040941315010798 0.00000000099999999999 0.29832635859710621151
19 19 (0) 2 : 0.00000000099999999999 0.00000000099999999999 0.21172093188930701801 0.00000000099999999999 0.29827772583552830676 0.06745968227430970687 0.18351337502928397050 0.00000000099999999999 0.23902827997157108375 0.00000000099999999999
20 20 (0) 2 : 0.00000000099999999997 0.00000000099999999997 0.00000000099999999997 0.00000000099999999997 0.59179048602225980957 0.00000000099999999997 0.00000000099999999997 0.00000000099999999997 0.00000000099999999997 0.40820950597774025015
21 21 (0) 2 : 0.00000000099999999995 0.99999999100000014352 0.00000000099999999995 0.00000000099999999995 0.00000000099999999995 0.00000000099999999995 0.00000000099999999995 0.00000000099999999995 0.00000000099999999995 0.00000000099999999995
22 22 (0) 2 : 0.20062010502611726803 0.00000000099999999999 0.11600835048002008931 0.15448768468678741872 0.09613066613766380053 0.00000000099999999999 0.23104874204541447913 0.00000000099999999999 0.00000000099999999999 0.20170444762399702965
23 23 (0) 2 : 0.11567634589189144945 0.27820810234403126060 0.24139317573491839153 0.11939844832367099703 0.00000000099999999999 0.12829608449128757086 0.00000000099999999999 0.00000000099999999999 0.11702783921420037427 0.00000000099999999999
24 24 (0) 2 : 0.00000000099999999985 0.00000000099999999985 0.00000000099999999985 0.00000000099999999985 0.00000000099999999985 0.00000000099999999985 0.00000000099999999985 0.00000000099999999985 0.99999999099999992147 0.00000000099999999985
25 25 (0) 2 : 0.00000000099999999998 0.00000000099999999998 0.23457657432919479246 0.00000000099999999998 0.28298130259393933228 0.46940936467895194584 0.00000000099999999998 0.00000000099999999998 0.00000000099999999998 0.01303275239791418065
26 26 (0) 2 : 0.00000000099999999998 0.00000000099999999998 0.00000000099999999998 0.00000000099999999998 0.00000000099999999998 0.00000000099999999998 0.61637059798524029830 0.00000000099999999998 0.00000000099999999998 0.38362939401475981693
27 27 (0) 2 : 0.00000000099999999998 0.00000000099999999998 0.00000000099999999998 0.00000000099999999998 0.00000000099999999998 0.49053872556965338880 0.00000000099999999998 0.19159192169040079046 0.31786934573994563014 0.00000000099999999998
28 28 (0) 2 : 0.27761827245189918401 0.26564908580890039813 0.00000000099999999999 0.00000000099999999999 0.00000000099999999999 0.16943768680624896050 0.19887316896109027975 0.08842178097186120800 0.00000000099999999999 0.00000000099999999999
29 29 (0) 2 : 0.00003709590534048267 0.10276675914207067386 0.23068758250339022053 0.00000000100000000000 0.00000001096241535040 0.22149212594778419638 0.22567890974244239621 0.04245037810901881176 0.10631545723223438660 0.07057167945530351538
30 30 (0) 3 : 0.18120564117020274142 0.00000000099999999998 0.00000000099999999998 0.08327127049596128039 0.16503661621008697269 0.16434395160160103488 0.17813705949183014643 0.00000000099999999998 0.03793810293268994743 0.19006735509762789915
31 31 (0) 3 : 0.00000000099999999999 0.17147222685161891964 0.24564793688699590457 0.06978178370645486683 0.11724138547273761646 0.00000000099999999999 0.00000000099999999999 0.11306573691994722952 0.19769656170426908037 0.08509436545797635643
32 32 (0) 3 : 0.17414271939743550255 0.30583282158501312598 0.00000000099999999999 0.00000000099999999999 0.27026386137396046783 0.24976059164359085130 0.00000000099999999999 0.00000000099999999999 0.00000000099999999999 0.00000000099999999999
33 33 (0) 3 : 0.07814474947141374084 0.02082880678133826324 0.18646114320091308758 0.07784573344850559407 0.32062497189406641285 0.12402982259690475964 0.15493558166796153608 0.03712918893889659983 0.00000000100000000000 0.00000000100000000000
34 34 (0) 3 : 0.00000000099999999999 0.29094520407637425308 0.33735312034256342839 0.18068413961618287611 0.00044144784045023293 0.03630187475167532402 0.00000000099999999999 0.00000000099999999999 0.12848690385172012451 0.02578730652103361498
35 35 (0) 3 : 0.18361525938278977499 0.34069385117474421110 0.00000000099999999998 0.00000000099999999998 0.47568842588230508817 0.00000000099999999998 0.00000000099999999998 0.00000000099999999998 0.00000245756016100277 0.00000000099999999998
36 36 (0) 3 : 0.00073808542842932910 0.07748518520944494559 0.23766757343261268876 0.00000000099999999999 0.11378381348871054179 0.08071547170754243827 0.24287568607385409680 0.24673418165940599889 0.00000000099999999999 0.00000000099999999999
37 37 (0) 3 : 0.08190700080268581429 0.13802373038757373425 0.18589386682902445114 0.09388191738653688112 0.16927749610975709182 0.09544413835330202434 0.03676176335960002622 0.00241330280759831243 0.19639678296392173995 0.00000000100000000000
38 38 (0) 3 : 0.00000000099999999996 0.00000000099999999996 0.00000000099999999996 0.45825255003589865366 0.00000000099999999996 0.00000000099999999996 0.00000000099999999996 0.00000000099999999996 0.00000000099999999996 0.54174744196410118402
39 39 (0) 3 : 0.34187625503917784542 0.00000000099999999998 0.00000084379010848745 0.44016081257842332164 0.00000000099999999998 0.00000000099999999998 0.21796208259229041260 0.00000000099999999998 0.00000000099999999998 0.00000000099999999998
40 40 (0) 3 : 0.00000000099999999990 0.00000000099999999990 0.00000000099999999990 0.00000000099999999990 0.00000000099999999990 0.00000000099999999990 0.00000000099999999990 0.00000000099999999990 0.00000000099999999990 0.99999999100000003249
41 41 (0) 3 : 0.00000000099999999996 0.00000000099999999996 0.00000000099999999996 0.00000000099999999996 0.00000000099999999996 0.00000000099999999996 0.99999999099999992147 0.00000000099999999996 0.00000000099999999996 0.00000000099999999996
42 42 (0) 3 : 0.37081411778772188637 0.00000000099999999998 0.28399020849528355814 0.00000000099999999998 0.00000000099999999998 0.00000000099999999998 0.00000000099999999998 0.00000000099999999998 0.34369462914958237576 0.00150103856741217226
43 43 (0) 3 : 0.27309739897984103285 0.13958372534754892591 0.00000000099999999999 0.04222630837834964734 0.00000000099999999999 0.15630352408341779968 0.05896533659915143694 0.20170143432793302685 0.11683289040633505762 0.01128937987742293508
44 44 (0) 3 : 0.00000000099999999999 0.00000000099999999999 0.00000000099999999999 0.18747274878191821923 0.00000000099999999999 0.34441899312883134110 0.22353618007482675689 0.24457207201442351940 0.00000000099999999999 0.00000000099999999999
45 45 (0) 3 : 0.00000000099999999998 0.00000000099999999998 0.00000000099999999998 0.00000000099999999998 0.00000000099999999998 0.58354026287995730549 0.41645972912004280975 0.00000000099999999998 0.00000000099999999998 0.00000000099999999998
46 46 (0) 3 : 0.00000000099999999999 0.20809588422584199274 0.05921283903074528454 0.00000000099999999999 0.33683445083491947436 0.22139478062004463998 0.00000000099999999999 0.00000000099999999999 0.17446204028844858325 0.00000000099999999999
47 47 (0) 3 : 0.00000000099999999991 0.00000000099999999991 0.00000000099999999991 0.99999999100000014352 0.00000000099999999991 0.00000000099999999991 0.00000000099999999991 0.00000000099999999991 0.00000000099999999991 0.00000000099999999991
48 48 (0) 3 : 0.00000000099999999989 0.00000000099999999989 0.00000000099999999989 0.00000000099999999989 0.00000000099999999989 0.99999999100000003249 0.00000000099999999989 0.00000000099999999989 0.00000000099999999989 0.00000000099999999989
49 49 (0) 3 : 0.00000000099999999991 0.00000000099999999991 0.00000000099999999991 0.00000000099999999991 0.99999999100000014352 0.00000000099999999991 0.00000000099999999991 0.00000000099999999991 0.00000000099999999991 0.00000000099999999991
50 50 (0) 3 : 0.42612574689260412919 0.00000000099999999999 0.00000000099999999999 0.00000000099999999999 0.13361963847022764740 0.00000000099999999999 0.19997757754221542892 0.00000000099999999999 0.24027703109495268663 0.00000000099999999999
51 51 (0) 3 : 0.08011519089366625490 0.00000000099999999999 0.41882321742766759343 0.00000000099999999999 0.22529926904309760527 0.14262258312809716898 0.13313973450747146332 0.00000000099999999999 0.00000000099999999999 0.00000000099999999999
52 52 (0) 3 : 0.00000000099999999999 0.38807554881030575933 0.00000000099999999999 0.00000000099999999999 0.00000000099999999999 0.21738791921204098090 0.00000000099999999999 0.20753536953168175150 0.18700115644597148368 0.00000000099999999999
53 53 (0) 3 : 0.00000000099999999986 0.00000000099999999986 0.00000000099999999986 0.00000000099999999986 0.00000000099999999986 0.99999999100000014352 0.00000000099999999986 0.00000000099999999986 0.00000000099999999986 0.00000000099999999986
54 54 (0) 3 : 0.00000000099999999999 0.22817979362797144449 0.02926757204359082404 0.00000000099999999999 0.00000000099999999999 0.05425183728282599593 0.08064547597861330963 0.33489539749218610876 0.00000000099999999999 0.27275991957481227068
55 55 (0) 3 : 0.00000000099999999990 0.00000000099999999990 0.00000000099999999990 0.00000000099999999990 0.00000000099999999990 0.00000000099999999990 0.99999999100000003249 0.00000000099999999990 0.00000000099999999990 0.00000000099999999990
56 56 (0) 3 : 0.00000000099999999993 0.99999999100000025454 0.00000000099999999993 0.00000000099999999993 0.00000000099999999993 0.00000000099999999993 0.00000000099999999993 0.00000000099999999993 0.00000000099999999993 0.00000000099999999993
57 57 (0) 3 : 0.00000000099999999999 0.16958693999809287822 0.21600858053506641343 0.00000000099999999999 0.39967315582277002095 0.00000000099999999999 0.00000000099999999999 0.00002605637399122714 0.00000000099999999999 0.21470526227007941111
58 58 (0) 3 : 0.00000000099999999981 0.00000000099999999981 0.00000000099999999981 0.00000000099999999981 0.00000000099999999981 0.00000000099999999981 0.00000000099999999981 0.00000000099999999981 0.99999999100000003249 0.00000000099999999981
59 59 (0) 3 : 0.00000000099999999991 0.00000000099999999991 0.00000000099999999991 0.00000000099999999991 0.00000000099999999991 0.99999999100000003249 0.00000000099999999991 0.00000000099999999991 0.00000000099999999991 0.00000000099999999991
60 60 (0) 4 : 0.00000000099999999996 0.00000000099999999996 0.00000000099999999996 0.35791490231068712191 0.64208508968931288230 0.00000000099999999996 0.00000000099999999996 0.00000000099999999996 0.00000000099999999996 0.00000000099999999996
61 61 (0) 4 : 0.00000000099999999990 0.00000000099999999990 0.00000000099999999990 0.00000000099999999990 0.00000000099999999990 0.00000000099999999990 0.00000000099999999990 0.99999999099999992147 0.00000000099999999990 0.00000000099999999990
62 62 (0) 4 : 0.00000000099999999988 0.00000000099999999988 0.00000000099999999988 0.00000000099999999988 0.99999999100000014352 0.00000000099999999988 0.00000000099999999988 0.00000000099999999988 0.00000000099999999988 0.00000000099999999988
63 63 (0) 4 : 0.16131386115353249511 0.26752159618609511194 0.00000000099999999999 0.22192600828872277585 0.11206813564916365267 0.05888319479275504892 0.17828719992973096620 0.00000000099999999999 0.00000000099999999999 0.00000000099999999999
64 64 (0) 4 : 0.00000000099999999999 0.15022216976474037087 0.16865125995648058699 0.00584232794452763885 0.02851686307826537675 0.21004061968215023692 0.00000000099999999999 0.13047079408888548335 0.10365556582597086621 0.20260039765897952524
65 65 (0) 4 : 0.00000000099999999999 0.00000000099999999999 0.05561412947094283854 0.08812598510853746070 0.00000000099999999999 0.00000000099999999999 0.19846764250613760372 0.27399704247622591602 0.38315027712095545143 0.00064491931720074796
66 66 (0) 4 : 0.00000000099999999988 0.00000000099999999988 0.00000000099999999988 0.00000000099999999988 0.00000000099999999988 0.00000000099999999988 0.99999999100000003249 0.00000000099999999988 0.00000000099999999988 0.00000000099999999988
67 67 (0) 4 : 0.00000000099999999999 0.00000000099999999999 0.21339280558109913200 0.00000000099999999999 0.00056342653668414516 0.31076268936005146948 0.00000000099999999999 0.12982858118521647950 0.34545249233694891311 0.00000000099999999999
68 68 (0) 4 : 0.00000000099999999996 0.00000000099999999996 0.00000000099999999996 0.00000000099999999996 0.00000000099999999996 0.00000000099999999996 0.38993779079272106181 0.00000000099999999996 0.61006220120727894241 0.00000000099999999996
69 69 (0) 4 : 0.00000000099999999989 0.00000000099999999989 0.00000000099999999989 0.00000000099999999989 0.99999999100000003249 0.00000000099999999989 0.00000000099999999989 0.00000000099999999989 0.00000000099999999989 0.00000000099999999989
70 70 (0) 4 : 0.53927839791065335096 0.00000000099999999998 0.00000000099999999998 0.00000000099999999998 0.00000000099999999998 0.00000000099999999998 0.00000000099999999998 0.46072159408934681979 0.00000000099999999998 0.00000000099999999998
71 71 (0) 1 : 0.00000000099999999984 0.00000000099999999984 0.99999999100000014352 0.00000000099999999984 0.00000000099999999984 0.00000000099999999984 0.00000000099999999984 0.00000000099999999984 0.00000000099999999984 0.00000000099999999984
72 72 (0) 1 : 0.23082366556023151127 0.19092091431673757773 0.00000000099999999998 0.31310325979157282994 0.00000000099999999998 0.00000000099999999998 0.00000000099999999998 0.00000000099999999998 0.00000000099999999998 0.26515215433145811197
73 73 (0) 1 : 0.00000000099999999989 0.00000000099999999989 0.00000000099999999989 0.00000000099999999989 0.99999999100000014352 0.00000000099999999989 0.00000000099999999989 0.00000000099999999989 0.00000000099999999989 0.00000000099999999989
74 74 (0) 1 : 0.10982389912581527747 0.28219864312512737969 0.00000000099999999999 0.13705528599009139668 0.00000000099999999999 0.00000000099999999999 0.14562380829892432321 0.12918033371019918554 0.19610256864897321338 0.00001545810086933534
75 75 (0) 1 : 0.00000001444487976837 0.06201066476896201218 0.17413047860176827930 0.15446640246369383598 0.13322550752919884443 0.08169684302602821246 0.00035251795000872143 0.22464065854783699105 0.14650164402399709629 0.02297526864362640225
76 76 (0) 1 : 0.00000000099999999989 0.00000000099999999989 0.00000000099999999989 0.00000000099999999989 0.00000000099999999989 0.00000000099999999989 0.00000000099999999989 0.99999999099999992147 0.00000000099999999989 0.00000000099999999989
77 77 (0) 1 : 0.00000000099999999991 0.00000000099999999991 0.00000000099999999991 0.00000000099999999991 0.00000000099999999991 0.00000000099999999991 0.00000000099999999991 0.00000000099999999991 0.00000000099999999991 0.99999999100000003249
78 78 (0) 1 : 0.38145271060917257389 0.18283683327284586118 0.00000000099999999998 0.00000000099999999998 0.00000000099999999998 0.00000000099999999998 0.00000000099999999998 0.00000000099999999998 0.43571044911798167965 0.00000000099999999998
79 79 (0) 1 : 0.11746499063851427447 0.00000000099999999999 0.15717091093245466604 0.04747974833705648906 0.00000056077981790410 0.24938988689682822786 0.16022083031333234082 0.00000000099999999999 0.26827306910199605339 0.00000000099999999999
80 80 (0) 1 : 0.09948750792910493468 0.19868561402156720286 0.27438610665163443159 0.13302135862474120942 0.00000000099999999999 0.26543033842303559444 0.00000000099999999999 0.02898907034991669851 0.00000000099999999999 0.00000000099999999999
81 81 (0) 1 : 0.99999999100000014352 0.00000000099999999991 0.00000000099999999991 0.00000000099999999991 0.00000000099999999991 0.00000000099999999991 0.00000000099999999991 0.00000000099999999991 0.00000000099999999991 0.00000000099999999991
82 82 (0) 1 : 0.00000000099999999991 0.99999999100000014352 0.00000000099999999991 0.00000000099999999991 0.00000000099999999991 0.00000000099999999991 0.00000000099999999991 0.00000000099999999991 0.00000000099999999991 0.00000000099999999991
83 83 (0) 1 : 0.00000000099999999999 0.00000000099999999999 0.11900130070431186313 0.36293116637854988538 0.00000000099999999999 0.00000106229378837569 0.00000000099999999999 0.21399346783599176858 0.20811818548353314129 0.09595481330382495122
84 84 (0) 1 : 0.00000000099999999995 0.00000000099999999995 0.44625014183169997573 0.00000000099999999995 0.00000000099999999995 0.00000000099999999995 0.00000000099999999995 0.00000000099999999995 0.55374985016829991746 0.00000000099999999995
85 85 (0) 1 : 0.18954775193329503891 0.00025005914293550231 0.03102022123975059498 0.47059764078853577596 0.00000000099999999999 0.00000000099999999999 0.23372519086766441188 0.00000000099999999999 0.00000000099999999999 0.07485913202781870057
86 86 (0) 1 : 0.00000000099999999999 0.24217858991074267538 0.00000005285174959256 0.00000000099999999999 0.17184610622008508751 0.09837799550765979895 0.20696649434807259937 0.00000000099999999999 0.09747769853903437420 0.18315305962265582274
87 87 (0) 1 : 0.13765771881144994726 0.21354803063328758883 0.00000000099999999999 0.00000000099999999999 0.00000000099999999999 0.00000000099999999999 0.19584824667120734332 0.00000000099999999999 0.18556439191132254041 0.26738160697273238853
88 88 (0) 1 : 0.00000000099999999988 0.00000000099999999988 0.00000000099999999988 0.99999999100000003249 0.00000000099999999988 0.00000000099999999988 0.00000000099999999988 0.00000000099999999988 0.00000000099999999988 0.00000000099999999988
89 89 (0) 1 : 0.03800016666381123703 0.00000000100000000000 0.00000000100000000000 0.18877640738009013321 0.14008625586417056130 0.10858690542423438119 0.07811272506487014489 0.11918330838861121435 0.00000000100000000000 0.32725422821421229491
90 90 (0) 1 : 0.00000000099999999999 0.00000000099999999999 0.00000000099999999999 0.21286698794486308417 0.00000000099999999999 0.27254878979075369827 0.00000000099999999999 0.42351998390792522375 0.00000000099999999999 0.09106423235645810799
91 91 (0) 1 : 0.00000000099999999984 0.00000000099999999984 0.00000000099999999984 0.99999999100000014352 0.00000000099999999984 0.00000000099999999984 0.00000000099999999984 0.00000000099999999984 0.00000000099999999984 0.00000000099999999984
92 92 (0) 1 : 0.26359728259670806017 0.20754553460596500414 0.14092071281610099587 0.00000000099999999999 0.00000000099999999999 0.00000000099999999999 0.18679359168606746167 0.00000000099999999999 0.05319704547678139744 0.14794582881837711752
93 93 (0) 1 : 0.25332222732831616296 0.00000000099999999998 0.00000000099999999998 0.00000000099999999998 0.00000000099999999998 0.33689030758097021634 0.00000000099999999998 0.40978737725217601051 0.00000000099999999998 0.00000008183853760139
94 94 (0) 1 : 0.00000000099999999999 0.25427163444227257605 0.00000002484182180595 0.31735729497387743514 0.14266066885335179637 0.00000000099999999999 0.00000000099999999999 0.00000000099999999999 0.00000000099999999999 0.28571037188867648426
95 95 (0) 1 : 0.00000000099999999996 0.52363549046016766297 0.47636326106351994936 0.00000000099999999996 0.00000000099999999996 0.00000000099999999996 0.00000000099999999996 0.00000000099999999996 0.00000000099999999996 0.00000124147631254846
96 96 (0) 1 : 0.00000000099999999987 0.00000000099999999987 0.99999999100000003249 0.00000000099999999987 0.00000000099999999987 0.00000000099999999987 0.00000000099999999987 0.00000000099999999987 0.00000000099999999987 0.00000000099999999987
97 97 (0) 1 : 0.18390641528755813372 0.23236072225719472950 0.00000000099999999999 0.00000000099999999999 0.00000000099999999999 0.00000000205128879511 0.00000000099999999999 0.32212036687115602751 0.18414256103085957506 0.07746992850194270308
98 98 (0) 1 : 0.09876023803864414363 0.17033171921368703283 0.00000000099999999999 0.38097775607580447454 0.21973453972385467714 0.13019574194800978550 0.00000000099999999999 0.00000000099999999999 0.00000000099999999999 0.00000000099999999999
99 99 (0) 4 : 0.00000000099999999985 0.00000000099999999985 0.99999999100000003249 0.00000000099999999985 0.00000000099999999985 0.00000000099999999985 0.00000000099999999985 0.00000000099999999985 0.00000000099999999985 0.00000000099999999985
100 100 (0) 4 : 0.27546185359945968285 0.33296574793549860161 0.00000000099999999999 0.13198564066835935527 0.09578252237366766120 0.00000000099999999999 0.09000247293422919403 0.07380175848878557654 0.00000000099999999999 0.00000000099999999999
101 101 (0) 5 : 0.20522145892513485310 0.00000000099999999999 0.24180294856410761151 0.22926715613904227742 0.17947391148232352820 0.14422112192805885966 0.00000000099999999999 0.00001339896133304588 0.00000000099999999999 0.00000000099999999999
102 102 (0) 5 : 0.52333607003689930348 0.00000000099999999996 0.00000000099999999996 0.47666392196310086726 0.00000000099999999996 0.00000000099999999996 0.00000000099999999996 0.00000000099999999996 0.00000000099999999996 0.00000000099999999996
103 103 (0) 5 : 0.00000000099999999999 0.50196181390152749824 0.00000000099999999999 0.00000000099999999999 0.41287924651246454832 0.00000000099999999999 0.00000000099999999999 0.00000000099999999999 0.00000000099999999999 0.08515893258600810978
104 104 (0) 5 : 0.29045484307846336502 0.00000000099999999999 0.15675338582440792590 0.00000000099999999999 0.00000000099999999999 0.29522767995367216187 0.10092481121461346905 0.00000000099999999999 0.15663927492884291426 0.00000000099999999999
105 105 (0) 5 : 0.00000000099999999988 0.00000000099999999988 0.00000000099999999988 0.00000000099999999988 0.00000000099999999988 0.99999999100000014352 0.00000000099999999988 0.00000000099999999988 0.00000000099999999988 0.00000000099999999988
106 106 (0) 4 : 0.39898757150481101164 0.00000000099999999999 0.00000000193135582379 0.12047554073042823775 0.20533573845406011271 0.00000000099999999999 0.10179934862350664693 0.00000000099999999999 0.00000000099999999999 0.17340179475583811231
107 107 (0) 4 : 0.00000000099999999992 0.00000000099999999992 0.00000000099999999992 0.00000000099999999992 0.00000000099999999992 0.00000000099999999992 0.00000000099999999992 0.99999999100000003249 0.00000000099999999992 0.00000000099999999992
108 108 (0) 4 : 0.23917842989317314450 0.00000000099999999999 0.00000000099999999999 0.16912695839864744229 0.00000000099999999999 0.22043082276005926401 0.00000000099999999999 0.10218060637549510050 0.08727697965350408871 0.18180619891912092045
109 109 (0) 4 : 0.00000000099999999993 0.00000000099999999993 0.00000000099999999993 0.00000000099999999993 0.00000000099999999993 0.00000000099999999993 0.00000000099999999993 0.99999999099999992147 0.00000000099999999993 0.00000000099999999993
110 110 (0) 4 : 0.31604368873234084392 0.00000000193330298882 0.00000000099999999999 0.12803916494745240517 0.13991995761281905697 0.00000000099999999999 0.25254328609055298749 0.00968019860840744865 0.15377369907512411507 0.00000000099999999999
111 111 (0) 5 : 0.00000000099999999988 0.00000000099999999988 0.00000000099999999988 0.00000000099999999988 0.00000000099999999988 0.99999999100000003249 0.00000000099999999988 0.00000000099999999988 0.00000000099999999988 0.00000000099999999988
112 112 (0) 5 : 0.00000000099999999998 0.00000000099999999998 0.00000000099999999998 0.43405988116613797301 0.33259544313446265384 0.00000000099999999998 0.00000000099999999998 0.00000000099999999998 0.23334466869939932132 0.00000000099999999998
113 113 (0) 5 : 0.00000000099999999991 0.00000000099999999991 0.00000000099999999991 0.00000000099999999991 0.00000000099999999991 0.00000000099999999991 0.00000000099999999991 0.99999999100000003249 0.00000000099999999991 0.00000000099999999991
114 114 (0) 5 : 0.99999999100000014352 0.00000000099999999990 0.00000000099999999990 0.00000000099999999990 0.00000000099999999990 0.00000000099999999990 0.00000000099999999990 0.00000000099999999990 0.00000000099999999990 0.00000000099999999990
115 115 (0) 5 : 0.00000000099999999996 0.00000000099999999996 0.00000000099999999996 0.00000000099999999996 0.00000000099999999996 0.00000000099999999996 0.00000000099999999996 0.00000000099999999996 0.55440153071033249077 0.44559846128966762446
116 116 (0) 5 : 0.22259028344920048226 0.00000000099999999999 0.31471056413797116047 0.00000000099999999999 0.00000000099999999999 0.00000000102591068742 0.00000000099999999999 0.32728693717351947656 0.00000000099999999999 0.13541220921339841565
117 117 (0) 4 : 0.00000000099999999996 0.64214109613523884246 0.00000000099999999996 0.00000000099999999996 0.00000000099999999996 0.00000000099999999996 0.00000000099999999996 0.35785889586476138380 0.00000000099999999996 0.00000000099999999996
118 118 (0) 4 : 0.00000000099999999997 0.00000000099999999997 0.00000000099999999997 0.00000000099999999997 0.00000000099999999997 0.00000000099999999997 0.00000000099999999997 0.50642225859488831929 0.00000000099999999997 0.49357773340511168492
119 119 (0) 4 : 0.00000000099999999991 0.99999999100000014352 0.00000000099999999991 0.00000000099999999991 0.00000000099999999991 0.00000000099999999991 0.00000000099999999991 0.00000000099999999991 0.00000000099999999991 0.00000000099999999991
120 120 (0) 4 : 0.23454727503037275937 0.10708680245449551938 0.12468979282248221496 0.00000000100000000000 0.32412136332787055970 0.00000000100000000000 0.17916572069433284176 0.00728696031497384593 0.00010541441480492797 0.02299666894066722256
121 121 (0) 4 : 0.26583061227118953695 0.00000000099999999998 0.00000000099999999998 0.17270094498146751349 0.25530161531436301736 0.06788469030870374066 0.23828213212427620804 0.00000000099999999998 0.00000000099999999998 0.00000000099999999998
122 122 (0) 4 : 0.00000000099999999997 0.00000000099999999997 0.31691880061995431062 0.00000000099999999997 0.43316123206983336846 0.00000000099999999997 0.00000000099999999997 0.00000000099999999997 0.00000000099999999997 0.24991996031021240787
123 123 (0) 4 : 0.00000000099999999992 0.00000000099999999992 0.00000000099999999992 0.00000000099999999992 0.00000000099999999992 0.00000000099999999992 0.00000000099999999992 0.00000000099999999992 0.00000000099999999992 0.99999999099999992147
124 124 (0) 4 : 0.01444958878845996678 0.25477315890008156440 0.16236576774261848866 0.00000000099999999999 0.21717751773175503205 0.00000000099999999999 0.00019847812957398005 0.31104265112992268705 0.03999283457758828764 0.00000000099999999999
125 125 (0) 5 : 0.00000000099999999991 0.99999999100000014352 0.00000000099999999991 0.00000000099999999991 0.00000000099999999991 0.00000000099999999991 0.00000000099999999991 0.00000000099999999991 0.00000000099999999991 0.00000000099999999991
126 126 (0) 5 : 0.15893158320397671179 0.00000000099999999999 0.00000000099999999999 0.10209996809187783795 0.00000000099999999999 0.20051049888991318015 0.24240349860595786224 0.07872744661498759511 0.00000000099999999999 0.21732700059328682873
127 127 (0) 5 : 0.25428010343743606692 0.00000000099999999997 0.00000000099999999997 0.28090916010745681231 0.00000000099999999997 0.00000000099999999997 0.00000000099999999997 0.20024055965792267320 0.26457017079718436747 0.00000000099999999997
128 128 (0) 5 : 0.06019113607102322128 0.00000000100000000000 0.12626285923392460697 0.05905120767326244718 0.00000000100000000000 0.08186657094462425344 0.18098797434670782502 0.12573943059922906840 0.12041462313516898552 0.24548619599605980834
129 129 (0) 5 : 0.00000000099999999989 0.00000000099999999989 0.00000000099999999989 0.00000000099999999989 0.00000000099999999989 0.00000000099999999989 0.99999999099999992147 0.00000000099999999989 0.00000000099999999989 0.00000000099999999989
130 130 (0) 5 : 0.04084507266287754762 0.00000118264865323834 0.10742893354659023564 0.00000000100000000000 0.00000000100000000000 0.00000000100000000000 0.09364872196217997879 0.37101374186896912688 0.04685058103876561797 0.34021176327196439582
131 131 (0) 5 : 0.00000000099999999989 0.00000000099999999989 0.00000000099999999989 0.00000000099999999989 0.00000000099999999989 0.00000000099999999989 0.99999999099999992147 0.00000000099999999989 0.00000000099999999989 0.00000000099999999989
132 132 (0) 5 : 0.00000000099999999998 0.00000000099999999998 0.12436492652075442633 0.26143296927287468234 0.00000000099999999998 0.27154715481048036230 0.00349388397849264383 0.00000000099999999998 0.33916106041739774168 0.00000000099999999998
133 133 (0) 5 : 0.23986077146009260330 0.15969587822244885045 0.00000000100000000000 0.00000000100000000000 0.20924315477679286679 0.00000000100000000000 0.00000000100000000000 0.26930828005863088892 0.00329639198829784685 0.11859551949373704771
134 134 (0) 5 : 0.00000000099999999998 0.00000000099999999998 0.00000023181032949759 0.00000000099999999998 0.00000000099999999998 0.41091513982863092647 0.00000000099999999998 0.00000000099999999998 0.00000000099999999998 0.58908462136103945106
135 135 (0) 5 : 0.99999999100000025454 0.00000000099999999989 0.00000000099999999989 0.00000000099999999989 0.00000000099999999989 0.00000000099999999989 0.00000000099999999989 0.00000000099999999989 0.00000000099999999989 0.00000000099999999989
136 136 (0) 5 : 0.36568732588484492707 0.00000000099999999999 0.00000000099999999999 0.07478068992650570290 0.00000000099999999999 0.23000336360631151722 0.00000000099999999999 0.00000000459273447376 0.16658260886253950517 0.16294600312706380985
137 137 (0) 5 : 0.00000002301528396269 0.31386634027381449252 0.00000000099999999999 0.00000000099999999999 0.00000000099999999999 0.25643770422106942908 0.24696449843999415674 0.01717272519574605805 0.16555870485409177051 0.00000000099999999999
138 138 (0) 5 : 0.15335014949610664692 0.17118595759538224321 0.22955554174496980990 0.10869210439434656701 0.00000000100000000000 0.03967648676055757911 0.15456936861779740910 0.00000000100000000000 0.12659336550997010717 0.01637702388086974270
139 139 (0) 5 : 0.99999999100000025454 0.00000000099999999992 0.00000000099999999992 0.00000000099999999992 0.00000000099999999992 0.00000000099999999992 0.00000000099999999992 0.00000000099999999992 0.00000000099999999992 0.00000000099999999992
140 140 (0) 5 : 0.00000000099999999985 0.00000000099999999985 0.00000000099999999985 0.00000000099999999985 0.00000000099999999985 0.00000000099999999985 0.00000000099999999985 0.00000000099999999985 0.99999999099999992147 0.00000000099999999985
141 141 (0) 5 : 0.00000000099999999989 0.99999999100000014352 0.00000000099999999989 0.00000000099999999989 0.00000000099999999989 0.00000000099999999989 0.00000000099999999989 0.00000000099999999989 0.00000000099999999989 0.00000000099999999989
142 142 (0) 5 : 0.00000000099999999989 0.00000000099999999989 0.00000000099999999989 0.00000000099999999989 0.00000000099999999989 0.00000000099999999989 0.00000000099999999989 0.00000000099999999989 0.00000000099999999989 0.99999999100000003249
143 143 (0) 5 : 0.18820090901512820381 0.00000000099999999999 0.00000000099999999999 0.10649231697774676209 0.00000000099999999999 0.00000000099999999999 0.13063802851056555143 0.33920494371418113966 0.18333772351911978293 0.05212607426325861770
144 144 (0) 6 : 0.30263603187882381906 0.00000000099999999999 0.17967708930127285205 0.00000000099999999999 0.00000000099999999999 0.18356133280489378423 0.00000000099999999999 0.00000000099999999999 0.02255034729516413455 0.31157519371984548906
145 145 (0) 6 : 0.00000000099999999983 0.00000000099999999983 0.00000000099999999983 0.00000000099999999983 0.00000000099999999983 0.00000000099999999983 0.00000000099999999983 0.00000000099999999983 0.99999999099999992147 0.00000000099999999983
146 146 (0) 6 : 0.00000000100000000000 0.00000223435440697051 0.08952309145705990290 0.12019597138087689814 0.20216480629106187150 0.32553762601253694031 0.07110289028758202956 0.00000000100000000000 0.19147337721647519904 0.00000000100000000000
147 147 (0) 6 : 0.00000000099999999998 0.00000000099999999998 0.00000000099999999998 0.00000000099999999998 0.00000000099999999998 0.52886325155167634993 0.00000000099999999998 0.00000000099999999998 0.29335911145526866184 0.17777762999305513070
148 148 (0) 6 : 0.14632949316347626523 0.00022487783208568590 0.00000000099999999999 0.00000000099999999999 0.26385270956531609032 0.19310766553510450017 0.39648524890401742882 0.00000000099999999999 0.00000000099999999999 0.00000000099999999999
149 149 (0) 6 : 0.00000000099999999999 0.30100358065129084739 0.20207985910978809585 0.00000000099999999999 0.20232700057879127176 0.10567169216216977523 0.00000000099999999999 0.00000000099999999999 0.18891786249796005404 0.00000000099999999999
150 150 (0) 6 : 0.42907432482468899071 0.00000000099999999998 0.00000000099999999998 0.00000000099999999998 0.00000000099999999998 0.00000000099999999998 0.27584099085804170137 0.00000000099999999998 0.00000000099999999998 0.29508467731726922834
151 151 (0) 6 : 0.00000000099999999999 0.00000000099999999999 0.00000000099999999999 0.11185772007014413432 0.00000001647108408568 0.13434283683407144405 0.34388842670730573881 0.21889553055264596160 0.00000000099999999999 0.19101546536474856008
152 152 (0) 6 : 0.07536105777128100647 0.24601555109436307189 0.08276470736955482410 0.07094533028270032238 0.32315304323748461623 0.00000000099999999999 0.00000152795578970250 0.20175877928882662848 0.00000000099999999999 0.00000000099999999999
153 153 (0) 6 : 0.00000000099999999991 0.00000000099999999991 0.00000000099999999991 0.00000000099999999991 0.00000000099999999991 0.00000000099999999991 0.99999999100000003249 0.00000000099999999991 0.00000000099999999991 0.00000000099999999991
154 154 (0) 6 : 0.00924201764938722622 0.22719411894287488973 0.00000000099999999999 0.06935575094062165769 0.26259197876372686320 0.00000000099999999999 0.11692841342589986586 0.31465496722184033151 0.00003275005564914562 0.00000000099999999999
155 155 (0) 6 : 0.99999999100000014352 0.00000000099999999991 0.00000000099999999991 0.00000000099999999991 0.00000000099999999991 0.00000000099999999991 0.00000000099999999991 0.00000000099999999991 0.00000000099999999991 0.00000000099999999991
156 156 (0) 6 : 0.33529244130891749931 0.00000001445481137262 0.00000000099999999999 0.00000000099999999999 0.00000000099999999999 0.00000000099999999999 0.45980400574650398537 0.00000000099999999999 0.00000000099999999999 0.20490353248976705958
157 157 (0) 6 : 0.00000000099999999999 0.00000000099999999999 0.44154093566229074552 0.00000000099999999999 0.00000000793899012175 0.29737879824281326924 0.26108023636290178526 0.00000001679300407343 0.00000000099999999999 0.00000000099999999999
158 158 (0) 6 : 0.27935772868743780073 0.00000000099999999998 0.00000000099999999998 0.08315985398907292658 0.00000000099999999998 0.47765762131465561158 0.00000000099999999998 0.00000000099999999998 0.00000000099999999998 0.15982479000883359488
159 159 (0) 6 : 0.00000000100000000000 0.00000000100000000000 0.28097523301286531083 0.00000000100000000000 0.11830913911685984885 0.25954832622224005556 0.00000061140493914244 0.32502518356512893893 0.01614150267796671603 0.00000000100000000000
160 160 (0) 6 : 0.00000000099999999998 0.00000000099999999998 0.27875666551358846412 0.32451380078056907275 0.00000000099999999998 0.00000000099999999998 0.30320379140453934674 0.09352573630130331384 0.00000000099999999998 0.00000000099999999998
161 161 (0) 6 : 0.99999999100000025454 0.00000000099999999994 0.00000000099999999994 0.00000000099999999994 0.00000000099999999994 0.00000000099999999994 0.00000000099999999994 0.00000000099999999994 0.00000000099999999994 0.00000000099999999994
162 162 (0) 6 : 0.45765072932045958165 0.00000000099999999997 0.00000000099999999997 0.00000000099999999997 0.00000000099999999997 0.00000000099999999997 0.00000000174178704536 0.54234926193775323533 0.00000000099999999997 0.00000000099999999997
163 163 (0) 6 : 0.00000000099999999991 0.00000000099999999991 0.00000000099999999991 0.00000000099999999991 0.00000000099999999991 0.00000000099999999991 0.00000000099999999991 0.00000000099999999991 0.00000000099999999991 0.99999999100000003249
164 164 (0) 6 : 0.41477981584252016090 0.08437293093777784025 0.07597091680136174030 0.00000000099999999999 0.00000000099999999999 0.18808136425082869203 0.23679496716751172181 0.00000000099999999999 0.00000000099999999999 0.00000000099999999999
165 165 (0) 6 : 0.17360621461774369823 0.18995037875220158186 0.07047712789957977231 0.38911781353486729618 0.09373999838613626678 0.00000000100000000000 0.08231330905753522775 0.00079515160298549022 0.00000000100000000000 0.00000000414895079823
166 166 (0) 6 : 0.00000000099999999991 0.00000000099999999991 0.99999999100000014352 0.00000000099999999991 0.00000000099999999991 0.00000000099999999991 0.00000000099999999991 0.00000000099999999991 0.00000000099999999991 0.00000000099999999991
167 167 (0) 6 : 0.05446138835081508478 0.04955548802127940355 0.00000000100000000000 0.14164568529675924946 0.00000000100000000000 0.21506709712349039720 0.00005782042427699226 0.31604144982819509790 0.00001958641865609258 0.22315148253652775101
168 168 (0) 6 : 0.00000000099999999997 0.00000000099999999997 0.34596841259708066563 0.00000000099999999997 0.65401839418027230000 0.00000000099999999997 0.00001318622264717221 0.00000000099999999997 0.00000000099999999997 0.00000000099999999997
169 169 (0) 6 : 0.17085393153583736114 0.00000000099999999999 0.25992000008514126730 0.00000012647944387017 0.00000000099999999999 0.00000806968852350626 0.00000000099999999999 0.00000042513838277245 0.42175791680797880545 0.14745952726469241378
170 170 (0) 6 : 0.00000000099999999997 0.00000000099999999997 0.45225239104538417223 0.00000000099999999997 0.00000000099999999997 0.00000000099999999997 0.00000000557770479828 0.00000000099999999997 0.00000000099999999997 0.54774759637691083913
171 171 (0) 6 : 0.12528237787738519260 0.03223419873958998511 0.00000000100000000000 0.21096603486006190731 0.05604772242876238791 0.13634041876131619553 0.00000000100000000000 0.30520954464371014003 0.13391953814402504652 0.00000016254514901099
172 172 (0) 4 : 0.00000000099999999989 0.00000000099999999989 0.00000000099999999989 0.00000000099999999989 0.00000000099999999989 0.00000000099999999989 0.00000000099999999989 0.00000000099999999989 0.00000000099999999989 0.99999999099999992147
173 173 (0) 4 : 0.00000000099999999987 0.00000000099999999987 0.99999999100000014352 0.00000000099999999987 0.00000000099999999987 0.00000000099999999987 0.00000000099999999987 0.00000000099999999987 0.00000000099999999987 0.00000000099999999987
174 174 (0) 7 : 0.00490092501594576162 0.21442157044213064343 0.04911156102611875796 0.00000000099999999999 0.09860365929197256740 0.15183833697690221620 0.34705379300238975437 0.09744052855511713129 0.03662962368942319219 0.00000000099999999999
175 175 (0) 7 : 0.00000000099999999986 0.00000000099999999986 0.00000000099999999986 0.99999999100000014352 0.00000000099999999986 0.00000000099999999986 0.00000000099999999986 0.00000000099999999986 0.00000000099999999986 0.00000000099999999986
176 176 (0) 7 : 0.00000002166697673182 0.00000000099999999999 0.00000000099999999999 0.00000000099999999999 0.48366757705372681597 0.00000000099999999999 0.00000000099999999999 0.51633239427929644716 0.00000000099999999999 0.00000000099999999999
177 177 (0) 7 : 0.00000000099999999999 0.32069077035290971533 0.11962417357325465239 0.00000069277206395410 0.00000000099999999999 0.12504920311832168345 0.18316137629442369450 0.00000000099999999999 0.25147377988902624990 0.00000000099999999999
178 178 (0) 7 : 0.20857728315705265087 0.23408007561439292399 0.00003090421617129319 0.16037320472952129591 0.22474520193947006286 0.00000000099999999999 0.00000000099999999999 0.17219332634339204469 0.00000000099999999999 0.00000000099999999999
179 179 (0) 7 : 0.00000000099999999997 0.48793757492884243243 0.00000000099999999997 0.00000000099999999997 0.51206241707115751627 0.00000000099999999997 0.00000000099999999997 0.00000000099999999997 0.00000000099999999997 0.00000000099999999997
180 180 (0) 7 : 0.00000000099999999996 0.00000000099999999996 0.00000000099999999996 0.00000000099999999996 0.42460190376672352075 0.57539808823327653897 0.00000000099999999996 0.00000000099999999996 0.00000000099999999996 0.00000000099999999996
181 181 (0) 7 : 0.39829923050403914786 0.00000000099999999998 0.20029774173606468279 0.00000000099999999998 0.00000000099999999998 0.02506168898159452652 0.00000000099999999998 0.00000000099999999998 0.08557737624694169987 0.29076395753136019540
182 182 (0) 7 : 0.00000000099999999999 0.17676685582142528941 0.21371986441613446961 0.07225260897148751138 0.00000000099999999999 0.00000000099999999999 0.12183767941921422318 0.19666896906166994596 0.21875293984163918237 0.00000107946842920980
183 183 (0) 7 : 0.50499471081485458601 0.00000000099999999998 0.00000000099999999998 0.00000000099999999998 0.00000000099999999998 0.00000000099999999998 0.00000000099999999998 0.00000000099999999998 0.49500528118514564024 0.00000000099999999998
184 184 (0) 7 : 0.00000000099999999999 0.00000000186286705734 0.00000000099999999999 0.08651124028937857979 0.31179179684281377316 0.09626965788481210706 0.00000000099999999999 0.32309487959814869873 0.00000000099999999999 0.18233241952197984381
185 185 (0) 7 : 0.00000040787731587679 0.13257829376676935618 0.00000000099999999999 0.27783591494455411874 0.00000000099999999999 0.34300645483271197111 0.20770185196173016062 0.03887707261691849409 0.00000000099999999999 0.00000000099999999999
186 186 (0) 7 : 0.12618261363102409311 0.00000000099999999999 0.15840746533278246555 0.00000000099999999999 0.41776152275967876060 0.00000000099999999999 0.06195010263342658197 0.23569829064308814304 0.00000000099999999999 0.00000000099999999999
187 187 (0) 7 : 0.43269967846249679511 0.00000000099999999998 0.00000000099999999998 0.56730031315101581146 0.00000000099999999998 0.00000000099999999998 0.00000000099999999998 0.00000000099999999998 0.00000000138648735596 0.00000000099999999998
188 188 (0) 7 : 0.34945853438159735216 0.00000000726447992140 0.00000000099999999999 0.00000000099999999999 0.08650179404999248922 0.00000000099999999999 0.43000985368548971799 0.13402980561844038410 0.00000000099999999999 0.00000000099999999999
189 189 (0) 7 : 0.00000000099999999999 0.00000000099999999999 0.17874942640946148154 0.00000000099999999999 0.26710728181921383761 0.22708936907794471938 0.00000000099999999999 0.32705391669337990912 0.00000000099999999999 0.00000000099999999999
190 190 (0) 7 : 0.00054833840884488080 0.00000000099999999999 0.14773587322292838775 0.00000000099999999999 0.28232464981187854747 0.00000000099999999999 0.15755265156065961785 0.00000000099999999999 0.00000000099999999999 0.41183848199568878767
191 191 (0) 7 : 0.16747648957724936558 0.00052205516690633825 0.21370094697006192241 0.00000000100000000000 0.00000029453187303264 0.00000000100000000000 0.04203881761056579153 0.00000000100000000000 0.44919007879643557679 0.12707131434690796534
192 192 (0) 7 : 0.00000000099999999991 0.00000000099999999991 0.00000000099999999991 0.00000000099999999991 0.99999999100000003249 0.00000000099999999991 0.00000000099999999991 0.00000000099999999991 0.00000000099999999991 0.00000000099999999991
193 193 (0) 7 : 0.00000000099999999998 0.31340055214610984535 0.00000001921829075624 0.21442712394556273647 0.00000000099999999998 0.00000000099999999998 0.00000000099999999998 0.47217229869003679577 0.00000000099999999998 0.00000000099999999998
194 194 (0) 7 : 0.00000000099999999988 0.00000000099999999988 0.00000000099999999988 0.99999999100000003249 0.00000000099999999988 0.00000000099999999988 0.00000000099999999988 0.00000000099999999988 0.00000000099999999988 0.00000000099999999988
195 195 (0) 7 : 0.12982353769466303817 0.20063688385436739825 0.00000000099999999999 0.12498123584690590260 0.06135336987215472826 0.00000000099999999999 0.10888672991666854817 0.31725279887928181655 0.05706544093595843081 0.00000000099999999999
196 196 (0) 7 : 0.00000000099999999998 0.00000000099999999998 0.12009968795169437272 0.13427678322402317179 0.44121394055426987890 0.00000000099999999998 0.00000000099999999998 0.30440958227001269076 0.00000000099999999998 0.00000000099999999998
197 197 (0) 7 : 0.00000000099999999999 0.00000000099999999999 0.00000000099999999999 0.17602418431347741090 0.06092374435425324669 0.32003623484739551763 0.00000000099999999999 0.16229234871620340508 0.28072348276867037375 0.00000000099999999999
198 198 (0) 7 : 0.58779774991777788973 0.41220224208222239204 0.00000000099999999998 0.00000000099999999998 0.00000000099999999998 0.00000000099999999998 0.00000000099999999998 0.00000000099999999998 0.00000000099999999998 0.00000000099999999998
199 199 (0) 7 : 0.16258903172707100948 0.05917462961183345832 0.25432565594465139647 0.04510120015210161704 0.00000000099999999999 0.00000000099999999999 0.16018800263013457941 0.00000000099999999999 0.06299793249295738973 0.25562354444125062747
200 200 (0) 7 : 0.00000000099999999994 0.00000000099999999994 0.00000000099999999994 0.00000000099999999994 0.00000000099999999994 0.00000000099999999994 0.00000000099999999994 0.99999999100000003249 0.00000000099999999994 0.00000000099999999994
201 201 (0) 7 : 0.00000000099999999990 0.00000000099999999990 0.00000000099999999990 0.00000000099999999990 0.00000000099999999990 0.00000000099999999990 0.99999999099999992147 0.00000000099999999990 0.00000000099999999990 0.00000000099999999990
202 202 (0) 7 : 0.00000000099999999998 0.49086001642804866218 0.00000000099999999998 0.00000000099999999998 0.00000000099999999998 0.00000000099999999998 0.00000000099999999998 0.50913997557195111998 0.00000000099999999998 0.00000000099999999998
203 203 (0) 7 : 0.00000000099999999999 0.00000516862225866090 0.40700967959700384835 0.33416993172533016043 0.00000000099999999999 0.00000000099999999999 0.00000000099999999999 0.00000000099999999999 0.25881521405540747205 0.00000000099999999999
1 1 (0) 1 : 0.10982356435504586623 0.00000000100000000000 0.08071517305082671900 0.17701249842428176673 0.15561998990448289160 0.00000000100000000000 0.05775408590454738506 0.10064536625175593554 0.00000000100000000000 0.31842931910905952764
2 2 (0) 1 : 0.34325194697702599012 0.00000000099999999998 0.00000000099999999998 0.22803488888094441966 0.00000000099999999998 0.00000000099999999998 0.00000000099999999998 0.00000000099999999998 0.42871315714202962166 0.00000000099999999998
3 3 (0) 2 : 0.24140580656578797258 0.00000000099999999998 0.00000000099999999998 0.00000000099999999998 0.42113449633661487193 0.33745969009759718693 0.00000000099999999998 0.00000000099999999998 0.00000000099999999998 0.00000000099999999998
4 4 (0) 2 : 0.13826504118569082902 0.00000087430200743953 0.00000000100000000000 0.05544700398812379277 0.33570675423269030757 0.00000000100000000000 0.17130095777084858311 0.11889230643495275752 0.00099097706519479301 0.17939608302049153687
5 5 (0) 2 : 0.00000050384454094236 0.00000000457377404698 0.32054300088541931579 0.00000000100000000000 0.00000000100000000000 0.00000078215168236040 0.17409331668896144141 0.20099957167015708448 0.00000000139787903603 0.30436281678758575486
6 6 (0) 2 : 0.38281023062540697754 0.00519415166215996850 0.00000000099999999999 0.38752164084875967420 0.00000000099999999999 0.00000000099999999999 0.00000000099999999999 0.00000000099999999999 0.00000000099999999999 0.22447397086367343322
7 7 (0) 2 : 0.00000000099999999997 0.66299832598623686941 0.33684050397143028288 0.00016116304233298207 0.00000000099999999997 0.00000000099999999997 0.00000000099999999997 0.00000000099999999997 0.00000000099999999997 0.00000000099999999997
8 8 (0) 2 : 0.00000000099999999998 0.60939900868522400845 0.00000000099999999998 0.00000000099999999998 0.00000000099999999998 0.38806785069948507294 0.00253313282445757470 0.00000000179083353931 0.00000000099999999998 0.00000000099999999998
9 9 (0) 2 : 0.00000000100000000000 0.37894792725874826278 0.17288050843929600453 0.11168709571360349586 0.16085101324331746442 0.00000000100000000000 0.00000000100000000000 0.17563211032748329843 0.00000000314677661865 0.00000133887077482122
10 10 (0) 2 : 0.00000000099999999999 0.41142219658055251275 0.00000000099999999999 0.42016944632111236091 0.00000000099999999999 0.00000000099999999999 0.16840835009833513003 0.00000000099999999999 0.00000000099999999999 0.00000000099999999999
11 11 (0) 2 : 0.00008246159401028324 0.10838094441312753902 0.02471888992440412353 0.35843784317999688449 0.00200746430676993892 0.07158412968585181613 0.00000000100000000000 0.00000748205152295157 0.29116289063934497339 0.14361789320497164724
12 12 (0) 2 : 0.19613897507511474094 0.10511905416153780046 0.00000000100000000000 0.06028710819463465459 0.00000001184991859765 0.00000000100000000000 0.16202716507293721260 0.22995124683850892700 0.00000000100000000000 0.24647643580734804325
13 13 (0) 2 : 0.00000000099999999998 0.30532438587159888010 0.01370665192452326202 0.17957305728253436516 0.05541166411137499193 0.00000000099999999998 0.27102551773112715239 0.17495871907884119612 0.00000000099999999998 0.00000000099999999998
14 14 (0) 2 : 0.03063260039211529798 0.20471295061637284629 0.22120655019860882562 0.00000000099999999999 0.00000000099999999999 0.07023355689898883036 0.09047318618328784035 0.19935035761771668916 0.18339079509290956427 0.00000000099999999999
15 15 (0) 2 : 0.12124805983069578130 0.10260761118889485943 0.17050660384525503921 0.00000000099999999999 0.00000000099999999999 0.26576134281417418403 0.19784498179574655508 0.00000000099999999999 0.14203139652523352754 0.00000000099999999999
16 16 (0) 2 : 0.04352527939220586506 0.09010813840782305739 0.07578670864655595585 0.00000000100000000000 0.13982506060807953219 0.09182274765243735037 0.07292739290775936134 0.26190487613147650503 0.00000000100000000000 0.22409979425366249872
17 17 (0) 2 : 0.00000000099999999999 0.32024129296468373251 0.23082655056786580139 0.44864833441540630243 0.00000000099999999999 0.00000000099999999999 0.00000000099999999999 0.00000000099999999999 0.00000000099999999999 0.00028381605204426646
18 18 (0) 2 : 0.00000000099999999999 0.00000000099999999999 0.14307800808889148403 0.00000000312951721335 0.16006845631633898064 0.00000000099999999999 0.04805676045499591292 0.35047040941315010798 0.00000000099999999999 0.29832635859710621151
19 19 (0) 2 : 0.00000000099999999999 0.00000000099999999999 0.21172093188930701801 0.00000000099999999999 0.29827772583552830676 0.06745968227430970687 0.18351337502928397050 0.00000000099999999999 0.23902827997157108375 0.00000000099999999999
20 20 (0) 2 : 0.00000000099999999997 0.00000000099999999997 0.00000000099999999997 0.00000000099999999997 0.59179048602225980957 0.00000000099999999997 0.00000000099999999997 0.00000000099999999997 0.00000000099999999997 0.40820950597774025015
21 21 (0) 2 : 0.00000000099999999995 0.99999999100000014352 0.00000000099999999995 0.00000000099999999995 0.00000000099999999995 0.00000000099999999995 0.00000000099999999995 0.00000000099999999995 0.00000000099999999995 0.00000000099999999995
22 22 (0) 2 : 0.20062010502611726803 0.00000000099999999999 0.11600835048002008931 0.15448768468678741872 0.09613066613766380053 0.00000000099999999999 0.23104874204541447913 0.00000000099999999999 0.00000000099999999999 0.20170444762399702965
23 23 (0) 2 : 0.11567634589189144945 0.27820810234403126060 0.24139317573491839153 0.11939844832367099703 0.00000000099999999999 0.12829608449128757086 0.00000000099999999999 0.00000000099999999999 0.11702783921420037427 0.00000000099999999999
24 24 (0) 2 : 0.00000000099999999985 0.00000000099999999985 0.00000000099999999985 0.00000000099999999985 0.00000000099999999985 0.00000000099999999985 0.00000000099999999985 0.00000000099999999985 0.99999999099999992147 0.00000000099999999985
25 25 (0) 2 : 0.00000000099999999998 0.00000000099999999998 0.23457657432919479246 0.00000000099999999998 0.28298130259393933228 0.46940936467895194584 0.00000000099999999998 0.00000000099999999998 0.00000000099999999998 0.01303275239791418065
26 26 (0) 2 : 0.00000000099999999998 0.00000000099999999998 0.00000000099999999998 0.00000000099999999998 0.00000000099999999998 0.00000000099999999998 0.61637059798524029830 0.00000000099999999998 0.00000000099999999998 0.38362939401475981693
27 27 (0) 2 : 0.00000000099999999998 0.00000000099999999998 0.00000000099999999998 0.00000000099999999998 0.00000000099999999998 0.49053872556965338880 0.00000000099999999998 0.19159192169040079046 0.31786934573994563014 0.00000000099999999998
28 28 (0) 2 : 0.27761827245189918401 0.26564908580890039813 0.00000000099999999999 0.00000000099999999999 0.00000000099999999999 0.16943768680624896050 0.19887316896109027975 0.08842178097186120800 0.00000000099999999999 0.00000000099999999999
29 29 (0) 2 : 0.00003709590534048267 0.10276675914207067386 0.23068758250339022053 0.00000000100000000000 0.00000001096241535040 0.22149212594778419638 0.22567890974244239621 0.04245037810901881176 0.10631545723223438660 0.07057167945530351538
30 30 (0) 3 : 0.18120564117020274142 0.00000000099999999998 0.00000000099999999998 0.08327127049596128039 0.16503661621008697269 0.16434395160160103488 0.17813705949183014643 0.00000000099999999998 0.03793810293268994743 0.19006735509762789915
31 31 (0) 3 : 0.00000000099999999999 0.17147222685161891964 0.24564793688699590457 0.06978178370645486683 0.11724138547273761646 0.00000000099999999999 0.00000000099999999999 0.11306573691994722952 0.19769656170426908037 0.08509436545797635643
32 32 (0) 3 : 0.17414271939743550255 0.30583282158501312598 0.00000000099999999999 0.00000000099999999999 0.27026386137396046783 0.24976059164359085130 0.00000000099999999999 0.00000000099999999999 0.00000000099999999999 0.00000000099999999999
33 33 (0) 3 : 0.07814474947141374084 0.02082880678133826324 0.18646114320091308758 0.07784573344850559407 0.32062497189406641285 0.12402982259690475964 0.15493558166796153608 0.03712918893889659983 0.00000000100000000000 0.00000000100000000000
34 34 (0) 3 : 0.00000000099999999999 0.29094520407637425308 0.33735312034256342839 0.18068413961618287611 0.00044144784045023293 0.03630187475167532402 0.00000000099999999999 0.00000000099999999999 0.12848690385172012451 0.02578730652103361498
35 35 (0) 3 : 0.18361525938278977499 0.34069385117474421110 0.00000000099999999998 0.00000000099999999998 0.47568842588230508817 0.00000000099999999998 0.00000000099999999998 0.00000000099999999998 0.00000245756016100277 0.00000000099999999998
36 36 (0) 3 : 0.00073808542842932910 0.07748518520944494559 0.23766757343261268876 0.00000000099999999999 0.11378381348871054179 0.08071547170754243827 0.24287568607385409680 0.24673418165940599889 0.00000000099999999999 0.00000000099999999999
37 37 (0) 3 : 0.08190700080268581429 0.13802373038757373425 0.18589386682902445114 0.09388191738653688112 0.16927749610975709182 0.09544413835330202434 0.03676176335960002622 0.00241330280759831243 0.19639678296392173995 0.00000000100000000000
38 38 (0) 3 : 0.00000000099999999996 0.00000000099999999996 0.00000000099999999996 0.45825255003589865366 0.00000000099999999996 0.00000000099999999996 0.00000000099999999996 0.00000000099999999996 0.00000000099999999996 0.54174744196410118402
39 39 (0) 3 : 0.34187625503917784542 0.00000000099999999998 0.00000084379010848745 0.44016081257842332164 0.00000000099999999998 0.00000000099999999998 0.21796208259229041260 0.00000000099999999998 0.00000000099999999998 0.00000000099999999998
40 40 (0) 3 : 0.00000000099999999990 0.00000000099999999990 0.00000000099999999990 0.00000000099999999990 0.00000000099999999990 0.00000000099999999990 0.00000000099999999990 0.00000000099999999990 0.00000000099999999990 0.99999999100000003249
41 41 (0) 3 : 0.00000000099999999996 0.00000000099999999996 0.00000000099999999996 0.00000000099999999996 0.00000000099999999996 0.00000000099999999996 0.99999999099999992147 0.00000000099999999996 0.00000000099999999996 0.00000000099999999996
42 42 (0) 3 : 0.37081411778772188637 0.00000000099999999998 0.28399020849528355814 0.00000000099999999998 0.00000000099999999998 0.00000000099999999998 0.00000000099999999998 0.00000000099999999998 0.34369462914958237576 0.00150103856741217226
43 43 (0) 3 : 0.27309739897984103285 0.13958372534754892591 0.00000000099999999999 0.04222630837834964734 0.00000000099999999999 0.15630352408341779968 0.05896533659915143694 0.20170143432793302685 0.11683289040633505762 0.01128937987742293508
44 44 (0) 3 : 0.00000000099999999999 0.00000000099999999999 0.00000000099999999999 0.18747274878191821923 0.00000000099999999999 0.34441899312883134110 0.22353618007482675689 0.24457207201442351940 0.00000000099999999999 0.00000000099999999999
45 45 (0) 3 : 0.00000000099999999998 0.00000000099999999998 0.00000000099999999998 0.00000000099999999998 0.00000000099999999998 0.58354026287995730549 0.41645972912004280975 0.00000000099999999998 0.00000000099999999998 0.00000000099999999998
46 46 (0) 3 : 0.00000000099999999999 0.20809588422584199274 0.05921283903074528454 0.00000000099999999999 0.33683445083491947436 0.22139478062004463998 0.00000000099999999999 0.00000000099999999999 0.17446204028844858325 0.00000000099999999999
47 47 (0) 3 : 0.00000000099999999991 0.00000000099999999991 0.00000000099999999991 0.99999999100000014352 0.00000000099999999991 0.00000000099999999991 0.00000000099999999991 0.00000000099999999991 0.00000000099999999991 0.00000000099999999991
48 48 (0) 3 : 0.00000000099999999989 0.00000000099999999989 0.00000000099999999989 0.00000000099999999989 0.00000000099999999989 0.99999999100000003249 0.00000000099999999989 0.00000000099999999989 0.00000000099999999989 0.00000000099999999989
49 49 (0) 3 : 0.00000000099999999991 0.00000000099999999991 0.00000000099999999991 0.00000000099999999991 0.99999999100000014352 0.00000000099999999991 0.00000000099999999991 0.00000000099999999991 0.00000000099999999991 0.00000000099999999991
50 50 (0) 3 : 0.42612574689260412919 0.00000000099999999999 0.00000000099999999999 0.00000000099999999999 0.13361963847022764740 0.00000000099999999999 0.19997757754221542892 0.00000000099999999999 0.24027703109495268663 0.00000000099999999999
51 51 (0) 3 : 0.08011519089366625490 0.00000000099999999999 0.41882321742766759343 0.00000000099999999999 0.22529926904309760527 0.14262258312809716898 0.13313973450747146332 0.00000000099999999999 0.00000000099999999999 0.00000000099999999999
52 52 (0) 3 : 0.00000000099999999999 0.38807554881030575933 0.00000000099999999999 0.00000000099999999999 0.00000000099999999999 0.21738791921204098090 0.00000000099999999999 0.20753536953168175150 0.18700115644597148368 0.00000000099999999999
53 53 (0) 3 : 0.00000000099999999986 0.00000000099999999986 0.00000000099999999986 0.00000000099999999986 0.00000000099999999986 0.99999999100000014352 0.00000000099999999986 0.00000000099999999986 0.00000000099999999986 0.00000000099999999986
54 54 (0) 3 : 0.00000000099999999999 0.22817979362797144449 0.02926757204359082404 0.00000000099999999999 0.00000000099999999999 0.05425183728282599593 0.08064547597861330963 0.33489539749218610876 0.00000000099999999999 0.27275991957481227068
55 55 (0) 3 : 0.00000000099999999990 0.00000000099999999990 0.00000000099999999990 0.00000000099999999990 0.00000000099999999990 0.00000000099999999990 0.99999999100000003249 0.00000000099999999990 0.00000000099999999990 0.00000000099999999990
56 56 (0) 3 : 0.00000000099999999993 0.99999999100000025454 0.00000000099999999993 0.00000000099999999993 0.00000000099999999993 0.00000000099999999993 0.00000000099999999993 0.00000000099999999993 0.00000000099999999993 0.00000000099999999993
57 57 (0) 3 : 0.00000000099999999999 0.16958693999809287822 0.21600858053506641343 0.00000000099999999999 0.39967315582277002095 0.00000000099999999999 0.00000000099999999999 0.00002605637399122714 0.00000000099999999999 0.21470526227007941111
58 58 (0) 3 : 0.00000000099999999981 0.00000000099999999981 0.00000000099999999981 0.00000000099999999981 0.00000000099999999981 0.00000000099999999981 0.00000000099999999981 0.00000000099999999981 0.99999999100000003249 0.00000000099999999981
59 59 (0) 3 : 0.00000000099999999991 0.00000000099999999991 0.00000000099999999991 0.00000000099999999991 0.00000000099999999991 0.99999999100000003249 0.00000000099999999991 0.00000000099999999991 0.00000000099999999991 0.00000000099999999991
60 60 (0) 4 : 0.00000000099999999996 0.00000000099999999996 0.00000000099999999996 0.35791490231068712191 0.64208508968931288230 0.00000000099999999996 0.00000000099999999996 0.00000000099999999996 0.00000000099999999996 0.00000000099999999996
61 61 (0) 4 : 0.00000000099999999990 0.00000000099999999990 0.00000000099999999990 0.00000000099999999990 0.00000000099999999990 0.00000000099999999990 0.00000000099999999990 0.99999999099999992147 0.00000000099999999990 0.00000000099999999990
62 62 (0) 4 : 0.00000000099999999988 0.00000000099999999988 0.00000000099999999988 0.00000000099999999988 0.99999999100000014352 0.00000000099999999988 0.00000000099999999988 0.00000000099999999988 0.00000000099999999988 0.00000000099999999988
63 63 (0) 4 : 0.16131386115353249511 0.26752159618609511194 0.00000000099999999999 0.22192600828872277585 0.11206813564916365267 0.05888319479275504892 0.17828719992973096620 0.00000000099999999999 0.00000000099999999999 0.00000000099999999999
64 64 (0) 4 : 0.00000000099999999999 0.15022216976474037087 0.16865125995648058699 0.00584232794452763885 0.02851686307826537675 0.21004061968215023692 0.00000000099999999999 0.13047079408888548335 0.10365556582597086621 0.20260039765897952524
65 65 (0) 4 : 0.00000000099999999999 0.00000000099999999999 0.05561412947094283854 0.08812598510853746070 0.00000000099999999999 0.00000000099999999999 0.19846764250613760372 0.27399704247622591602 0.38315027712095545143 0.00064491931720074796
66 66 (0) 4 : 0.00000000099999999988 0.00000000099999999988 0.00000000099999999988 0.00000000099999999988 0.00000000099999999988 0.00000000099999999988 0.99999999100000003249 0.00000000099999999988 0.00000000099999999988 0.00000000099999999988
67 67 (0) 4 : 0.00000000099999999999 0.00000000099999999999 0.21339280558109913200 0.00000000099999999999 0.00056342653668414516 0.31076268936005146948 0.00000000099999999999 0.12982858118521647950 0.34545249233694891311 0.00000000099999999999
68 68 (0) 4 : 0.00000000099999999996 0.00000000099999999996 0.00000000099999999996 0.00000000099999999996 0.00000000099999999996 0.00000000099999999996 0.38993779079272106181 0.00000000099999999996 0.61006220120727894241 0.00000000099999999996
69 69 (0) 4 : 0.00000000099999999989 0.00000000099999999989 0.00000000099999999989 0.00000000099999999989 0.99999999100000003249 0.00000000099999999989 0.00000000099999999989 0.00000000099999999989 0.00000000099999999989 0.00000000099999999989
70 70 (0) 4 : 0.53927839791065335096 0.00000000099999999998 0.00000000099999999998 0.00000000099999999998 0.00000000099999999998 0.00000000099999999998 0.00000000099999999998 0.46072159408934681979 0.00000000099999999998 0.00000000099999999998
71 71 (0) 1 : 0.00000000099999999984 0.00000000099999999984 0.99999999100000014352 0.00000000099999999984 0.00000000099999999984 0.00000000099999999984 0.00000000099999999984 0.00000000099999999984 0.00000000099999999984 0.00000000099999999984
72 72 (0) 1 : 0.23082366556023151127 0.19092091431673757773 0.00000000099999999998 0.31310325979157282994 0.00000000099999999998 0.00000000099999999998 0.00000000099999999998 0.00000000099999999998 0.00000000099999999998 0.26515215433145811197
73 73 (0) 1 : 0.00000000099999999989 0.00000000099999999989 0.00000000099999999989 0.00000000099999999989 0.99999999100000014352 0.00000000099999999989 0.00000000099999999989 0.00000000099999999989 0.00000000099999999989 0.00000000099999999989
74 74 (0) 1 : 0.10982389912581527747 0.28219864312512737969 0.00000000099999999999 0.13705528599009139668 0.00000000099999999999 0.00000000099999999999 0.14562380829892432321 0.12918033371019918554 0.19610256864897321338 0.00001545810086933534
75 75 (0) 1 : 0.00000001444487976837 0.06201066476896201218 0.17413047860176827930 0.15446640246369383598 0.13322550752919884443 0.08169684302602821246 0.00035251795000872143 0.22464065854783699105 0.14650164402399709629 0.02297526864362640225
76 76 (0) 1 : 0.00000000099999999989 0.00000000099999999989 0.00000000099999999989 0.00000000099999999989 0.00000000099999999989 0.00000000099999999989 0.00000000099999999989 0.99999999099999992147 0.00000000099999999989 0.00000000099999999989
77 77 (0) 1 : 0.00000000099999999991 0.00000000099999999991 0.00000000099999999991 0.00000000099999999991 0.00000000099999999991 0.00000000099999999991 0.00000000099999999991 0.00000000099999999991 0.00000000099999999991 0.99999999100000003249
78 78 (0) 1 : 0.38145271060917257389 0.18283683327284586118 0.00000000099999999998 0.00000000099999999998 0.00000000099999999998 0.00000000099999999998 0.00000000099999999998 0.00000000099999999998 0.43571044911798167965 0.00000000099999999998
79 79 (0) 1 : 0.11746499063851427447 0.00000000099999999999 0.15717091093245466604 0.04747974833705648906 0.00000056077981790410 0.24938988689682822786 0.16022083031333234082 0.00000000099999999999 0.26827306910199605339 0.00000000099999999999
80 80 (0) 1 : 0.09948750792910493468 0.19868561402156720286 0.27438610665163443159 0.13302135862474120942 0.00000000099999999999 0.26543033842303559444 0.00000000099999999999 0.02898907034991669851 0.00000000099999999999 0.00000000099999999999
81 81 (0) 1 : 0.99999999100000014352 0.00000000099999999991 0.00000000099999999991 0.00000000099999999991 0.00000000099999999991 0.00000000099999999991 0.00000000099999999991 0.00000000099999999991 0.00000000099999999991 0.00000000099999999991
82 82 (0) 1 : 0.00000000099999999991 0.99999999100000014352 0.00000000099999999991 0.00000000099999999991 0.00000000099999999991 0.00000000099999999991 0.00000000099999999991 0.00000000099999999991 0.00000000099999999991 0.00000000099999999991
83 83 (0) 1 : 0.00000000099999999999 0.00000000099999999999 0.11900130070431186313 0.36293116637854988538 0.00000000099999999999 0.00000106229378837569 0.00000000099999999999 0.21399346783599176858 0.20811818548353314129 0.09595481330382495122
84 84 (0) 1 : 0.00000000099999999995 0.00000000099999999995 0.44625014183169997573 0.00000000099999999995 0.00000000099999999995 0.00000000099999999995 0.00000000099999999995 0.00000000099999999995 0.55374985016829991746 0.00000000099999999995
85 85 (0) 1 : 0.18954775193329503891 0.00025005914293550231 0.03102022123975059498 0.47059764078853577596 0.00000000099999999999 0.00000000099999999999 0.23372519086766441188 0.00000000099999999999 0.00000000099999999999 0.07485913202781870057
86 86 (0) 1 : 0.00000000099999999999 0.24217858991074267538 0.00000005285174959256 0.00000000099999999999 0.17184610622008508751 0.09837799550765979895 0.20696649434807259937 0.00000000099999999999 0.09747769853903437420 0.18315305962265582274
87 87 (0) 1 : 0.13765771881144994726 0.21354803063328758883 0.00000000099999999999 0.00000000099999999999 0.00000000099999999999 0.00000000099999999999 0.19584824667120734332 0.00000000099999999999 0.18556439191132254041 0.26738160697273238853
88 88 (0) 1 : 0.00000000099999999988 0.00000000099999999988 0.00000000099999999988 0.99999999100000003249 0.00000000099999999988 0.00000000099999999988 0.00000000099999999988 0.00000000099999999988 0.00000000099999999988 0.00000000099999999988
89 89 (0) 1 : 0.03800016666381123703 0.00000000100000000000 0.00000000100000000000 0.18877640738009013321 0.14008625586417056130 0.10858690542423438119 0.07811272506487014489 0.11918330838861121435 0.00000000100000000000 0.32725422821421229491
90 90 (0) 1 : 0.00000000099999999999 0.00000000099999999999 0.00000000099999999999 0.21286698794486308417 0.00000000099999999999 0.27254878979075369827 0.00000000099999999999 0.42351998390792522375 0.00000000099999999999 0.09106423235645810799
91 91 (0) 1 : 0.00000000099999999984 0.00000000099999999984 0.00000000099999999984 0.99999999100000014352 0.00000000099999999984 0.00000000099999999984 0.00000000099999999984 0.00000000099999999984 0.00000000099999999984 0.00000000099999999984
92 92 (0) 1 : 0.26359728259670806017 0.20754553460596500414 0.14092071281610099587 0.00000000099999999999 0.00000000099999999999 0.00000000099999999999 0.18679359168606746167 0.00000000099999999999 0.05319704547678139744 0.14794582881837711752
93 93 (0) 1 : 0.25332222732831616296 0.00000000099999999998 0.00000000099999999998 0.00000000099999999998 0.00000000099999999998 0.33689030758097021634 0.00000000099999999998 0.40978737725217601051 0.00000000099999999998 0.00000008183853760139
94 94 (0) 1 : 0.00000000099999999999 0.25427163444227257605 0.00000002484182180595 0.31735729497387743514 0.14266066885335179637 0.00000000099999999999 0.00000000099999999999 0.00000000099999999999 0.00000000099999999999 0.28571037188867648426
95 95 (0) 1 : 0.00000000099999999996 0.52363549046016766297 0.47636326106351994936 0.00000000099999999996 0.00000000099999999996 0.00000000099999999996 0.00000000099999999996 0.00000000099999999996 0.00000000099999999996 0.00000124147631254846
96 96 (0) 1 : 0.00000000099999999987 0.00000000099999999987 0.99999999100000003249 0.00000000099999999987 0.00000000099999999987 0.00000000099999999987 0.00000000099999999987 0.00000000099999999987 0.00000000099999999987 0.00000000099999999987
97 97 (0) 1 : 0.18390641528755813372 0.23236072225719472950 0.00000000099999999999 0.00000000099999999999 0.00000000099999999999 0.00000000205128879511 0.00000000099999999999 0.32212036687115602751 0.18414256103085957506 0.07746992850194270308
98 98 (0) 1 : 0.09876023803864414363 0.17033171921368703283 0.00000000099999999999 0.38097775607580447454 0.21973453972385467714 0.13019574194800978550 0.00000000099999999999 0.00000000099999999999 0.00000000099999999999 0.00000000099999999999
99 99 (0) 4 : 0.00000000099999999985 0.00000000099999999985 0.99999999100000003249 0.00000000099999999985 0.00000000099999999985 0.00000000099999999985 0.00000000099999999985 0.00000000099999999985 0.00000000099999999985 0.00000000099999999985
100 100 (0) 4 : 0.27546185359945968285 0.33296574793549860161 0.00000000099999999999 0.13198564066835935527 0.09578252237366766120 0.00000000099999999999 0.09000247293422919403 0.07380175848878557654 0.00000000099999999999 0.00000000099999999999
101 101 (0) 5 : 0.20522145892513485310 0.00000000099999999999 0.24180294856410761151 0.22926715613904227742 0.17947391148232352820 0.14422112192805885966 0.00000000099999999999 0.00001339896133304588 0.00000000099999999999 0.00000000099999999999
102 102 (0) 5 : 0.52333607003689930348 0.00000000099999999996 0.00000000099999999996 0.47666392196310086726 0.00000000099999999996 0.00000000099999999996 0.00000000099999999996 0.00000000099999999996 0.00000000099999999996 0.00000000099999999996
103 103 (0) 5 : 0.00000000099999999999 0.50196181390152749824 0.00000000099999999999 0.00000000099999999999 0.41287924651246454832 0.00000000099999999999 0.00000000099999999999 0.00000000099999999999 0.00000000099999999999 0.08515893258600810978
104 104 (0) 5 : 0.29045484307846336502 0.00000000099999999999 0.15675338582440792590 0.00000000099999999999 0.00000000099999999999 0.29522767995367216187 0.10092481121461346905 0.00000000099999999999 0.15663927492884291426 0.00000000099999999999
105 105 (0) 5 : 0.00000000099999999988 0.00000000099999999988 0.00000000099999999988 0.00000000099999999988 0.00000000099999999988 0.99999999100000014352 0.00000000099999999988 0.00000000099999999988 0.00000000099999999988 0.00000000099999999988
106 106 (0) 4 : 0.39898757150481101164 0.00000000099999999999 0.00000000193135582379 0.12047554073042823775 0.20533573845406011271 0.00000000099999999999 0.10179934862350664693 0.00000000099999999999 0.00000000099999999999 0.17340179475583811231
107 107 (0) 4 : 0.00000000099999999992 0.00000000099999999992 0.00000000099999999992 0.00000000099999999992 0.00000000099999999992 0.00000000099999999992 0.00000000099999999992 0.99999999100000003249 0.00000000099999999992 0.00000000099999999992
108 108 (0) 4 : 0.23917842989317314450 0.00000000099999999999 0.00000000099999999999 0.16912695839864744229 0.00000000099999999999 0.22043082276005926401 0.00000000099999999999 0.10218060637549510050 0.08727697965350408871 0.18180619891912092045
109 109 (0) 4 : 0.00000000099999999993 0.00000000099999999993 0.00000000099999999993 0.00000000099999999993 0.00000000099999999993 0.00000000099999999993 0.00000000099999999993 0.99999999099999992147 0.00000000099999999993 0.00000000099999999993
110 110 (0) 4 : 0.31604368873234084392 0.00000000193330298882 0.00000000099999999999 0.12803916494745240517 0.13991995761281905697 0.00000000099999999999 0.25254328609055298749 0.00968019860840744865 0.15377369907512411507 0.00000000099999999999
111 111 (0) 5 : 0.00000000099999999988 0.00000000099999999988 0.00000000099999999988 0.00000000099999999988 0.00000000099999999988 0.99999999100000003249 0.00000000099999999988 0.00000000099999999988 0.00000000099999999988 0.00000000099999999988
112 112 (0) 5 : 0.00000000099999999998 0.00000000099999999998 0.00000000099999999998 0.43405988116613797301 0.33259544313446265384 0.00000000099999999998 0.00000000099999999998 0.00000000099999999998 0.23334466869939932132 0.00000000099999999998
113 113 (0) 5 : 0.00000000099999999991 0.00000000099999999991 0.00000000099999999991 0.00000000099999999991 0.00000000099999999991 0.00000000099999999991 0.00000000099999999991 0.99999999100000003249 0.00000000099999999991 0.00000000099999999991
114 114 (0) 5 : 0.99999999100000014352 0.00000000099999999990 0.00000000099999999990 0.00000000099999999990 0.00000000099999999990 0.00000000099999999990 0.00000000099999999990 0.00000000099999999990 0.00000000099999999990 0.00000000099999999990
115 115 (0) 5 : 0.00000000099999999996 0.00000000099999999996 0.00000000099999999996 0.00000000099999999996 0.00000000099999999996 0.00000000099999999996 0.00000000099999999996 0.00000000099999999996 0.55440153071033249077 0.44559846128966762446
116 116 (0) 5 : 0.22259028344920048226 0.00000000099999999999 0.31471056413797116047 0.00000000099999999999 0.00000000099999999999 0.00000000102591068742 0.00000000099999999999 0.32728693717351947656 0.00000000099999999999 0.13541220921339841565
117 117 (0) 4 : 0.00000000099999999996 0.64214109613523884246 0.00000000099999999996 0.00000000099999999996 0.00000000099999999996 0.00000000099999999996 0.00000000099999999996 0.35785889586476138380 0.00000000099999999996 0.00000000099999999996
118 118 (0) 4 : 0.00000000099999999997 0.00000000099999999997 0.00000000099999999997 0.00000000099999999997 0.00000000099999999997 0.00000000099999999997 0.00000000099999999997 0.50642225859488831929 0.00000000099999999997 0.49357773340511168492
119 119 (0) 4 : 0.00000000099999999991 0.99999999100000014352 0.00000000099999999991 0.00000000099999999991 0.00000000099999999991 0.00000000099999999991 0.00000000099999999991 0.00000000099999999991 0.00000000099999999991 0.00000000099999999991
120 120 (0) 4 : 0.23454727503037275937 0.10708680245449551938 0.12468979282248221496 0.00000000100000000000 0.32412136332787055970 0.00000000100000000000 0.17916572069433284176 0.00728696031497384593 0.00010541441480492797 0.02299666894066722256
121 121 (0) 4 : 0.26583061227118953695 0.00000000099999999998 0.00000000099999999998 0.17270094498146751349 0.25530161531436301736 0.06788469030870374066 0.23828213212427620804 0.00000000099999999998 0.00000000099999999998 0.00000000099999999998
122 122 (0) 4 : 0.00000000099999999997 0.00000000099999999997 0.31691880061995431062 0.00000000099999999997 0.43316123206983336846 0.00000000099999999997 0.00000000099999999997 0.00000000099999999997 0.00000000099999999997 0.24991996031021240787
123 123 (0) 4 : 0.00000000099999999992 0.00000000099999999992 0.00000000099999999992 0.00000000099999999992 0.00000000099999999992 0.00000000099999999992 0.00000000099999999992 0.00000000099999999992 0.00000000099999999992 0.99999999099999992147
124 124 (0) 4 : 0.01444958878845996678 0.25477315890008156440 0.16236576774261848866 0.00000000099999999999 0.21717751773175503205 0.00000000099999999999 0.00019847812957398005 0.31104265112992268705 0.03999283457758828764 0.00000000099999999999
125 125 (0) 5 : 0.00000000099999999991 0.99999999100000014352 0.00000000099999999991 0.00000000099999999991 0.00000000099999999991 0.00000000099999999991 0.00000000099999999991 0.00000000099999999991 0.00000000099999999991 0.00000000099999999991
126 126 (0) 5 : 0.15893158320397671179 0.00000000099999999999 0.00000000099999999999 0.10209996809187783795 0.00000000099999999999 0.20051049888991318015 0.24240349860595786224 0.07872744661498759511 0.00000000099999999999 0.21732700059328682873
127 127 (0) 5 : 0.25428010343743606692 0.00000000099999999997 0.00000000099999999997 0.28090916010745681231 0.00000000099999999997 0.00000000099999999997 0.00000000099999999997 0.20024055965792267320 0.26457017079718436747 0.00000000099999999997
128 128 (0) 5 : 0.06019113607102322128 0.00000000100000000000 0.12626285923392460697 0.05905120767326244718 0.00000000100000000000 0.08186657094462425344 0.18098797434670782502 0.12573943059922906840 0.12041462313516898552 0.24548619599605980834
129 129 (0) 5 : 0.00000000099999999989 0.00000000099999999989 0.00000000099999999989 0.00000000099999999989 0.00000000099999999989 0.00000000099999999989 0.99999999099999992147 0.00000000099999999989 0.00000000099999999989 0.00000000099999999989
130 130 (0) 5 : 0.04084507266287754762 0.00000118264865323834 0.10742893354659023564 0.00000000100000000000 0.00000000100000000000 0.00000000100000000000 0.09364872196217997879 0.37101374186896912688 0.04685058103876561797 0.34021176327196439582
131 131 (0) 5 : 0.00000000099999999989 0.00000000099999999989 0.00000000099999999989 0.00000000099999999989 0.00000000099999999989 0.00000000099999999989 0.99999999099999992147 0.00000000099999999989 0.00000000099999999989 0.00000000099999999989
132 132 (0) 5 : 0.00000000099999999998 0.00000000099999999998 0.12436492652075442633 0.26143296927287468234 0.00000000099999999998 0.27154715481048036230 0.00349388397849264383 0.00000000099999999998 0.33916106041739774168 0.00000000099999999998
133 133 (0) 5 : 0.23986077146009260330 0.15969587822244885045 0.00000000100000000000 0.00000000100000000000 0.20924315477679286679 0.00000000100000000000 0.00000000100000000000 0.26930828005863088892 0.00329639198829784685 0.11859551949373704771
134 134 (0) 5 : 0.00000000099999999998 0.00000000099999999998 0.00000023181032949759 0.00000000099999999998 0.00000000099999999998 0.41091513982863092647 0.00000000099999999998 0.00000000099999999998 0.00000000099999999998 0.58908462136103945106
135 135 (0) 5 : 0.99999999100000025454 0.00000000099999999989 0.00000000099999999989 0.00000000099999999989 0.00000000099999999989 0.00000000099999999989 0.00000000099999999989 0.00000000099999999989 0.00000000099999999989 0.00000000099999999989
136 136 (0) 5 : 0.36568732588484492707 0.00000000099999999999 0.00000000099999999999 0.07478068992650570290 0.00000000099999999999 0.23000336360631151722 0.00000000099999999999 0.00000000459273447376 0.16658260886253950517 0.16294600312706380985
137 137 (0) 5 : 0.00000002301528396269 0.31386634027381449252 0.00000000099999999999 0.00000000099999999999 0.00000000099999999999 0.25643770422106942908 0.24696449843999415674 0.01717272519574605805 0.16555870485409177051 0.00000000099999999999
138 138 (0) 5 : 0.15335014949610664692 0.17118595759538224321 0.22955554174496980990 0.10869210439434656701 0.00000000100000000000 0.03967648676055757911 0.15456936861779740910 0.00000000100000000000 0.12659336550997010717 0.01637702388086974270
139 139 (0) 5 : 0.99999999100000025454 0.00000000099999999992 0.00000000099999999992 0.00000000099999999992 0.00000000099999999992 0.00000000099999999992 0.00000000099999999992 0.00000000099999999992 0.00000000099999999992 0.00000000099999999992
140 140 (0) 5 : 0.00000000099999999985 0.00000000099999999985 0.00000000099999999985 0.00000000099999999985 0.00000000099999999985 0.00000000099999999985 0.00000000099999999985 0.00000000099999999985 0.99999999099999992147 0.00000000099999999985
141 141 (0) 5 : 0.00000000099999999989 0.99999999100000014352 0.00000000099999999989 0.00000000099999999989 0.00000000099999999989 0.00000000099999999989 0.00000000099999999989 0.00000000099999999989 0.00000000099999999989 0.00000000099999999989
142 142 (0) 5 : 0.00000000099999999989 0.00000000099999999989 0.00000000099999999989 0.00000000099999999989 0.00000000099999999989 0.00000000099999999989 0.00000000099999999989 0.00000000099999999989 0.00000000099999999989 0.99999999100000003249
143 143 (0) 5 : 0.18820090901512820381 0.00000000099999999999 0.00000000099999999999 0.10649231697774676209 0.00000000099999999999 0.00000000099999999999 0.13063802851056555143 0.33920494371418113966 0.18333772351911978293 0.05212607426325861770
144 144 (0) 6 : 0.30263603187882381906 0.00000000099999999999 0.17967708930127285205 0.00000000099999999999 0.00000000099999999999 0.18356133280489378423 0.00000000099999999999 0.00000000099999999999 0.02255034729516413455 0.31157519371984548906
145 145 (0) 6 : 0.00000000099999999983 0.00000000099999999983 0.00000000099999999983 0.00000000099999999983 0.00000000099999999983 0.00000000099999999983 0.00000000099999999983 0.00000000099999999983 0.99999999099999992147 0.00000000099999999983
146 146 (0) 6 : 0.00000000100000000000 0.00000223435440697051 0.08952309145705990290 0.12019597138087689814 0.20216480629106187150 0.32553762601253694031 0.07110289028758202956 0.00000000100000000000 0.19147337721647519904 0.00000000100000000000
147 147 (0) 6 : 0.00000000099999999998 0.00000000099999999998 0.00000000099999999998 0.00000000099999999998 0.00000000099999999998 0.52886325155167634993 0.00000000099999999998 0.00000000099999999998 0.29335911145526866184 0.17777762999305513070
148 148 (0) 6 : 0.14632949316347626523 0.00022487783208568590 0.00000000099999999999 0.00000000099999999999 0.26385270956531609032 0.19310766553510450017 0.39648524890401742882 0.00000000099999999999 0.00000000099999999999 0.00000000099999999999
149 149 (0) 6 : 0.00000000099999999999 0.30100358065129084739 0.20207985910978809585 0.00000000099999999999 0.20232700057879127176 0.10567169216216977523 0.00000000099999999999 0.00000000099999999999 0.18891786249796005404 0.00000000099999999999
150 150 (0) 6 : 0.42907432482468899071 0.00000000099999999998 0.00000000099999999998 0.00000000099999999998 0.00000000099999999998 0.00000000099999999998 0.27584099085804170137 0.00000000099999999998 0.00000000099999999998 0.29508467731726922834
151 151 (0) 6 : 0.00000000099999999999 0.00000000099999999999 0.00000000099999999999 0.11185772007014413432 0.00000001647108408568 0.13434283683407144405 0.34388842670730573881 0.21889553055264596160 0.00000000099999999999 0.19101546536474856008
152 152 (0) 6 : 0.07536105777128100647 0.24601555109436307189 0.08276470736955482410 0.07094533028270032238 0.32315304323748461623 0.00000000099999999999 0.00000152795578970250 0.20175877928882662848 0.00000000099999999999 0.00000000099999999999
153 153 (0) 6 : 0.00000000099999999991 0.00000000099999999991 0.00000000099999999991 0.00000000099999999991 0.00000000099999999991 0.00000000099999999991 0.99999999100000003249 0.00000000099999999991 0.00000000099999999991 0.00000000099999999991
154 154 (0) 6 : 0.00924201764938722622 0.22719411894287488973 0.00000000099999999999 0.06935575094062165769 0.26259197876372686320 0.00000000099999999999 0.11692841342589986586 0.31465496722184033151 0.00003275005564914562 0.00000000099999999999
155 155 (0) 6 : 0.99999999100000014352 0.00000000099999999991 0.00000000099999999991 0.00000000099999999991 0.00000000099999999991 0.00000000099999999991 0.00000000099999999991 0.00000000099999999991 0.00000000099999999991 0.00000000099999999991
156 156 (0) 6 : 0.33529244130891749931 0.00000001445481137262 0.00000000099999999999 0.00000000099999999999 0.00000000099999999999 0.00000000099999999999 0.45980400574650398537 0.00000000099999999999 0.00000000099999999999 0.20490353248976705958
157 157 (0) 6 : 0.00000000099999999999 0.00000000099999999999 0.44154093566229074552 0.00000000099999999999 0.00000000793899012175 0.29737879824281326924 0.26108023636290178526 0.00000001679300407343 0.00000000099999999999 0.00000000099999999999
158 158 (0) 6 : 0.27935772868743780073 0.00000000099999999998 0.00000000099999999998 0.08315985398907292658 0.00000000099999999998 0.47765762131465561158 0.00000000099999999998 0.00000000099999999998 0.00000000099999999998 0.15982479000883359488
159 159 (0) 6 : 0.00000000100000000000 0.00000000100000000000 0.28097523301286531083 0.00000000100000000000 0.11830913911685984885 0.25954832622224005556 0.00000061140493914244 0.32502518356512893893 0.01614150267796671603 0.00000000100000000000
160 160 (0) 6 : 0.00000000099999999998 0.00000000099999999998 0.27875666551358846412 0.32451380078056907275 0.00000000099999999998 0.00000000099999999998 0.30320379140453934674 0.09352573630130331384 0.00000000099999999998 0.00000000099999999998
161 161 (0) 6 : 0.99999999100000025454 0.00000000099999999994 0.00000000099999999994 0.00000000099999999994 0.00000000099999999994 0.00000000099999999994 0.00000000099999999994 0.00000000099999999994 0.00000000099999999994 0.00000000099999999994
162 162 (0) 6 : 0.45765072932045958165 0.00000000099999999997 0.00000000099999999997 0.00000000099999999997 0.00000000099999999997 0.00000000099999999997 0.00000000174178704536 0.54234926193775323533 0.00000000099999999997 0.00000000099999999997
163 163 (0) 6 : 0.00000000099999999991 0.00000000099999999991 0.00000000099999999991 0.00000000099999999991 0.00000000099999999991 0.00000000099999999991 0.00000000099999999991 0.00000000099999999991 0.00000000099999999991 0.99999999100000003249
164 164 (0) 6 : 0.41477981584252016090 0.08437293093777784025 0.07597091680136174030 0.00000000099999999999 0.00000000099999999999 0.18808136425082869203 0.23679496716751172181 0.00000000099999999999 0.00000000099999999999 0.00000000099999999999
165 165 (0) 6 : 0.17360621461774369823 0.18995037875220158186 0.07047712789957977231 0.38911781353486729618 0.09373999838613626678 0.00000000100000000000 0.08231330905753522775 0.00079515160298549022 0.00000000100000000000 0.00000000414895079823
166 166 (0) 6 : 0.00000000099999999991 0.00000000099999999991 0.99999999100000014352 0.00000000099999999991 0.00000000099999999991 0.00000000099999999991 0.00000000099999999991 0.00000000099999999991 0.00000000099999999991 0.00000000099999999991
167 167 (0) 6 : 0.05446138835081508478 0.04955548802127940355 0.00000000100000000000 0.14164568529675924946 0.00000000100000000000 0.21506709712349039720 0.00005782042427699226 0.31604144982819509790 0.00001958641865609258 0.22315148253652775101
168 168 (0) 6 : 0.00000000099999999997 0.00000000099999999997 0.34596841259708066563 0.00000000099999999997 0.65401839418027230000 0.00000000099999999997 0.00001318622264717221 0.00000000099999999997 0.00000000099999999997 0.00000000099999999997
169 169 (0) 6 : 0.17085393153583736114 0.00000000099999999999 0.25992000008514126730 0.00000012647944387017 0.00000000099999999999 0.00000806968852350626 0.00000000099999999999 0.00000042513838277245 0.42175791680797880545 0.14745952726469241378
170 170 (0) 6 : 0.00000000099999999997 0.00000000099999999997 0.45225239104538417223 0.00000000099999999997 0.00000000099999999997 0.00000000099999999997 0.00000000557770479828 0.00000000099999999997 0.00000000099999999997 0.54774759637691083913
171 171 (0) 6 : 0.12528237787738519260 0.03223419873958998511 0.00000000100000000000 0.21096603486006190731 0.05604772242876238791 0.13634041876131619553 0.00000000100000000000 0.30520954464371014003 0.13391953814402504652 0.00000016254514901099
172 172 (0) 4 : 0.00000000099999999989 0.00000000099999999989 0.00000000099999999989 0.00000000099999999989 0.00000000099999999989 0.00000000099999999989 0.00000000099999999989 0.00000000099999999989 0.00000000099999999989 0.99999999099999992147
173 173 (0) 4 : 0.00000000099999999987 0.00000000099999999987 0.99999999100000014352 0.00000000099999999987 0.00000000099999999987 0.00000000099999999987 0.00000000099999999987 0.00000000099999999987 0.00000000099999999987 0.00000000099999999987
174 174 (0) 7 : 0.00490092501594576162 0.21442157044213064343 0.04911156102611875796 0.00000000099999999999 0.09860365929197256740 0.15183833697690221620 0.34705379300238975437 0.09744052855511713129 0.03662962368942319219 0.00000000099999999999
175 175 (0) 7 : 0.00000000099999999986 0.00000000099999999986 0.00000000099999999986 0.99999999100000014352 0.00000000099999999986 0.00000000099999999986 0.00000000099999999986 0.00000000099999999986 0.00000000099999999986 0.00000000099999999986
176 176 (0) 7 : 0.00000002166697673182 0.00000000099999999999 0.00000000099999999999 0.00000000099999999999 0.48366757705372681597 0.00000000099999999999 0.00000000099999999999 0.51633239427929644716 0.00000000099999999999 0.00000000099999999999
177 177 (0) 7 : 0.00000000099999999999 0.32069077035290971533 0.11962417357325465239 0.00000069277206395410 0.00000000099999999999 0.12504920311832168345 0.18316137629442369450 0.00000000099999999999 0.25147377988902624990 0.00000000099999999999
178 178 (0) 7 : 0.20857728315705265087 0.23408007561439292399 0.00003090421617129319 0.16037320472952129591 0.22474520193947006286 0.00000000099999999999 0.00000000099999999999 0.17219332634339204469 0.00000000099999999999 0.00000000099999999999
179 179 (0) 7 : 0.00000000099999999997 0.48793757492884243243 0.00000000099999999997 0.00000000099999999997 0.51206241707115751627 0.00000000099999999997 0.00000000099999999997 0.00000000099999999997 0.00000000099999999997 0.00000000099999999997
180 180 (0) 7 : 0.00000000099999999996 0.00000000099999999996 0.00000000099999999996 0.00000000099999999996 0.42460190376672352075 0.57539808823327653897 0.00000000099999999996 0.00000000099999999996 0.00000000099999999996 0.00000000099999999996
181 181 (0) 7 : 0.39829923050403914786 0.00000000099999999998 0.20029774173606468279 0.00000000099999999998 0.00000000099999999998 0.02506168898159452652 0.00000000099999999998 0.00000000099999999998 0.08557737624694169987 0.29076395753136019540
182 182 (0) 7 : 0.00000000099999999999 0.17676685582142528941 0.21371986441613446961 0.07225260897148751138 0.00000000099999999999 0.00000000099999999999 0.12183767941921422318 0.19666896906166994596 0.21875293984163918237 0.00000107946842920980
183 183 (0) 7 : 0.50499471081485458601 0.00000000099999999998 0.00000000099999999998 0.00000000099999999998 0.00000000099999999998 0.00000000099999999998 0.00000000099999999998 0.00000000099999999998 0.49500528118514564024 0.00000000099999999998
184 184 (0) 7 : 0.00000000099999999999 0.00000000186286705734 0.00000000099999999999 0.08651124028937857979 0.31179179684281377316 0.09626965788481210706 0.00000000099999999999 0.32309487959814869873 0.00000000099999999999 0.18233241952197984381
185 185 (0) 7 : 0.00000040787731587679 0.13257829376676935618 0.00000000099999999999 0.27783591494455411874 0.00000000099999999999 0.34300645483271197111 0.20770185196173016062 0.03887707261691849409 0.00000000099999999999 0.00000000099999999999
186 186 (0) 7 : 0.12618261363102409311 0.00000000099999999999 0.15840746533278246555 0.00000000099999999999 0.41776152275967876060 0.00000000099999999999 0.06195010263342658197 0.23569829064308814304 0.00000000099999999999 0.00000000099999999999
187 187 (0) 7 : 0.43269967846249679511 0.00000000099999999998 0.00000000099999999998 0.56730031315101581146 0.00000000099999999998 0.00000000099999999998 0.00000000099999999998 0.00000000099999999998 0.00000000138648735596 0.00000000099999999998
188 188 (0) 7 : 0.34945853438159735216 0.00000000726447992140 0.00000000099999999999 0.00000000099999999999 0.08650179404999248922 0.00000000099999999999 0.43000985368548971799 0.13402980561844038410 0.00000000099999999999 0.00000000099999999999
189 189 (0) 7 : 0.00000000099999999999 0.00000000099999999999 0.17874942640946148154 0.00000000099999999999 0.26710728181921383761 0.22708936907794471938 0.00000000099999999999 0.32705391669337990912 0.00000000099999999999 0.00000000099999999999
190 190 (0) 7 : 0.00054833840884488080 0.00000000099999999999 0.14773587322292838775 0.00000000099999999999 0.28232464981187854747 0.00000000099999999999 0.15755265156065961785 0.00000000099999999999 0.00000000099999999999 0.41183848199568878767
191 191 (0) 7 : 0.16747648957724936558 0.00052205516690633825 0.21370094697006192241 0.00000000100000000000 0.00000029453187303264 0.00000000100000000000 0.04203881761056579153 0.00000000100000000000 0.44919007879643557679 0.12707131434690796534
192 192 (0) 7 : 0.00000000099999999991 0.00000000099999999991 0.00000000099999999991 0.00000000099999999991 0.99999999100000003249 0.00000000099999999991 0.00000000099999999991 0.00000000099999999991 0.00000000099999999991 0.00000000099999999991
193 193 (0) 7 : 0.00000000099999999998 0.31340055214610984535 0.00000001921829075624 0.21442712394556273647 0.00000000099999999998 0.00000000099999999998 0.00000000099999999998 0.47217229869003679577 0.00000000099999999998 0.00000000099999999998
194 194 (0) 7 : 0.00000000099999999988 0.00000000099999999988 0.00000000099999999988 0.99999999100000003249 0.00000000099999999988 0.00000000099999999988 0.00000000099999999988 0.00000000099999999988 0.00000000099999999988 0.00000000099999999988
195 195 (0) 7 : 0.12982353769466303817 0.20063688385436739825 0.00000000099999999999 0.12498123584690590260 0.06135336987215472826 0.00000000099999999999 0.10888672991666854817 0.31725279887928181655 0.05706544093595843081 0.00000000099999999999
196 196 (0) 7 : 0.00000000099999999998 0.00000000099999999998 0.12009968795169437272 0.13427678322402317179 0.44121394055426987890 0.00000000099999999998 0.00000000099999999998 0.30440958227001269076 0.00000000099999999998 0.00000000099999999998
197 197 (0) 7 : 0.00000000099999999999 0.00000000099999999999 0.00000000099999999999 0.17602418431347741090 0.06092374435425324669 0.32003623484739551763 0.00000000099999999999 0.16229234871620340508 0.28072348276867037375 0.00000000099999999999
198 198 (0) 7 : 0.58779774991777788973 0.41220224208222239204 0.00000000099999999998 0.00000000099999999998 0.00000000099999999998 0.00000000099999999998 0.00000000099999999998 0.00000000099999999998 0.00000000099999999998 0.00000000099999999998
199 199 (0) 7 : 0.16258903172707100948 0.05917462961183345832 0.25432565594465139647 0.04510120015210161704 0.00000000099999999999 0.00000000099999999999 0.16018800263013457941 0.00000000099999999999 0.06299793249295738973 0.25562354444125062747
200 200 (0) 7 : 0.00000000099999999994 0.00000000099999999994 0.00000000099999999994 0.00000000099999999994 0.00000000099999999994 0.00000000099999999994 0.00000000099999999994 0.99999999100000003249 0.00000000099999999994 0.00000000099999999994
201 201 (0) 7 : 0.00000000099999999990 0.00000000099999999990 0.00000000099999999990 0.00000000099999999990 0.00000000099999999990 0.00000000099999999990 0.99999999099999992147 0.00000000099999999990 0.00000000099999999990 0.00000000099999999990
202 202 (0) 7 : 0.00000000099999999998 0.49086001642804866218 0.00000000099999999998 0.00000000099999999998 0.00000000099999999998 0.00000000099999999998 0.00000000099999999998 0.50913997557195111998 0.00000000099999999998 0.00000000099999999998
203 203 (0) 7 : 0.00000000099999999999 0.00000516862225866090 0.40700967959700384835 0.33416993172533016043 0.00000000099999999999 0.00000000099999999999 0.00000000099999999999 0.00000000099999999999 0.25881521405540747205 0.00000000099999999999
