1 1 (0) 1 : 0.30806003405737397705 0.69193996594262596744
2 2 (0) 1 : 0.61451755286928944066 0.38548244713071061485
3 3 (0) 2 : 0.31241321189060555774 0.68758678810939433124
4 4 (0) 2 : 0.00000000100000000000 0.99999999900000002828
5 5 (0) 2 : 0.29249643563170590888 0.70750356436829409112
6 6 (0) 2 : 0.46644205341723793401 0.53355794658276201048
7 7 (0) 2 : 0.59917100992295646567 0.40082899007704358985
8 8 (0) 2 : 0.52719141599739305359 0.47280858400260694641
9 9 (0) 2 : 0.76467031713895805556 0.23532968286104197220
10 10 (0) 2 : 0.67387576758253797671 0.32612423241746207880
11 11 (0) 2 : 0.49007141037990276100 0.50992858962009712798
12 12 (0) 2 : 0.26846739909108136013 0.73153260090891858436
13 13 (0) 2 : 0.43204413588976631200 0.56795586411023357698
14 14 (0) 2 : 0.44127458602077035410 0.55872541397922970141
15 15 (0) 2 : 0.49544748002193733649 0.50455251997806260800
16 16 (0) 2 : 0.00000001890987170778 0.99999998109012822045
17 17 (0) 2 : 0.65444441117940799213 0.34555558882059206338
18 18 (0) 2 : 0.46941397528338912881 0.53058602471661087119
19 19 (0) 2 : 0.67124174386097545941 0.32875825613902454059
20 20 (0) 2 : 0.45857457034019855069 0.54142542965980144931
21 21 (0) 2 : 0.64750085300743576155 0.35249914699256418293
22 22 (0) 2 : 0.47347800365147008073 0.52652199634852991927
23 23 (0) 2 : 0.56351689543663097126 0.43648310456336913976
24 24 (0) 2 : 0.99999999900000002828 0.00000000100000000000
25 25 (0) 2 : 0.49307940810303968471 0.50692059189696037080
26 26 (0) 2 : 0.54367384709396682219 0.45632615290603328884
27 27 (0) 2 : 0.37173547741536350220 0.62826452258463638678
28 28 (0) 2 : 0.38381509064282043342 0.61618490935717962209
29 29 (0) 2 : 0.52560000159799069586 0.47439999840200924863
30 30 (0) 3 : 0.22652668666986444657 0.77347331333013558119
31 31 (0) 3 : 0.67173718168295448727 0.32826281831704540171
32 32 (0) 3 : 0.32215255392847785831 0.67784744607152214169
33 33 (0) 3 : 0.61941296631349684887 0.38058703368650309562
34 34 (0) 3 : 0.74540073536806206178 0.25459926463193804924
35 35 (0) 3 : 0.29727673302594070925 0.70272326697405929075
36 36 (0) 3 : 0.48627074753256360751 0.51372925246743639249
37 37 (0) 3 : 0.61865479972384729290 0.38134520027615276261
38 38 (0) 3 : 0.66979571570533247282 0.33020428429466752718
39 39 (0) 3 : 0.56664347049809926649 0.43335652950190073351
40 40 (0) 3 : 0.43261659752307030091 0.56738340247692975460
41 41 (0) 3 : 0.40875046291239852669 0.59124953708760141780
42 42 (0) 3 : 0.43082631634179474611 0.56917368365820530940
43 43 (0) 3 : 0.28797428886166887008 0.71202571113833112992
44 44 (0) 3 : 0.21319014401097663436 0.78680985598902331013
45 45 (0) 3 : 0.00000000100000000000 0.99999999900000002828
46 46 (0) 3 : 0.54645551339585607398 0.45354448660414403705
47 47 (0) 3 : 0.52600363541611006024 0.47399636458388993976
48 48 (0) 3 : 0.33575760292458467493 0.66424239707541532507
49 49 (0) 3 : 0.68405245422499771912 0.31594754577500228088
50 50 (0) 3 : 0.33800812757250336960 0.66199187242749668592
51 51 (0) 3 : 0.45854119257255188113 0.54145880742744811887
52 52 (0) 3 : 0.40050706104522199036 0.59949293895477806515
53 53 (0) 3 : 0.31246966168757339677 0.68753033831242660323
54 54 (0) 3 : 0.00000000100000000000 0.99999999900000002828
55 55 (0) 3 : 0.60155751452324901507 0.39844248547675092942
56 56 (0) 3 : 0.47065567178607564669 0.52934432821392440882
57 57 (0) 3 : 0.33583396160887024617 0.66416603839112964280
58 58 (0) 3 : 0.99999973877277648082 0.00000026122722357324
59 59 (0) 3 : 0.41478138877730630352 0.58521861122269358546
60 60 (0) 4 : 0.66465868583855991503 0.33534131416144008497
61 61 (0) 4 : 0.49241299491044321357 0.50758700508955678643
62 62 (0) 4 : 0.42954538922987434146 0.57045461077012571405
63 63 (0) 4 : 0.38650234152961143730 0.61349765847038850719
64 64 (0) 4 : 0.61048966871021925762 0.38951033128978074238
65 65 (0) 4 : 0.48887786555029222324 0.51112213444970788778
66 66 (0) 4 : 0.37106052511220283252 0.62893947488779700095
67 67 (0) 4 : 0.71749505314137285161 0.28250494685862720390
68 68 (0) 4 : 0.64892989512138521402 0.35107010487861489700
69 69 (0) 4 : 0.58231447251823487132 0.41768552748176518419
70 70 (0) 4 : 0.40493659425708328214 0.59506340574291671786
71 71 (0) 1 : 0.75335772964629987847 0.24664227035370012153
72 72 (0) 1 : 0.58644040588099288769 0.41355959411900716782
73 73 (0) 1 : 0.52254653552881979994 0.47745346447118020006
74 74 (0) 1 : 0.67416389083693517570 0.32583610916306482430
75 75 (0) 1 : 0.37236525148529642237 0.62763474851470357763
76 76 (0) 1 : 0.00000000100000000000 0.99999999900000002828
77 77 (0) 1 : 0.99999999900000002828 0.00000000100000000000
78 78 (0) 1 : 0.75731986522962824182 0.24268013477037181369
79 79 (0) 1 : 0.58199099937125031712 0.41800900062874968288
80 80 (0) 1 : 0.40671625786310894313 0.59328374213689116790
81 81 (0) 1 : 0.00000000100000000000 0.99999999900000002828
82 82 (0) 1 : 0.46570179985478382667 0.53429820014521611782
83 83 (0) 1 : 0.66803314389532464368 0.33196685610467530081
84 84 (0) 1 : 0.99774754974884127812 0.00225245025115874357
85 85 (0) 1 : 0.42719396049395969017 0.57280603950604036534
86 86 (0) 1 : 0.77718103116348935533 0.22281896883651053365
87 87 (0) 1 : 0.46302062504258545417 0.53697937495741454583
88 88 (0) 1 : 0.60653052275754548717 0.39346947724245451283
89 89 (0) 1 : 0.48170521872211807812 0.51829478127788197739
90 90 (0) 1 : 0.00000000100000000000 0.99999999900000002828
91 91 (0) 1 : 0.99999999900000002828 0.00000000100000000000
92 92 (0) 1 : 0.30068778955690472765 0.69931221044309521684
93 93 (0) 1 : 0.00000000100000000000 0.99999999900000002828
94 94 (0) 1 : 0.60832217676301569842 0.39167782323698424607
95 95 (0) 1 : 0.56672732073355591709 0.43327267926644419394
96 96 (0) 1 : 0.55429774090934369468 0.44570225909065630532
97 97 (0) 1 : 0.54436364734568865043 0.45563635265431129406
98 98 (0) 1 : 0.67790272116327177088 0.32209727883672822912
99 99 (0) 4 : 0.99999999900000002828 0.00000000100000000000
100 100 (0) 4 : 0.44468032459387168975 0.55531967540612825474
101 101 (0) 5 : 0.65579356539960231842 0.34420643460039757056
102 102 (0) 5 : 0.51811964546688660249 0.48188035453311345302
103 103 (0) 5 : 0.53328423605618424652 0.46671576394381580899
104 104 (0) 5 : 0.40538559468214940829 0.59461440531785070274
105 105 (0) 5 : 0.99999999900000002828 0.00000000100000000000
106 106 (0) 4 : 0.37091750035672504948 0.62908249964327500603
107 107 (0) 4 : 0.47449531549297180311 0.52550468450702825240
108 108 (0) 4 : 0.41855063771155981422 0.58144936228844024129
109 109 (0) 4 : 0.51480710552310327000 0.48519289447689673000
110 110 (0) 4 : 0.42993494565620493653 0.57006505434379506347
111 111 (0) 5 : 0.51671793605973848074 0.48328206394026151926
112 112 (0) 5 : 0.66267690888769748003 0.33732309111230257548
113 113 (0) 5 : 0.39766684424350390303 0.60233315575649615248
114 114 (0) 5 : 0.50222368841510811599 0.49777631158489188401
115 115 (0) 5 : 0.46732673298366372849 0.53267326701633621600
116 116 (0) 5 : 0.50380728003385277791 0.49619271996614727760
117 117 (0) 4 : 0.65989400568114264800 0.34010599431885740751
118 118 (0) 4 : 0.40573744723551363744 0.59426255276448636256
119 119 (0) 4 : 0.62051902542216730296 0.37948097457783264153
120 120 (0) 4 : 0.65207388105263408562 0.34792611894736585887
121 121 (0) 4 : 0.00000000100000000000 0.99999999900000002828
122 122 (0) 4 : 0.47860959398022634437 0.52139040601977371114
123 123 (0) 4 : 0.99999999900000002828 0.00000000100000000000
124 124 (0) 4 : 0.56975301071993988966 0.43024698928006016585
125 125 (0) 5 : 0.99999999900000002828 0.00000000100000000000
126 126 (0) 5 : 0.00000000100000000000 0.99999999900000002828
127 127 (0) 5 : 0.23633738232122936118 0.76366261767877063882
128 128 (0) 5 : 0.39390795811386025704 0.60609204188613974296
129 129 (0) 5 : 0.42648503890270045291 0.57351496109729949158
130 130 (0) 5 : 0.00000000100000000000 0.99999999900000002828
131 131 (0) 5 : 0.42955113624083984813 0.57044886375916015187
132 132 (0) 5 : 0.99999999900000002828 0.00000000100000000000
133 133 (0) 5 : 0.27257765748790208082 0.72742234251209803020
134 134 (0) 5 : 0.49086777554582489147 0.50913222445417505302
135 135 (0) 5 : 0.28333536864867103766 0.71666463135132896234
136 136 (0) 5 : 0.28667331184764893726 0.71332668815235100723
137 137 (0) 5 : 0.32763453551196791702 0.67236546448803213849
138 138 (0) 5 : 0.58947473806355343839 0.41052526193644650609
139 139 (0) 5 : 0.17234343817924752118 0.82765656182075242331
140 140 (0) 5 : 0.57006678318386372339 0.42993321681613638763
141 141 (0) 5 : 0.61566366162138730367 0.38433633837861264082
142 142 (0) 5 : 0.27883462880711101795 0.72116537119288892654
143 143 (0) 5 : 0.41485594588956481443 0.58514405411043513006
144 144 (0) 6 : 0.42554162952859880820 0.57445837047140124731
145 145 (0) 6 : 0.53608452974841203087 0.46391547025158796913
146 146 (0) 6 : 0.65629514110625364331 0.34370485889374635669
147 147 (0) 6 : 0.43105871921230604071 0.56894128078769401480
148 148 (0) 6 : 0.32992956287778801849 0.67007043712221192600
149 149 (0) 6 : 0.75359983270420027868 0.24640016729579958255
150 150 (0) 6 : 0.25991527926984459018 0.74008472073015552084
151 151 (0) 6 : 0.37395573553641964226 0.62604426446358041325
152 152 (0) 6 : 0.56176266770101845882 0.43823733229898148567
153 153 (0) 6 : 0.48339260052058424799 0.51660739947941580752
154 154 (0) 6 : 0.42769318105848636025 0.57230681894151369526
155 155 (0) 6 : 0.27929699489116532884 0.72070300510883467116
156 156 (0) 6 : 0.39620354252432693487 0.60379645747567300962
157 157 (0) 6 : 0.51596078693955760297 0.48403921306044250805
158 158 (0) 6 : 0.53095690647028315201 0.46904309352971684799
159 159 (0) 6 : 0.39849484684291991421 0.60150515315708008579
160 160 (0) 6 : 0.00000000100000000000 0.99999999900000002828
161 161 (0) 6 : 0.64967521420342266847 0.35032478579657744255
162 162 (0) 6 : 0.00000000100000000000 0.99999999900000002828
163 163 (0) 6 : 0.29481553402848548195 0.70518446597151451805
164 164 (0) 6 : 0.40276189724603078668 0.59723810275396926883
165 165 (0) 6 : 0.39734082530127196042 0.60265917469872809509
166 166 (0) 6 : 0.42636887101759296526 0.57363112898240709026
167 167 (0) 6 : 0.30426206022059770762 0.69573793977940234790
168 168 (0) 6 : 0.99999999900000002828 0.00000000100000000000
169 169 (0) 6 : 0.61071867019139858268 0.38928132980860147283
170 170 (0) 6 : 0.35421709640747045533 0.64578290359252954467
171 171 (0) 6 : 0.37822322263331892289 0.62177677736668102160
172 172 (0) 4 : 0.38808703038371672456 0.61191296961628327544
173 173 (0) 4 : 0.61373290807211122733 0.38626709192788882818
174 174 (0) 7 : 0.44472439104326116910 0.55527560895673888641
175 175 (0) 7 : 0.99999999900000002828 0.00000000100000000000
176 176 (0) 7 : 0.31696744113379982100 0.68303255886620029003
177 177 (0) 7 : 0.99999999900000002828 0.00000000100000000000
178 178 (0) 7 : 0.47757277293297845100 0.52242722706702160451
179 179 (0) 7 : 0.53244002378519428298 0.46755997621480571702
180 180 (0) 7 : 0.47473388101990099397 0.52526611898009911705
181 181 (0) 7 : 0.52254888652559927653 0.47745111347440072347
182 182 (0) 7 : 0.61420094020669013801 0.38579905979330986199
183 183 (0) 7 : 0.65624515103343028510 0.34375484896656965939
184 184 (0) 7 : 0.00000000100000000000 0.99999999900000002828
185 185 (0) 7 : 0.27043122991193868643 0.72956877008806142459
186 186 (0) 7 : 0.29656944464067380718 0.70343055535932619282
187 187 (0) 7 : 0.31968425585413884349 0.68031574414586104549
188 188 (0) 7 : 0.40301775315144017231 0.59698224684855982769
189 189 (0) 7 : 0.37464284729206959179 0.62535715270793046372
190 190 (0) 7 : 0.41371857610518586457 0.58628142389481407992
191 191 (0) 7 : 0.58347580331322024261 0.41652419668677986841
192 192 (0) 7 : 0.99999999900000002828 0.00000000100000000000
193 193 (0) 7 : 0.58051883227011635835 0.41948116772988369716
194 194 (0) 7 : 0.34485770560545903063 0.65514229439454108039
195 195 (0) 7 : 0.62633002230899259555 0.37366997769100740445
196 196 (0) 7 : 0.65634409660872994330 0.34365590339127005670
197 197 (0) 7 : 0.54567642329224508302 0.45432357670775486147
198 198 (0) 7 : 0.61675462036916683939 0.38324537963083316061
199 199 (0) 7 : 0.52721034521512077919 0.47278965478487927632
200 200 (0) 7 : 0.25061357018640278982 0.74938642981359715467
201 201 (0) 7 : 0.99999999900000002828 0.00000000100000000000
202 202 (0) 7 : 0.38350519840895658241 0.61649480159104341759
203 203 (0) 7 : 0.57675383675160196706 0.42324616324839814396
1 1 (0) 1 : 0.41183960954938003685 0.58816039045061996315
2 2 (0) 1 : 0.64425091404320544708 0.35574908595679444190
3 3 (0) 2 : 0.34994554505777197839 0.65005445494222813263
4 4 (0) 2 : 0.00000000100000000000 0.99999999900000002828
5 5 (0) 2 : 0.38681623183558461188 0.61318376816441533261
6 6 (0) 2 : 0.49482936455411979937 0.50517063544588025614
7 7 (0) 2 : 0.60196938534770283447 0.39803061465229711002
8 8 (0) 2 : 0.53389687646870398474 0.46610312353129612628
9 9 (0) 2 : 0.99999999900000002828 0.00000000100000000000
10 10 (0) 2 : 0.62954664743397847904 0.37045335256602152096
11 11 (0) 2 : 0.45385437149009383306 0.54614562850990622245
12 12 (0) 2 : 0.00000000661552631467 0.99999999338447365105
13 13 (0) 2 : 0.46072802689845843149 0.53927197310154162402
14 14 (0) 2 : 0.50673105917400040887 0.49326894082599953562
15 15 (0) 2 : 0.56142579179760798702 0.43857420820239195747
16 16 (0) 2 : 0.32907181943255575662 0.67092818056744418787
17 17 (0) 2 : 0.64367870027975582214 0.35632129972024417786
18 18 (0) 2 : 0.43547283750051896112 0.56452716249948109439
19 19 (0) 2 : 0.69592113273406164264 0.30407886726593830184
20 20 (0) 2 : 0.46123071176362412382 0.53876928823637593169
21 21 (0) 2 : 0.57304820266258882366 0.42695179733741123185
22 22 (0) 2 : 0.50500341292417194605 0.49499658707582799844
23 23 (0) 2 : 0.53925163313281954114 0.46074836686718045886
24 24 (0) 2 : 0.99999999900000002828 0.00000000100000000000
25 25 (0) 2 : 0.48679533747676406730 0.51320466252323593270
26 26 (0) 2 : 0.56760760916826735745 0.43239239083173269806
27 27 (0) 2 : 0.49061948960631979189 0.50938051039368026363
28 28 (0) 2 : 0.40899039662808406304 0.59100960337191599248
29 29 (0) 2 : 0.52079913603990457549 0.47920086396009548002
30 30 (0) 3 : 0.26955174483035576616 0.73044825516964417833
31 31 (0) 3 : 0.71993370352510732690 0.28006629647489267310
32 32 (0) 3 : 0.36099574719215116181 0.63900425280784889370
33 33 (0) 3 : 0.67604032848376349740 0.32395967151623655811
34 34 (0) 3 : 0.80266411886021726829 0.19733588113978281497
35 35 (0) 3 : 0.29273843956389927756 0.70726156043610077795
36 36 (0) 3 : 0.48797428208339144184 0.51202571791660866918
37 37 (0) 3 : 0.61057347478908507998 0.38942652521091492002
38 38 (0) 3 : 0.70127405530209063755 0.29872594469790936245
39 39 (0) 3 : 0.51949840112698875139 0.48050159887301130412
40 40 (0) 3 : 0.48908853853407469048 0.51091146146592536503
41 41 (0) 3 : 0.45033014965009104946 0.54966985034990900605
42 42 (0) 3 : 0.46344980731404628038 0.53655019268595371962
43 43 (0) 3 : 0.30673841217647779267 0.69326158782352220733
44 44 (0) 3 : 0.00000000100000000000 0.99999999900000002828
45 45 (0) 3 : 0.00000000100000000000 0.99999999900000002828
46 46 (0) 3 : 0.59060504798947421889 0.40939495201052578111
47 47 (0) 3 : 0.54364281395943969688 0.45635718604056041414
48 48 (0) 3 : 0.30589234710418067298 0.69410765289581943804
49 49 (0) 3 : 0.71747259788113904033 0.28252740211886095967
50 50 (0) 3 : 0.39054680834503158193 0.60945319165496836256
51 51 (0) 3 : 0.49500191860700276658 0.50499808139299717791
52 52 (0) 3 : 0.44155703666112394723 0.55844296333887599726
53 53 (0) 3 : 0.34719649322260803803 0.65280350677739196197
54 54 (0) 3 : 0.26366539681135614526 0.73633460318864385474
55 55 (0) 3 : 0.58770314752074837017 0.41229685247925162983
56 56 (0) 3 : 0.51376980054226584205 0.48623019945773410244
57 57 (0) 3 : 0.37919910459446920514 0.62080089540553073935
58 58 (0) 3 : 0.99999999765611835567 0.00000000234388174819
59 59 (0) 3 : 0.41666404340689727759 0.58333595659310277792
60 60 (0) 4 : 0.69791871516563974698 0.30208128483436019751
61 61 (0) 4 : 0.53714584292682632238 0.46285415707317373313
62 62 (0) 4 : 0.51651617304735542024 0.48348382695264446873
63 63 (0) 4 : 0.44229051936047980575 0.55770948063952008322
64 64 (0) 4 : 0.65808396001488345117 0.34191603998511643780
65 65 (0) 4 : 0.51703802903219775455 0.48296197096780230096
66 66 (0) 4 : 0.34057126419426114738 0.65942873580573890813
67 67 (0) 4 : 0.77154841583195477028 0.22845158416804522972
68 68 (0) 4 : 0.63697015572575377274 0.36302984427424617175
69 69 (0) 4 : 0.60594667007547675652 0.39405332992452335450
70 70 (0) 4 : 0.38799655900022850252 0.61200344099977144197
71 71 (0) 1 : 0.74098470290647566738 0.25901529709352427711
72 72 (0) 1 : 0.57395516860946649285 0.42604483139053356267
73 73 (0) 1 : 0.60157479587669682175 0.39842520412330328927
74 74 (0) 1 : 0.58926842442388249754 0.41073157557611755797
75 75 (0) 1 : 0.43478117635486185355 0.56521882364513820196
76 76 (0) 1 : 0.00000000100000000000 0.99999999900000002828
77 77 (0) 1 : 0.99999999900000002828 0.00000000100000000000
78 78 (0) 1 : 0.69561915966927057031 0.30438084033072931867
79 79 (0) 1 : 0.60638575558016094558 0.39361424441983905442
80 80 (0) 1 : 0.44693877057583764056 0.55306122942416247046
81 81 (0) 1 : 0.00000000100000000000 0.99999999900000002828
82 82 (0) 1 : 0.51458791098153588983 0.48541208901846416568
83 83 (0) 1 : 0.71813603341092457910 0.28186396658907547641
84 84 (0) 1 : 0.75071892937673967428 0.24928107062326040899
85 85 (0) 1 : 0.41922485533904829680 0.58077514466095181422
86 86 (0) 1 : 0.74816853385129511445 0.25183146614870483004
87 87 (0) 1 : 0.56855688196287390568 0.43144311803712614983
88 88 (0) 1 : 0.64219286539019682092 0.35780713460980323459
89 89 (0) 1 : 0.49606191096778723404 0.50393808903221282147
90 90 (0) 1 : 0.00000000100000000000 0.99999999900000002828
91 91 (0) 1 : 0.99999999900000002828 0.00000000100000000000
92 92 (0) 1 : 0.39776663538261608499 0.60223336461738397052
93 93 (0) 1 : 0.34274216746851904336 0.65725783253148084562
94 94 (0) 1 : 0.62213535181234513871 0.37786464818765480578
95 95 (0) 1 : 0.57485648463612148973 0.42514351536387845476
96 96 (0) 1 : 0.61348878175798049472 0.38651121824201956079
97 97 (0) 1 : 0.58636058741699226271 0.41363941258300768178
98 98 (0) 1 : 0.66449721894122149024 0.33550278105877850976
99 99 (0) 4 : 0.99999999900000002828 0.00000000100000000000
100 100 (0) 4 : 0.48567336400733446267 0.51432663599266548182
101 101 (0) 5 : 0.64008985013071850734 0.35991014986928149266
102 102 (0) 5 : 0.53006303382378816558 0.46993696617621194545
103 103 (0) 5 : 0.53145845217321374676 0.46854154782678614222
104 104 (0) 5 : 0.42907838221021871172 0.57092161778978134379
105 105 (0) 5 : 0.99999959598874266220 0.00000040401125738849
106 106 (0) 4 : 0.31644694490004060539 0.68355305509995922808
107 107 (0) 4 : 0.54833710328646023680 0.45166289671353981872
108 108 (0) 4 : 0.44039052644198484199 0.55960947355801504699
109 109 (0) 4 : 0.47103164323752971798 0.52896835676247033753
110 110 (0) 4 : 0.38877905621733327424 0.61122094378266667025
111 111 (0) 5 : 0.53625344988150780434 0.46374655011849214015
112 112 (0) 5 : 0.65695189317897573211 0.34304810682102437891
113 113 (0) 5 : 0.42278619364258629432 0.57721380635741370568
114 114 (0) 5 : 0.46280470844281590415 0.53719529155718404034
115 115 (0) 5 : 0.49530630858955121409 0.50469369141044884142
116 116 (0) 5 : 0.54382907869794638867 0.45617092130205350031
117 117 (0) 4 : 0.73356461709359965795 0.26643538290640039756
118 118 (0) 4 : 0.48319876438503234217 0.51680123561496760232
119 119 (0) 4 : 0.68305551405002407073 0.31694448594997592927
120 120 (0) 4 : 0.60325621490178948925 0.39674378509821051075
121 121 (0) 4 : 0.28953470857999280552 0.71046529142000724999
122 122 (0) 4 : 0.53721804481638157913 0.46278195518361842087
123 123 (0) 4 : 0.99999999900000002828 0.00000000100000000000
124 124 (0) 4 : 0.67935696765543629461 0.32064303234456370539
125 125 (0) 5 : 0.99999999900000002828 0.00000000100000000000
126 126 (0) 5 : 0.00000000100000000000 0.99999999900000002828
127 127 (0) 5 : 0.21544866481519597823 0.78455133518480402177
128 128 (0) 5 : 0.43327039391348887154 0.56672960608651112846
129 129 (0) 5 : 0.46131499029606032325 0.53868500970393962124
130 130 (0) 5 : 0.00000000100000000000 0.99999999900000002828
131 131 (0) 5 : 0.51321205409663672725 0.48678794590336332826
132 132 (0) 5 : 0.99999999900000002828 0.00000000100000000000
133 133 (0) 5 : 0.31765268260680629142 0.68234731739319376409
134 134 (0) 5 : 0.55999599577108805093 0.44000400422891206009
135 135 (0) 5 : 0.27302367274228200866 0.72697632725771788031
136 136 (0) 5 : 0.28914684112653010750 0.71085315887346989250
137 137 (0) 5 : 0.39295063101373123304 0.60704936898626882247
138 138 (0) 5 : 0.59323723228076730152 0.40676276771923275399
139 139 (0) 5 : 0.00000000100000000000 0.99999999900000002828
140 140 (0) 5 : 0.58574703123260896120 0.41425296876739103880
141 141 (0) 5 : 0.64021865706281633202 0.35978134293718366798
142 142 (0) 5 : 0.30975192067452333999 0.69024807932547660450
143 143 (0) 5 : 0.45894635131730471267 0.54105364868269534284
144 144 (0) 6 : 0.45426873451710997331 0.54573126548289008220
145 145 (0) 6 : 0.51910023081850487081 0.48089976918149512919
146 146 (0) 6 : 0.67235902285108750664 0.32764097714891249336
147 147 (0) 6 : 0.48665666862622081190 0.51334333137377929912
148 148 (0) 6 : 0.34117057248022464311 0.65882942751977546791
149 149 (0) 6 : 0.99966415234949423940 0.00033584765050574390
150 150 (0) 6 : 0.27978864561649868792 0.72021135438350136759
151 151 (0) 6 : 0.46930703712396371063 0.53069296287603640039
152 152 (0) 6 : 0.56774578177675727453 0.43225421822324278098
153 153 (0) 6 : 0.44622229164243609745 0.55377770835756390255
154 154 (0) 6 : 0.51085513275448779513 0.48914486724551226038
155 155 (0) 6 : 0.31500579844808751506 0.68499420155191259596
156 156 (0) 6 : 0.35795647680044945238 0.64204352319955060313
157 157 (0) 6 : 0.53572961949354014344 0.46427038050645996758
158 158 (0) 6 : 0.49947696421688236867 0.50052303578311763133
159 159 (0) 6 : 0.40722338548168163230 0.59277661451831831219
160 160 (0) 6 : 0.00000000100000000000 0.99999999900000002828
161 161 (0) 6 : 0.66876582375399296065 0.33123417624600692832
162 162 (0) 6 : 0.00000000100000000000 0.99999999900000002828
163 163 (0) 6 : 0.38205561461648857025 0.61794438538351148527
164 164 (0) 6 : 0.33911768476352111001 0.66088231523647900101
165 165 (0) 6 : 0.40641972888661281882 0.59358027111338729220
166 166 (0) 6 : 0.44651894290932614417 0.55348105709067385583
167 167 (0) 6 : 0.32744360658664611874 0.67255639341335393677
168 168 (0) 6 : 0.99999999900000002828 0.00000000100000000000
169 169 (0) 6 : 0.64893229193083556972 0.35106770806916443028
170 170 (0) 6 : 0.39440150699573628401 0.60559849300426371599
171 171 (0) 6 : 0.40495903407737360302 0.59504096592262645249
172 172 (0) 4 : 0.39220181163200662500 0.60779818836799337500
173 173 (0) 4 : 0.58268014606469364924 0.41731985393530635076
174 174 (0) 7 : 0.48181064393216738173 0.51818935606783267378
175 175 (0) 7 : 0.99999999900000002828 0.00000000100000000000
176 176 (0) 7 : 0.38520959244568159230 0.61479040755431835219
177 177 (0) 7 : 0.99999999900000002828 0.00000000100000000000
178 178 (0) 7 : 0.52701945081512524549 0.47298054918487475451
179 179 (0) 7 : 0.54964452198924362847 0.45035547801075642704
180 180 (0) 7 : 0.59225781009355138451 0.40774218990644855998
181 181 (0) 7 : 0.58099889425972928159 0.41900110574027077393
182 182 (0) 7 : 0.64622033151023672293 0.35377966848976338810
183 183 (0) 7 : 0.67933431037242497652 0.32066568962757507899
184 184 (0) 7 : 0.27945885878812659620 0.72054114121187340380
185 185 (0) 7 : 0.00000000100000000000 0.99999999900000002828
186 186 (0) 7 : 0.31289463085380048168 0.68710536914619946280
187 187 (0) 7 : 0.31443237601300705331 0.68556762398699289118
188 188 (0) 7 : 0.46699545577598550183 0.53300454422401455368
189 189 (0) 7 : 0.41780955163533461949 0.58219044836466538051
190 190 (0) 7 : 0.44048346437682267540 0.55951653562317738011
191 191 (0) 7 : 0.61937739400063052120 0.38062260599936947880
192 192 (0) 7 : 0.99999999900000002828 0.00000000100000000000
193 193 (0) 7 : 0.67929986791225982490 0.32070013208774023061
194 194 (0) 7 : 0.42777903615755480393 0.57222096384244525158
195 195 (0) 7 : 0.62972483757464303711 0.37027516242535701840
196 196 (0) 7 : 0.70857972806615743266 0.29142027193384245631
197 197 (0) 7 : 0.61775617791763870468 0.38224382208236129532
198 198 (0) 7 : 0.58625830095507003303 0.41374169904493002248
199 199 (0) 7 : 0.53290468858539641328 0.46709531141460364223
200 200 (0) 7 : 0.31129875847639987274 0.68870124152360012726
201 201 (0) 7 : 0.99999999900000002828 0.00000000100000000000
202 202 (0) 7 : 0.41281547023275749764 0.58718452976724244685
203 203 (0) 7 : 0.64728465578388805213 0.35271534421611200338
1 1 (0) 1 : 0.41183960954938003685 0.58816039045061996315
2 2 (0) 1 : 0.64425091404320544708 0.35574908595679444190
3 3 (0) 2 : 0.34994554505777197839 0.65005445494222813263
4 4 (0) 2 : 0.00000000100000000000 0.99999999900000002828
5 5 (0) 2 : 0.38681623183558461188 0.61318376816441533261
6 6 (0) 2 : 0.49482936455411979937 0.50517063544588025614
7 7 (0) 2 : 0.60196938534770283447 0.39803061465229711002
8 8 (0) 2 : 0.53389687646870398474 0.46610312353129612628
9 9 (0) 2 : 0.99999999900000002828 0.00000000100000000000
10 10 (0) 2 : 0.62954664743397847904 0.37045335256602152096
11 11 (0) 2 : 0.45385437149009383306 0.54614562850990622245
12 12 (0) 2 : 0.00000000661552631467 0.99999999338447365105
13 13 (0) 2 : 0.46072802689845843149 0.53927197310154162402
14 14 (0) 2 : 0.50673105917400040887 0.49326894082599953562
15 15 (0) 2 : 0.56142579179760798702 0.43857420820239195747
16 16 (0) 2 : 0.32907181943255575662 0.67092818056744418787
17 17 (0) 2 : 0.64367870027975582214 0.35632129972024417786
18 18 (0) 2 : 0.43547283750051896112 0.56452716249948109439
19 19 (0) 2 : 0.69592113273406164264 0.30407886726593830184
20 20 (0) 2 : 0.46123071176362412382 0.53876928823637593169
21 21 (0) 2 : 0.57304820266258882366 0.42695179733741123185
22 22 (0) 2 : 0.50500341292417194605 0.49499658707582799844
23 23 (0) 2 : 0.53925163313281954114 0.46074836686718045886
24 24 (0) 2 : 0.99999999900000002828 0.00000000100000000000
25 25 (0) 2 : 0.48679533747676406730 0.51320466252323593270
26 26 (0) 2 : 0.56760760916826735745 0.43239239083173269806
27 27 (0) 2 : 0.49061948960631979189 0.50938051039368026363
28 28 (0) 2 : 0.40899039662808406304 0.59100960337191599248
29 29 (0) 2 : 0.52079913603990457549 0.47920086396009548002
30 30 (0) 3 : 0.26955174483035576616 0.73044825516964417833
31 31 (0) 3 : 0.71993370352510732690 0.28006629647489267310
32 32 (0) 3 : 0.36099574719215116181 0.63900425280784889370
33 33 (0) 3 : 0.67604032848376349740 0.32395967151623655811
34 34 (0) 3 : 0.80266411886021726829 0.19733588113978281497
35 35 (0) 3 : 0.29273843956389927756 0.70726156043610077795
36 36 (0) 3 : 0.48797428208339144184 0.51202571791660866918
37 37 (0) 3 : 0.61057347478908507998 0.38942652521091492002
38 38 (0) 3 : 0.70127405530209063755 0.29872594469790936245
39 39 (0) 3 : 0.51949840112698875139 0.48050159887301130412
40 40 (0) 3 : 0.48908853853407469048 0.51091146146592536503
41 41 (0) 3 : 0.45033014965009104946 0.54966985034990900605
42 42 (0) 3 : 0.46344980731404628038 0.53655019268595371962
43 43 (0) 3 : 0.30673841217647779267 0.69326158782352220733
44 44 (0) 3 : 0.00000000100000000000 0.99999999900000002828
45 45 (0) 3 : 0.00000000100000000000 0.99999999900000002828
46 46 (0) 3 : 0.59060504798947421889 0.40939495201052578111
47 47 (0) 3 : 0.54364281395943969688 0.45635718604056041414
48 48 (0) 3 : 0.30589234710418067298 0.69410765289581943804
49 49 (0) 3 : 0.71747259788113904033 0.28252740211886095967
50 50 (0) 3 : 0.39054680834503158193 0.60945319165496836256
51 51 (0) 3 : 0.49500191860700276658 0.50499808139299717791
52 52 (0) 3 : 0.44155703666112394723 0.55844296333887599726
53 53 (0) 3 : 0.34719649322260803803 0.65280350677739196197
54 54 (0) 3 : 0.26366539681135614526 0.73633460318864385474
55 55 (0) 3 : 0.58770314752074837017 0.41229685247925162983
56 56 (0) 3 : 0.51376980054226584205 0.48623019945773410244
57 57 (0) 3 : 0.37919910459446920514 0.62080089540553073935
58 58 (0) 3 : 0.99999999765611835567 0.00000000234388174819
59 59 (0) 3 : 0.41666404340689727759 0.58333595659310277792
60 60 (0) 4 : 0.69791871516563974698 0.30208128483436019751
61 61 (0) 4 : 0.53714584292682632238 0.46285415707317373313
62 62 (0) 4 : 0.51651617304735542024 0.48348382695264446873
63 63 (0) 4 : 0.44229051936047980575 0.55770948063952008322
64 64 (0) 4 : 0.65808396001488345117 0.34191603998511643780
65 65 (0) 4 : 0.51703802903219775455 0.48296197096780230096
66 66 (0) 4 : 0.34057126419426114738 0.65942873580573890813
67 67 (0) 4 : 0.77154841583195477028 0.22845158416804522972
68 68 (0) 4 : 0.63697015572575377274 0.36302984427424617175
69 69 (0) 4 : 0.60594667007547675652 0.39405332992452335450
70 70 (0) 4 : 0.38799655900022850252 0.61200344099977144197
71 71 (0) 1 : 0.74098470290647566738 0.25901529709352427711
72 72 (0) 1 : 0.57395516860946649285 0.42604483139053356267
73 73 (0) 1 : 0.60157479587669682175 0.39842520412330328927
74 74 (0) 1 : 0.58926842442388249754 0.41073157557611755797
75 75 (0) 1 : 0.43478117635486185355 0.56521882364513820196
76 76 (0) 1 : 0.00000000100000000000 0.99999999900000002828
77 77 (0) 1 : 0.99999999900000002828 0.00000000100000000000
78 78 (0) 1 : 0.69561915966927057031 0.30438084033072931867
79 79 (0) 1 : 0.60638575558016094558 0.39361424441983905442
80 80 (0) 1 : 0.44693877057583764056 0.55306122942416247046
81 81 (0) 1 : 0.00000000100000000000 0.99999999900000002828
82 82 (0) 1 : 0.51458791098153588983 0.48541208901846416568
83 83 (0) 1 : 0.71813603341092457910 0.28186396658907547641
84 84 (0) 1 : 0.75071892937673967428 0.24928107062326040899
85 85 (0) 1 : 0.41922485533904829680 0.58077514466095181422
86 86 (0) 1 : 0.74816853385129511445 0.25183146614870483004
87 87 (0) 1 : 0.56855688196287390568 0.43144311803712614983
88 88 (0) 1 : 0.64219286539019682092 0.35780713460980323459
89 89 (0) 1 : 0.49606191096778723404 0.50393808903221282147
90 90 (0) 1 : 0.00000000100000000000 0.99999999900000002828
91 91 (0) 1 : 0.99999999900000002828 0.00000000100000000000
92 92 (0) 1 : 0.39776663538261608499 0.60223336461738397052
93 93 (0) 1 : 0.34274216746851904336 0.65725783253148084562
94 94 (0) 1 : 0.62213535181234513871 0.37786464818765480578
95 95 (0) 1 : 0.57485648463612148973 0.42514351536387845476
96 96 (0) 1 : 0.61348878175798049472 0.38651121824201956079
97 97 (0) 1 : 0.58636058741699226271 0.41363941258300768178
98 98 (0) 1 : 0.66449721894122149024 0.33550278105877850976
99 99 (0) 4 : 0.99999999900000002828 0.00000000100000000000
100 100 (0) 4 : 0.48567336400733446267 0.51432663599266548182
101 101 (0) 5 : 0.64008985013071850734 0.35991014986928149266
102 102 (0) 5 : 0.53006303382378816558 0.46993696617621194545
103 103 (0) 5 : 0.53145845217321374676 0.46854154782678614222
104 104 (0) 5 : 0.42907838221021871172 0.57092161778978134379
105 105 (0) 5 : 0.99999959598874266220 0.00000040401125738849
106 106 (0) 4 : 0.31644694490004060539 0.68355305509995922808
107 107 (0) 4 : 0.54833710328646023680 0.45166289671353981872
108 108 (0) 4 : 0.44039052644198484199 0.55960947355801504699
109 109 (0) 4 : 0.47103164323752971798 0.52896835676247033753
110 110 (0) 4 : 0.38877905621733327424 0.61122094378266667025
111 111 (0) 5 : 0.53625344988150780434 0.46374655011849214015
112 112 (0) 5 : 0.65695189317897573211 0.34304810682102437891
113 113 (0) 5 : 0.42278619364258629432 0.57721380635741370568
114 114 (0) 5 : 0.46280470844281590415 0.53719529155718404034
115 115 (0) 5 : 0.49530630858955121409 0.50469369141044884142
116 116 (0) 5 : 0.54382907869794638867 0.45617092130205350031
117 117 (0) 4 : 0.73356461709359965795 0.26643538290640039756
118 118 (0) 4 : 0.48319876438503234217 0.51680123561496760232
119 119 (0) 4 : 0.68305551405002407073 0.31694448594997592927
120 120 (0) 4 : 0.60325621490178948925 0.39674378509821051075
121 121 (0) 4 : 0.28953470857999280552 0.71046529142000724999
122 122 (0) 4 : 0.53721804481638157913 0.46278195518361842087
123 123 (0) 4 : 0.99999999900000002828 0.00000000100000000000
124 124 (0) 4 : 0.67935696765543629461 0.32064303234456370539
125 125 (0) 5 : 0.99999999900000002828 0.00000000100000000000
126 126 (0) 5 : 0.00000000100000000000 0.99999999900000002828
127 127 (0) 5 : 0.21544866481519597823 0.78455133518480402177
128 128 (0) 5 : 0.43327039391348887154 0.56672960608651112846
129 129 (0) 5 : 0.46131499029606032325 0.53868500970393962124
130 130 (0) 5 : 0.00000000100000000000 0.99999999900000002828
131 131 (0) 5 : 0.51321205409663672725 0.48678794590336332826
132 132 (0) 5 : 0.99999999900000002828 0.00000000100000000000
133 133 (0) 5 : 0.31765268260680629142 0.68234731739319376409
134 134 (0) 5 : 0.55999599577108805093 0.44000400422891206009
135 135 (0) 5 : 0.27302367274228200866 0.72697632725771788031
136 136 (0) 5 : 0.28914684112653010750 0.71085315887346989250
137 137 (0) 5 : 0.39295063101373123304 0.60704936898626882247
138 138 (0) 5 : 0.59323723228076730152 0.40676276771923275399
139 139 (0) 5 : 0.00000000100000000000 0.99999999900000002828
140 140 (0) 5 : 0.58574703123260896120 0.41425296876739103880
141 141 (0) 5 : 0.64021865706281633202 0.35978134293718366798
142 142 (0) 5 : 0.30975192067452333999 0.69024807932547660450
143 143 (0) 5 : 0.45894635131730471267 0.54105364868269534284
144 144 (0) 6 : 0.45426873451710997331 0.54573126548289008220
145 145 (0) 6 : 0.51910023081850487081 0.48089976918149512919
146 146 (0) 6 : 0.67235902285108750664 0.32764097714891249336
147 147 (0) 6 : 0.48665666862622081190 0.51334333137377929912
148 148 (0) 6 : 0.34117057248022464311 0.65882942751977546791
149 149 (0) 6 : 0.99966415234949423940 0.00033584765050574390
150 150 (0) 6 : 0.27978864561649868792 0.72021135438350136759
151 151 (0) 6 : 0.46930703712396371063 0.53069296287603640039
152 152 (0) 6 : 0.56774578177675727453 0.43225421822324278098
153 153 (0) 6 : 0.44622229164243609745 0.55377770835756390255
154 154 (0) 6 : 0.51085513275448779513 0.48914486724551226038
155 155 (0) 6 : 0.31500579844808751506 0.68499420155191259596
156 156 (0) 6 : 0.35795647680044945238 0.64204352319955060313
157 157 (0) 6 : 0.53572961949354014344 0.46427038050645996758
158 158 (0) 6 : 0.49947696421688236867 0.50052303578311763133
159 159 (0) 6 : 0.40722338548168163230 0.59277661451831831219
160 160 (0) 6 : 0.00000000100000000000 0.99999999900000002828
161 161 (0) 6 : 0.66876582375399296065 0.33123417624600692832
162 162 (0) 6 : 0.00000000100000000000 0.99999999900000002828
163 163 (0) 6 : 0.38205561461648857025 0.61794438538351148527
164 164 (0) 6 : 0.33911768476352111001 0.66088231523647900101
165 165 (0) 6 : 0.40641972888661281882 0.59358027111338729220
166 166 (0) 6 : 0.44651894290932614417 0.55348105709067385583
167 167 (0) 6 : 0.32744360658664611874 0.67255639341335393677
168 168 (0) 6 : 0.99999999900000002828 0.00000000100000000000
169 169 (0) 6 : 0.64893229193083556972 0.35106770806916443028
170 170 (0) 6 : 0.39440150699573628401 0.60559849300426371599
171 171 (0) 6 : 0.40495903407737360302 0.59504096592262645249
172 172 (0) 4 : 0.39220181163200662500 0.60779818836799337500
173 173 (0) 4 : 0.58268014606469364924 0.41731985393530635076
174 174 (0) 7 : 0.48181064393216738173 0.51818935606783267378
175 175 (0) 7 : 0.99999999900000002828 0.00000000100000000000
176 176 (0) 7 : 0.38520959244568159230 0.61479040755431835219
177 177 (0) 7 : 0.99999999900000002828 0.00000000100000000000
178 178 (0) 7 : 0.52701945081512524549 0.47298054918487475451
179 179 (0) 7 : 0.54964452198924362847 0.45035547801075642704
180 180 (0) 7 : 0.59225781009355138451 0.40774218990644855998
181 181 (0) 7 : 0.58099889425972928159 0.41900110574027077393
182 182 (0) 7 : 0.64622033151023672293 0.35377966848976338810
183 183 (0) 7 : 0.67933431037242497652 0.32066568962757507899
184 184 (0) 7 : 0.27945885878812659620 0.72054114121187340380
185 185 (0) 7 : 0.00000000100000000000 0.99999999900000002828
186 186 (0) 7 : 0.31289463085380048168 0.68710536914619946280
187 187 (0) 7 : 0.31443237601300705331 0.68556762398699289118
188 188 (0) 7 : 0.46699545577598550183 0.53300454422401455368
189 189 (0) 7 : 0.41780955163533461949 0.58219044836466538051
190 190 (0) 7 : 0.44048346437682267540 0.55951653562317738011
191 191 (0) 7 : 0.61937739400063052120 0.38062260599936947880
192 192 (0) 7 : 0.99999999900000002828 0.00000000100000000000
193 193 (0) 7 : 0.67929986791225982490 0.32070013208774023061
194 194 (0) 7 : 0.42777903615755480393 0.57222096384244525158
195 195 (0) 7 : 0.62972483757464303711 0.37027516242535701840
196 196 (0) 7 : 0.70857972806615743266 0.29142027193384245631
197 197 (0) 7 : 0.61775617791763870468 0.38224382208236129532
198 198 (0) 7 : 0.58625830095507003303 0.41374169904493002248
199 199 (0) 7 : 0.53290468858539641328 0.46709531141460364223
200 200 (0) 7 : 0.31129875847639987274 0.68870124152360012726
201 201 (0) 7 : 0.99999999900000002828 0.00000000100000000000
202 202 (0) 7 : 0.41281547023275749764 0.58718452976724244685
203 203 (0) 7 : 0.64728465578388805213 0.35271534421611200338
1 1 (0) 1 : 0.41980178144146890196 0.58019821855853115355
2 2 (0) 1 : 0.55367871363300036336 0.44632128636699969215
3 3 (0) 2 : 0.27759193787169661460 0.72240806212830344091
4 4 (0) 2 : 0.35238971551038772434 0.64761028448961222015
5 5 (0) 2 : 0.50556843156361153113 0.49443156843638846887
6 6 (0) 2 : 0.40015820916445193900 0.59984179083554811651
7 7 (0) 2 : 0.99999999900000002828 0.00000000100000000000
8 8 (0) 2 : 0.56041829536984377746 0.43958170463015616702
9 9 (0) 2 : 0.99999999900000002828 0.00000000100000000000
10 10 (0) 2 : 0.84288408583485552317 0.15711591416514453234
11 11 (0) 2 : 0.54677654733463620929 0.45322345266536390174
12 12 (0) 2 : 0.31503815050812195020 0.68496184949187810531
13 13 (0) 2 : 0.70307637715539383905 0.29692362284460616095
14 14 (0) 2 : 0.52526607228868471555 0.47473392771131533996
15 15 (0) 2 : 0.58625781357025397167 0.41374218642974608384
16 16 (0) 2 : 0.53880324644678423418 0.46119675355321576582
17 17 (0) 2 : 0.99987002661242407875 0.00012997338757586105
18 18 (0) 2 : 0.38449409467270340146 0.61550590532729654303
19 19 (0) 2 : 0.74359457646693249977 0.25640542353306755574
20 20 (0) 2 : 0.50090114324588796979 0.49909885675411208572
21 21 (0) 2 : 0.62871982101463574910 0.37128017898536430641
22 22 (0) 2 : 0.37961958709686166591 0.62038041290313838960
23 23 (0) 2 : 0.69034371511866821081 0.30965628488133173368
24 24 (0) 2 : 0.58954011186040977677 0.41045988813959016772
25 25 (0) 2 : 0.45112502404631943387 0.54887497595368051062
26 26 (0) 2 : 0.49032238709351322337 0.50967761290648672112
27 27 (0) 2 : 0.49902024108199644070 0.50097975891800350379
28 28 (0) 2 : 0.39965694597541290278 0.60034305402458709722
29 29 (0) 2 : 0.58176427640459937862 0.41823572359540056587
30 30 (0) 3 : 0.00000000100000000000 0.99999999900000002828
31 31 (0) 3 : 0.77127862019015069883 0.22872137980984919015
32 32 (0) 3 : 0.37821945345502888669 0.62178054654497105780
33 33 (0) 3 : 0.67196048054983459341 0.32803951945016546210
34 34 (0) 3 : 0.99999999900000002828 0.00000000100000000000
35 35 (0) 3 : 0.43772753374618689204 0.56227246625381321898
36 36 (0) 3 : 0.66245037135214013269 0.33754962864785992283
37 37 (0) 3 : 0.65185176395747557176 0.34814823604252442824
38 38 (0) 3 : 0.73798251386712354627 0.26201748613287650924
39 39 (0) 3 : 0.44132347518292319721 0.55867652481707674728
40 40 (0) 3 : 0.54786810385371720322 0.45213189614628285229
41 41 (0) 3 : 0.41856965509127536107 0.58143034490872469444
42 42 (0) 3 : 0.40845248322986571488 0.59154751677013428512
43 43 (0) 3 : 0.35398453530306478454 0.64601546469693527097
44 44 (0) 3 : 0.42397332461777692547 0.57602667538222318555
45 45 (0) 3 : 0.41831944360003714412 0.58168055639996296691
46 46 (0) 3 : 0.53853722191580344347 0.46146277808419655653
47 47 (0) 3 : 0.69492923086484115203 0.30507076913515884797
48 48 (0) 3 : 0.49582055981719108662 0.50417944018280891338
49 49 (0) 3 : 0.64604493332881862688 0.35395506667118142863
50 50 (0) 3 : 0.00000000100000000000 0.99999999900000002828
51 51 (0) 3 : 0.62174624729143601609 0.37825375270856398391
52 52 (0) 3 : 0.65525195261225710475 0.34474804738774289525
53 53 (0) 3 : 0.47796691273569735792 0.52203308726430264208
54 54 (0) 3 : 0.41207537758586032517 0.58792462241413978585
55 55 (0) 3 : 0.58877218940344588916 0.41122781059655405533
56 56 (0) 3 : 0.59056767947355115478 0.40943232052644884522
57 57 (0) 3 : 0.52107422893704846700 0.47892577106295147749
58 58 (0) 3 : 0.53025868718538426982 0.46974131281461578569
59 59 (0) 3 : 0.00000000100000000000 0.99999999900000002828
60 60 (0) 4 : 0.68501870992187918752 0.31498129007812075697
61 61 (0) 4 : 0.73947682049987339958 0.26052317950012660042
62 62 (0) 4 : 0.43502236874684119261 0.56497763125315880739
63 63 (0) 4 : 0.56880729125547246916 0.43119270874452747533
64 64 (0) 4 : 0.99999999900000002828 0.00000000100000000000
65 65 (0) 4 : 0.66588057804497091663 0.33411942195502902786
66 66 (0) 4 : 0.44638361940247101023 0.55361638059752904528
67 67 (0) 4 : 0.80364711590430226718 0.19635288409569781609
68 68 (0) 4 : 0.68737101175780546125 0.31262898824219459426
69 69 (0) 4 : 0.52146275264890507017 0.47853724735109487431
70 70 (0) 4 : 0.29067837709579502636 0.70932162290420497364
71 71 (0) 1 : 0.99999999900000002828 0.00000000100000000000
72 72 (0) 1 : 0.61643225177546012716 0.38356774822453981733
73 73 (0) 1 : 0.40672521337247385942 0.59327478662752619609
74 74 (0) 1 : 0.54670894094500732674 0.45329105905499272877
75 75 (0) 1 : 0.50391345636057416346 0.49608654363942578103
76 76 (0) 1 : 0.32566199617739410854 0.67433800382260600248
77 77 (0) 1 : 0.62083505147168960292 0.37916494852831039708
78 78 (0) 1 : 0.67526818242659292224 0.32473181757340696674
79 79 (0) 1 : 0.57063430932541470142 0.42936569067458529858
80 80 (0) 1 : 0.65960281772913631482 0.34039718227086368518
81 81 (0) 1 : 0.00000000100000000000 0.99999999900000002828
82 82 (0) 1 : 0.74985084758041631314 0.25014915241958379788
83 83 (0) 1 : 0.66659080032438589036 0.33340919967561422066
84 84 (0) 1 : 0.72696868619013610413 0.27303131380986400689
85 85 (0) 1 : 0.43991615401231770610 0.56008384598768234941
86 86 (0) 1 : 0.73889367969845465289 0.26110632030154534711
87 87 (0) 1 : 0.35719851702759364276 0.64280148297240646826
88 88 (0) 1 : 0.58187278140029685680 0.41812721859970314320
89 89 (0) 1 : 0.38116272565985975795 0.61883727434014024205
90 90 (0) 1 : 0.44686526565283468670 0.55313473434716531330
91 91 (0) 1 : 0.99999999900000002828 0.00000000100000000000
92 92 (0) 1 : 0.36100230933111920884 0.63899769066888090219
93 93 (0) 1 : 0.35307298381318436009 0.64692701618681569542
94 94 (0) 1 : 0.74174736045457612121 0.25825263954542398981
95 95 (0) 1 : 0.85290991068259669472 0.14709008931740327752
96 96 (0) 1 : 0.67253931161005364725 0.32746068838994640826
97 97 (0) 1 : 0.61428771380479219033 0.38571228619520786518
98 98 (0) 1 : 0.60259252863161572034 0.39740747136838422415
99 99 (0) 4 : 0.75937786950381847006 0.24062213049618147442
100 100 (0) 4 : 0.57461089179526392279 0.42538910820473613272
101 101 (0) 5 : 0.71194341961697715782 0.28805658038302278667
102 102 (0) 5 : 0.39975744244367750202 0.60024255755632260900
103 103 (0) 5 : 0.53235519228140759651 0.46764480771859245900
104 104 (0) 5 : 0.37881726493091694152 0.62118273506908305848
105 105 (0) 5 : 0.99999999900000002828 0.00000000100000000000
106 106 (0) 4 : 0.00000000100000000000 0.99999999900000002828
107 107 (0) 4 : 0.56549843637620933468 0.43450156362379072084
108 108 (0) 4 : 0.36127550683127612752 0.63872449316872392799
109 109 (0) 4 : 0.48396475063595417732 0.51603524936404576717
110 110 (0) 4 : 0.22304773211815287492 0.77695226788184712508
111 111 (0) 5 : 0.66052393402273834599 0.33947606597726165401
112 112 (0) 5 : 0.75844664526412941541 0.24155335473587055684
113 113 (0) 5 : 0.58456988978797452816 0.41543011021202558286
114 114 (0) 5 : 0.44347720898027176428 0.55652279101972823572
115 115 (0) 5 : 0.26351419075396781411 0.73648580924603224140
116 116 (0) 5 : 0.37493148526356767647 0.62506851473643243455
117 117 (0) 4 : 0.99999999900000002828 0.00000000100000000000
118 118 (0) 4 : 0.44889181697831520568 0.55110818302168484983
119 119 (0) 4 : 0.78036663831829222726 0.21963336168170780049
120 120 (0) 4 : 0.56970051034803548262 0.43029948965196451738
121 121 (0) 4 : 0.00000000100000000000 0.99999999900000002828
122 122 (0) 4 : 0.57530721766586145893 0.42469278233413848556
123 123 (0) 4 : 0.99999999900000002828 0.00000000100000000000
124 124 (0) 4 : 0.88631171135155673024 0.11368828864844318649
125 125 (0) 5 : 0.99999999900000002828 0.00000000100000000000
126 126 (0) 5 : 0.00000000100000000000 0.99999999900000002828
127 127 (0) 5 : 0.30413265290014013242 0.69586734709985986758
128 128 (0) 5 : 0.40674381150430416465 0.59325618849569594637
129 129 (0) 5 : 0.41041295569503255525 0.58958704430496755577
130 130 (0) 5 : 0.32345419937115654774 0.67654580062884339675
131 131 (0) 5 : 0.55708821826291299306 0.44291178173708700694
132 132 (0) 5 : 0.77023009082252658075 0.22976990917747341925
133 133 (0) 5 : 0.33949317269502277128 0.66050682730497722872
134 134 (0) 5 : 0.74403742739271139239 0.25596257260728866312
135 135 (0) 5 : 0.00000000100000000000 0.99999999900000002828
136 136 (0) 5 : 0.00000000100000000000 0.99999999900000002828
137 137 (0) 5 : 0.66151386651702781538 0.33848613348297224013
138 138 (0) 5 : 0.60393864305580458041 0.39606135694419547510
139 139 (0) 5 : 0.00000000100000000000 0.99999999900000002828
140 140 (0) 5 : 0.43569852427898481118 0.56430147572101518882
141 141 (0) 5 : 0.67835378613973729145 0.32164621386026259753
142 142 (0) 5 : 0.35923571925425901163 0.64076428074574087734
143 143 (0) 5 : 0.43987585884179408735 0.56012414115820596816
144 144 (0) 6 : 0.51094746923753264767 0.48905253076246729682
145 145 (0) 6 : 0.38897148405594111908 0.61102851594405893643
146 146 (0) 6 : 0.73078149417551219180 0.26921850582448780820
147 147 (0) 6 : 0.34536120793197333523 0.65463879206802677579
148 148 (0) 6 : 0.37532646044720779921 0.62467353955279225630
149 149 (0) 6 : 0.99999999900000002828 0.00000000100000000000
150 150 (0) 6 : 0.00000000100000000000 0.99999999900000002828
151 151 (0) 6 : 0.48219557007081187416 0.51780442992918818135
152 152 (0) 6 : 0.64426215189153401841 0.35573784810846598159
153 153 (0) 6 : 0.31736932718209787119 0.68263067281790212881
154 154 (0) 6 : 0.52174325075298366716 0.47825674924701638835
155 155 (0) 6 : 0.27302743480474683802 0.72697256519525321750
156 156 (0) 6 : 0.40957835403258613383 0.59042164596741397720
157 157 (0) 6 : 0.63581815979921540993 0.36418184020078453456
158 158 (0) 6 : 0.65318992034080303188 0.34681007965919696812
159 159 (0) 6 : 0.60093056951956924649 0.39906943048043080902
160 160 (0) 6 : 0.00000000100000000000 0.99999999900000002828
161 161 (0) 6 : 0.54176462864532526353 0.45823537135467468095
162 162 (0) 6 : 0.00000000100000000000 0.99999999900000002828
163 163 (0) 6 : 0.42670774926214360967 0.57329225073785650135
164 164 (0) 6 : 0.30535390316668209465 0.69464609683331779433
165 165 (0) 6 : 0.50666847333086495464 0.49333152666913515638
166 166 (0) 6 : 0.70204279064480978878 0.29795720935519026673
167 167 (0) 6 : 0.49519015160952356558 0.50480984839047637891
168 168 (0) 6 : 0.69874564165845831631 0.30125435834154179471
169 169 (0) 6 : 0.54854456948786067816 0.45145543051213932184
170 170 (0) 6 : 0.00000000402975151706 0.99999999597024846754
171 171 (0) 6 : 0.47905606372477471666 0.52094393627522539436
172 172 (0) 4 : 0.41855526419975530583 0.58144473580024469417
173 173 (0) 4 : 0.53214610712707721696 0.46785389287292289406
174 174 (0) 7 : 0.48122276531931235111 0.51877723468068770440
175 175 (0) 7 : 0.99999999900000002828 0.00000000100000000000
176 176 (0) 7 : 0.38590813512722049738 0.61409186487277944710
177 177 (0) 7 : 0.99999999900000002828 0.00000000100000000000
178 178 (0) 7 : 0.61036691735096793021 0.38963308264903218081
179 179 (0) 7 : 0.53872490627902192006 0.46127509372097819096
180 180 (0) 7 : 0.52448478769636008856 0.47551521230364002246
181 181 (0) 7 : 0.47040114591627457674 0.52959885408372531224
182 182 (0) 7 : 0.68983598095929044014 0.31016401904070955986
183 183 (0) 7 : 0.50964479674019602662 0.49035520325980397338
184 184 (0) 7 : 0.43569929430315462726 0.56430070569684542825
185 185 (0) 7 : 0.55675613222557773785 0.44324386777442226215
186 186 (0) 7 : 0.31373135036826810262 0.68626864963173184186
187 187 (0) 7 : 0.00000000100000000000 0.99999999900000002828
188 188 (0) 7 : 0.45391631171652829790 0.54608368828347175761
189 189 (0) 7 : 0.64554829489670995102 0.35445170510329004898
190 190 (0) 7 : 0.27755312913496382743 0.72244687086503622808
191 191 (0) 7 : 0.49413091748780457735 0.50586908251219542265
192 192 (0) 7 : 0.57802359384104229356 0.42197640615895770644
193 193 (0) 7 : 0.99999999900000002828 0.00000000100000000000
194 194 (0) 7 : 0.52457019800126492015 0.47542980199873502434
195 195 (0) 7 : 0.77073543600570149081 0.22926456399429837041
196 196 (0) 7 : 0.65042907972252972382 0.34957092027747022067
197 197 (0) 7 : 0.73433167783516550831 0.26566832216483449169
198 198 (0) 7 : 0.64848298756464184400 0.35151701243535815600
199 199 (0) 7 : 0.61422499560474241864 0.38577500439525758136
200 200 (0) 7 : 0.36994508672634662805 0.63005491327365337195
201 201 (0) 7 : 0.99999999900000002828 0.00000000100000000000
202 202 (0) 7 : 0.57100078136887455482 0.42899921863112538967
203 203 (0) 7 : 0.99999994932647284784 0.00000005067352711363
1 1 (0) 1 : 0.47417179628114164425 0.52582820371885841126
2 2 (0) 1 : 0.53297155423228281812 0.46702844576771712637
3 3 (0) 2 : 0.00000000100000000000 0.99999999900000002828
4 4 (0) 2 : 0.33717302902487711336 0.66282697097512288664
5 5 (0) 2 : 0.48561927517357034167 0.51438072482642971384
6 6 (0) 2 : 0.50507088212612116784 0.49492911787387888767
7 7 (0) 2 : 0.99994242920518550122 0.00005757079481444892
8 8 (0) 2 : 0.52169125083753631333 0.47830874916246368667
9 9 (0) 2 : 0.99999999900000002828 0.00000000100000000000
10 10 (0) 2 : 0.71628735995883385801 0.28371264004116625301
11 11 (0) 2 : 0.47441666404098414844 0.52558333595901585156
12 12 (0) 2 : 0.29126033292268793673 0.70873966707731195225
13 13 (0) 2 : 0.56527615112798812458 0.43472384887201193093
14 14 (0) 2 : 0.56130801926217732678 0.43869198073782267322
15 15 (0) 2 : 0.49440172536381543633 0.50559827463618456367
16 16 (0) 2 : 0.42124644551631584832 0.57875355448368415168
17 17 (0) 2 : 0.78594167117772939513 0.21405832882227057712
18 18 (0) 2 : 0.45305963090023837481 0.54694036909976162519
19 19 (0) 2 : 0.64082808716475914146 0.35917191283524091405
20 20 (0) 2 : 0.63144158436328634565 0.36855841563671370986
21 21 (0) 2 : 0.60154496212924157827 0.39845503787075842173
22 22 (0) 2 : 0.50897033570483107834 0.49102966429516892166
23 23 (0) 2 : 0.73825328802123080241 0.26174671197876919759
24 24 (0) 2 : 0.56246071767702154887 0.43753928232297839562
25 25 (0) 2 : 0.51843126342473133672 0.48156873657526866328
26 26 (0) 2 : 0.49555828439612353842 0.50444171560387640607
27 27 (0) 2 : 0.45501288055882532779 0.54498711944117472772
28 28 (0) 2 : 0.39057550127306700505 0.60942449872693293944
29 29 (0) 2 : 0.55932780421048333697 0.44067219578951671854
30 30 (0) 3 : 0.00000000100000000000 0.99999999900000002828
31 31 (0) 3 : 0.77567298633475834091 0.22432701366524165909
32 32 (0) 3 : 0.38673700163259083773 0.61326299836740927329
33 33 (0) 3 : 0.54522202241862294247 0.45477797758137694650
34 34 (0) 3 : 0.73643627731331617881 0.26356372268668371017
35 35 (0) 3 : 0.22393180581041888244 0.77606819418958117307
36 36 (0) 3 : 0.57054402846542073835 0.42945597153457926165
37 37 (0) 3 : 0.50789205031671813551 0.49210794968328180898
38 38 (0) 3 : 0.73602335842195154569 0.26397664157804856533
39 39 (0) 3 : 0.48328472677088479825 0.51671527322911514624
40 40 (0) 3 : 0.51645760908168880654 0.48354239091831108244
41 41 (0) 3 : 0.32435206816753547887 0.67564793183246452113
42 42 (0) 3 : 0.39919588613047091163 0.60080411386952914388
43 43 (0) 3 : 0.27019546131951399648 0.72980453868048600352
44 44 (0) 3 : 0.45158693097489072121 0.54841306902510922328
45 45 (0) 3 : 0.51378264978766663429 0.48621735021233342122
46 46 (0) 3 : 0.63295362338807603653 0.36704637661192390796
47 47 (0) 3 : 0.99999999900000002828 0.00000000100000000000
48 48 (0) 3 : 0.46731630247810163059 0.53268369752189836941
49 49 (0) 3 : 0.61744752525186130665 0.38255247474813869335
50 50 (0) 3 : 0.22832832237801894970 0.77167167762198107805
51 51 (0) 3 : 0.59871943981135444801 0.40128056018864560750
52 52 (0) 3 : 0.57947822835494344762 0.42052177164505655238
53 53 (0) 3 : 0.44658393857647099567 0.55341606142352905984
54 54 (0) 3 : 0.47381548830025738139 0.52618451169974267412
55 55 (0) 3 : 0.54353071487863513500 0.45646928512136486500
56 56 (0) 3 : 0.37891841054464531213 0.62108158945535474338
57 57 (0) 3 : 0.53673008112842712780 0.46326991887157281669
58 58 (0) 3 : 0.38504581619123490199 0.61495418380876520903
59 59 (0) 3 : 0.10493779630516937573 0.89506220369483047161
60 60 (0) 4 : 0.78473965600099071516 0.21526034399900928484
61 61 (0) 4 : 0.62099929883058180291 0.37900070116941814158
62 62 (0) 4 : 0.33924188062010818268 0.66075811937989181732
63 63 (0) 4 : 0.49822154128252721383 0.50177845871747284168
64 64 (0) 4 : 0.99999999900000002828 0.00000000100000000000
65 65 (0) 4 : 0.60991831051063494229 0.39008168948936500220
66 66 (0) 4 : 0.35366286762033261049 0.64633713237966738951
67 67 (0) 4 : 0.99999999900000002828 0.00000000100000000000
68 68 (0) 4 : 0.63424959921221590875 0.36575040078778420227
69 69 (0) 4 : 0.55273810934900191594 0.44726189065099808406
70 70 (0) 4 : 0.32297693091844326130 0.67702306908155673870
71 71 (0) 1 : 0.99999999900000002828 0.00000000100000000000
72 72 (0) 1 : 0.57814449824258917765 0.42185550175741076684
73 73 (0) 1 : 0.32228026051227848248 0.67771973948772157303
74 74 (0) 1 : 0.53678027126227323418 0.46321972873772671031
75 75 (0) 1 : 0.44795643661939105185 0.55204356338060900367
76 76 (0) 1 : 0.37535494496164362177 0.62464505503835632272
77 77 (0) 1 : 0.71079622101933814804 0.28920377898066196298
78 78 (0) 1 : 0.63619670510155912346 0.36380329489844082103
79 79 (0) 1 : 0.58246237663407007812 0.41753762336592997739
80 80 (0) 1 : 0.99999999900000002828 0.00000000100000000000
81 81 (0) 1 : 0.00000000100000000000 0.99999999900000002828
82 82 (0) 1 : 0.99999999334978006971 0.00000000665021996890
83 83 (0) 1 : 0.60243012599801015750 0.39756987400198989802
84 84 (0) 1 : 0.63693988216748709252 0.36306011783251279645
85 85 (0) 1 : 0.56603396299910468947 0.43396603700089531053
86 86 (0) 1 : 0.64984721173681192496 0.35015278826318818606
87 87 (0) 1 : 0.32882140086745553775 0.67117859913254451776
88 88 (0) 1 : 0.49120954444495795732 0.50879045555504209819
89 89 (0) 1 : 0.57510639115626072115 0.42489360884373927885
90 90 (0) 1 : 0.39969871043766513896 0.60030128956233486104
91 91 (0) 1 : 0.99999999900000002828 0.00000000100000000000
92 92 (0) 1 : 0.33354369692541507852 0.66645630307458492148
93 93 (0) 1 : 0.38471746770640063984 0.61528253229359930465
94 94 (0) 1 : 0.82217221456412847846 0.17782778543587149378
95 95 (0) 1 : 0.99999999900000002828 0.00000000100000000000
96 96 (0) 1 : 0.67498939089712850503 0.32501060910287155048
97 97 (0) 1 : 0.56741750478273889069 0.43258249521726110931
98 98 (0) 1 : 0.55346270969489186342 0.44653729030510813658
99 99 (0) 4 : 0.99999999900000002828 0.00000000100000000000
100 100 (0) 4 : 0.61268686509696668185 0.38731313490303331815
101 101 (0) 5 : 0.72791060386998363008 0.27208939613001631441
102 102 (0) 5 : 0.29205549866590679864 0.70794450133409314585
103 103 (0) 5 : 0.59239984719379534805 0.40760015280620465195
104 104 (0) 5 : 0.39158112416764723207 0.60841887583235276793
105 105 (0) 5 : 0.99999999900000002828 0.00000000100000000000
106 106 (0) 4 : 0.00000000100000000000 0.99999999900000002828
107 107 (0) 4 : 0.50528686556678714670 0.49471313443321290881
108 108 (0) 4 : 0.37730089556791340799 0.62269910443208653650
109 109 (0) 4 : 0.54790626929445684912 0.45209373070554309537
110 110 (0) 4 : 0.00000000100000000000 0.99999999900000002828
111 111 (0) 5 : 0.60401101732397177724 0.39598898267602816725
112 112 (0) 5 : 0.63482116958091650005 0.36517883041908349995
113 113 (0) 5 : 0.54727372373403471162 0.45272627626596523287
114 114 (0) 5 : 0.33081151962212074213 0.66918848037787925787
115 115 (0) 5 : 0.25177668213256426677 0.74822331786743567772
116 116 (0) 5 : 0.40755326709760064663 0.59244673290239935337
117 117 (0) 4 : 0.62621479084571485263 0.37378520915428520288
118 118 (0) 4 : 0.45074903957813106103 0.54925096042186893897
119 119 (0) 4 : 0.71144575547497912460 0.28855424452502087540
120 120 (0) 4 : 0.52478805876308642908 0.47521194123691357092
121 121 (0) 4 : 0.21792703713241023955 0.78207296286758987147
122 122 (0) 4 : 0.56319977291286937859 0.43680022708713073243
123 123 (0) 4 : 0.99999999900000002828 0.00000000100000000000
124 124 (0) 4 : 0.76831748464724192171 0.23168251535275818931
125 125 (0) 5 : 0.75080629706158108494 0.24919370293841897057
126 126 (0) 5 : 0.28157192750672682680 0.71842807249327322872
127 127 (0) 5 : 0.00000000100000000000 0.99999999900000002828
128 128 (0) 5 : 0.39388917501688008871 0.60611082498311985578
129 129 (0) 5 : 0.41954958241911644024 0.58045041758088355976
130 130 (0) 5 : 0.00000000100000000000 0.99999999900000002828
131 131 (0) 5 : 0.51780421175229274233 0.48219578824770736869
132 132 (0) 5 : 0.62462718119239579728 0.37537281880760425823
133 133 (0) 5 : 0.00000000100000000000 0.99999999900000002828
134 134 (0) 5 : 0.99999999900000002828 0.00000000100000000000
135 135 (0) 5 : 0.00000000100000000000 0.99999999900000002828
136 136 (0) 5 : 0.00000000100000000000 0.99999999900000002828
137 137 (0) 5 : 0.54582105013255377557 0.45417894986744622443
138 138 (0) 5 : 0.60783827706284310199 0.39216172293715689801
139 139 (0) 5 : 0.21191806832867560173 0.78808193167132434276
140 140 (0) 5 : 0.29623239197422607250 0.70376760802577398302
141 141 (0) 5 : 0.61560884535172755161 0.38439115464827239288
142 142 (0) 5 : 0.41506141421467923625 0.58493858578532087478
143 143 (0) 5 : 0.36580098270367389368 0.63419901729632621734
144 144 (0) 6 : 0.56106089511246648449 0.43893910488753357102
145 145 (0) 6 : 0.00000000100000000000 0.99999999900000002828
146 146 (0) 6 : 0.60161605016118169242 0.39838394983881830758
147 147 (0) 6 : 0.34439209917945401429 0.65560790082054598571
148 148 (0) 6 : 0.00000000100000000000 0.99999999900000002828
149 149 (0) 6 : 0.74951878759319179313 0.25048121240680809585
150 150 (0) 6 : 0.00000000100000000000 0.99999999900000002828
151 151 (0) 6 : 0.55812367379728844430 0.44187632620271150019
152 152 (0) 6 : 0.66858996795244962641 0.33141003204755037359
153 153 (0) 6 : 0.23811831498258015372 0.76188168501741992955
154 154 (0) 6 : 0.41858236923837510712 0.58141763076162500390
155 155 (0) 6 : 0.21109276128328158251 0.78890723871671841749
156 156 (0) 6 : 0.36673037631727833929 0.63326962368272154968
157 157 (0) 6 : 0.61456579208162265271 0.38543420791837740280
158 158 (0) 6 : 0.99999999900000002828 0.00000000100000000000
159 159 (0) 6 : 0.43300666764327555569 0.56699333235672444431
160 160 (0) 6 : 0.00000000100000000000 0.99999999900000002828
161 161 (0) 6 : 0.55160088583975797061 0.44839911416024197388
162 162 (0) 6 : 0.00000000100000000000 0.99999999900000002828
163 163 (0) 6 : 0.51289064392823913163 0.48710935607176092388
164 164 (0) 6 : 0.33320479340713354821 0.66679520659286650730
165 165 (0) 6 : 0.59788743011663125770 0.40211256988336868679
166 166 (0) 6 : 0.52811306686488046491 0.47188693313511959060
167 167 (0) 6 : 0.44389864517060051430 0.55610135482939948570
168 168 (0) 6 : 0.61715413724738144019 0.38284586275261855981
169 169 (0) 6 : 0.53568338714107499587 0.46431661285892511515
170 170 (0) 6 : 0.41849040562300132695 0.58150959437699867305
171 171 (0) 6 : 0.46126694852597743823 0.53873305147402250626
172 172 (0) 4 : 0.46626740484135542619 0.53373259515864457381
173 173 (0) 4 : 0.54838335990050146584 0.45161664009949847864
174 174 (0) 7 : 0.00159239212337996855 0.99840760787662008457
175 175 (0) 7 : 0.99999999900000002828 0.00000000100000000000
176 176 (0) 7 : 0.00000000100000000000 0.99999999900000002828
177 177 (0) 7 : 0.84804731975374070263 0.15195268024625929737
178 178 (0) 7 : 0.72729460699586312433 0.27270539300413693118
179 179 (0) 7 : 0.33527361325858362484 0.66472638674141637516
180 180 (0) 7 : 0.50840840952517762918 0.49159159047482231530
181 181 (0) 7 : 0.48246187267064183368 0.51753812732935822183
182 182 (0) 7 : 0.57794252024205572393 0.42205747975794433158
183 183 (0) 7 : 0.33249132366845668418 0.66750867633154342684
184 184 (0) 7 : 0.36915644665096974952 0.63084355334903019497
185 185 (0) 7 : 0.54676215608995004658 0.45323784391004995342
186 186 (0) 7 : 0.36327585423886205040 0.63672414576113800511
187 187 (0) 7 : 0.31749237212563841126 0.68250762787436158874
188 188 (0) 7 : 0.55728387146267799324 0.44271612853732195125
189 189 (0) 7 : 0.50232812887023536863 0.49767187112976457586
190 190 (0) 7 : 0.34436392199176690809 0.65563607800823309191
191 191 (0) 7 : 0.49964290051814536087 0.50035709948185469464
192 192 (0) 7 : 0.54644463029228407258 0.45355536970771598293
193 193 (0) 7 : 0.99999999900000002828 0.00000000100000000000
194 194 (0) 7 : 0.49710822346751570855 0.50289177653248429145
195 195 (0) 7 : 0.65107786186036242793 0.34892213813963768310
196 196 (0) 7 : 0.63437382582580814638 0.36562617417419185362
197 197 (0) 7 : 0.64500255742347212262 0.35499744257652793289
198 198 (0) 7 : 0.71338721375564084770 0.28661278624435915230
199 199 (0) 7 : 0.54493881980865632730 0.45506118019134372821
200 200 (0) 7 : 0.42258582941800082455 0.57741417058199928647
201 201 (0) 7 : 0.99999999900000002828 0.00000000100000000000
202 202 (0) 7 : 0.53673306006584287076 0.46326693993415712924
203 203 (0) 7 : 0.99999999900000002828 0.00000000100000000000
1 1 (0) 1 : 0.47417179628114164425 0.52582820371885841126
2 2 (0) 1 : 0.53297155423228281812 0.46702844576771712637
3 3 (0) 2 : 0.00000000100000000000 0.99999999900000002828
4 4 (0) 2 : 0.33717302902487711336 0.66282697097512288664
5 5 (0) 2 : 0.48561927517357034167 0.51438072482642971384
6 6 (0) 2 : 0.50507088212612116784 0.49492911787387888767
7 7 (0) 2 : 0.99994242920518550122 0.00005757079481444892
8 8 (0) 2 : 0.52169125083753631333 0.47830874916246368667
9 9 (0) 2 : 0.99999999900000002828 0.00000000100000000000
10 10 (0) 2 : 0.71628735995883385801 0.28371264004116625301
11 11 (0) 2 : 0.47441666404098414844 0.52558333595901585156
12 12 (0) 2 : 0.29126033292268793673 0.70873966707731195225
13 13 (0) 2 : 0.56527615112798812458 0.43472384887201193093
14 14 (0) 2 : 0.56130801926217732678 0.43869198073782267322
15 15 (0) 2 : 0.49440172536381543633 0.50559827463618456367
16 16 (0) 2 : 0.42124644551631584832 0.57875355448368415168
17 17 (0) 2 : 0.78594167117772939513 0.21405832882227057712
18 18 (0) 2 : 0.45305963090023837481 0.54694036909976162519
19 19 (0) 2 : 0.64082808716475914146 0.35917191283524091405
20 20 (0) 2 : 0.63144158436328634565 0.36855841563671370986
21 21 (0) 2 : 0.60154496212924157827 0.39845503787075842173
22 22 (0) 2 : 0.50897033570483107834 0.49102966429516892166
23 23 (0) 2 : 0.73825328802123080241 0.26174671197876919759
24 24 (0) 2 : 0.56246071767702154887 0.43753928232297839562
25 25 (0) 2 : 0.51843126342473133672 0.48156873657526866328
26 26 (0) 2 : 0.49555828439612353842 0.50444171560387640607
27 27 (0) 2 : 0.45501288055882532779 0.54498711944117472772
28 28 (0) 2 : 0.39057550127306700505 0.60942449872693293944
29 29 (0) 2 : 0.55932780421048333697 0.44067219578951671854
30 30 (0) 3 : 0.00000000100000000000 0.99999999900000002828
31 31 (0) 3 : 0.77567298633475834091 0.22432701366524165909
32 32 (0) 3 : 0.38673700163259083773 0.61326299836740927329
33 33 (0) 3 : 0.54522202241862294247 0.45477797758137694650
34 34 (0) 3 : 0.73643627731331617881 0.26356372268668371017
35 35 (0) 3 : 0.22393180581041888244 0.77606819418958117307
36 36 (0) 3 : 0.57054402846542073835 0.42945597153457926165
37 37 (0) 3 : 0.50789205031671813551 0.49210794968328180898
38 38 (0) 3 : 0.73602335842195154569 0.26397664157804856533
39 39 (0) 3 : 0.48328472677088479825 0.51671527322911514624
40 40 (0) 3 : 0.51645760908168880654 0.48354239091831108244
41 41 (0) 3 : 0.32435206816753547887 0.67564793183246452113
42 42 (0) 3 : 0.39919588613047091163 0.60080411386952914388
43 43 (0) 3 : 0.27019546131951399648 0.72980453868048600352
44 44 (0) 3 : 0.45158693097489072121 0.54841306902510922328
45 45 (0) 3 : 0.51378264978766663429 0.48621735021233342122
46 46 (0) 3 : 0.63295362338807603653 0.36704637661192390796
47 47 (0) 3 : 0.99999999900000002828 0.00000000100000000000
48 48 (0) 3 : 0.46731630247810163059 0.53268369752189836941
49 49 (0) 3 : 0.61744752525186130665 0.38255247474813869335
50 50 (0) 3 : 0.22832832237801894970 0.77167167762198107805
51 51 (0) 3 : 0.59871943981135444801 0.40128056018864560750
52 52 (0) 3 : 0.57947822835494344762 0.42052177164505655238
53 53 (0) 3 : 0.44658393857647099567 0.55341606142352905984
54 54 (0) 3 : 0.47381548830025738139 0.52618451169974267412
55 55 (0) 3 : 0.54353071487863513500 0.45646928512136486500
56 56 (0) 3 : 0.37891841054464531213 0.62108158945535474338
57 57 (0) 3 : 0.53673008112842712780 0.46326991887157281669
58 58 (0) 3 : 0.38504581619123490199 0.61495418380876520903
59 59 (0) 3 : 0.10493779630516937573 0.89506220369483047161
60 60 (0) 4 : 0.78473965600099071516 0.21526034399900928484
61 61 (0) 4 : 0.62099929883058180291 0.37900070116941814158
62 62 (0) 4 : 0.33924188062010818268 0.66075811937989181732
63 63 (0) 4 : 0.49822154128252721383 0.50177845871747284168
64 64 (0) 4 : 0.99999999900000002828 0.00000000100000000000
65 65 (0) 4 : 0.60991831051063494229 0.39008168948936500220
66 66 (0) 4 : 0.35366286762033261049 0.64633713237966738951
67 67 (0) 4 : 0.99999999900000002828 0.00000000100000000000
68 68 (0) 4 : 0.63424959921221590875 0.36575040078778420227
69 69 (0) 4 : 0.55273810934900191594 0.44726189065099808406
70 70 (0) 4 : 0.32297693091844326130 0.67702306908155673870
71 71 (0) 1 : 0.99999999900000002828 0.00000000100000000000
72 72 (0) 1 : 0.57814449824258917765 0.42185550175741076684
73 73 (0) 1 : 0.32228026051227848248 0.67771973948772157303
74 74 (0) 1 : 0.53678027126227323418 0.46321972873772671031
75 75 (0) 1 : 0.44795643661939105185 0.55204356338060900367
76 76 (0) 1 : 0.37535494496164362177 0.62464505503835632272
77 77 (0) 1 : 0.71079622101933814804 0.28920377898066196298
78 78 (0) 1 : 0.63619670510155912346 0.36380329489844082103
79 79 (0) 1 : 0.58246237663407007812 0.41753762336592997739
80 80 (0) 1 : 0.99999999900000002828 0.00000000100000000000
81 81 (0) 1 : 0.00000000100000000000 0.99999999900000002828
82 82 (0) 1 : 0.99999999334978006971 0.00000000665021996890
83 83 (0) 1 : 0.60243012599801015750 0.39756987400198989802
84 84 (0) 1 : 0.63693988216748709252 0.36306011783251279645
85 85 (0) 1 : 0.56603396299910468947 0.43396603700089531053
86 86 (0) 1 : 0.64984721173681192496 0.35015278826318818606
87 87 (0) 1 : 0.32882140086745553775 0.67117859913254451776
88 88 (0) 1 : 0.49120954444495795732 0.50879045555504209819
89 89 (0) 1 : 0.57510639115626072115 0.42489360884373927885
90 90 (0) 1 : 0.39969871043766513896 0.60030128956233486104
91 91 (0) 1 : 0.99999999900000002828 0.00000000100000000000
92 92 (0) 1 : 0.33354369692541507852 0.66645630307458492148
93 93 (0) 1 : 0.38471746770640063984 0.61528253229359930465
94 94 (0) 1 : 0.82217221456412847846 0.17782778543587149378
95 95 (0) 1 : 0.99999999900000002828 0.00000000100000000000
96 96 (0) 1 : 0.67498939089712850503 0.32501060910287155048
97 97 (0) 1 : 0.56741750478273889069 0.43258249521726110931
98 98 (0) 1 : 0.55346270969489186342 0.44653729030510813658
99 99 (0) 4 : 0.99999999900000002828 0.00000000100000000000
100 100 (0) 4 : 0.61268686509696668185 0.38731313490303331815
101 101 (0) 5 : 0.72791060386998363008 0.27208939613001631441
102 102 (0) 5 : 0.29205549866590679864 0.70794450133409314585
103 103 (0) 5 : 0.59239984719379534805 0.40760015280620465195
104 104 (0) 5 : 0.39158112416764723207 0.60841887583235276793
105 105 (0) 5 : 0.99999999900000002828 0.00000000100000000000
106 106 (0) 4 : 0.00000000100000000000 0.99999999900000002828
107 107 (0) 4 : 0.50528686556678714670 0.49471313443321290881
108 108 (0) 4 : 0.37730089556791340799 0.62269910443208653650
109 109 (0) 4 : 0.54790626929445684912 0.45209373070554309537
110 110 (0) 4 : 0.00000000100000000000 0.99999999900000002828
111 111 (0) 5 : 0.60401101732397177724 0.39598898267602816725
112 112 (0) 5 : 0.63482116958091650005 0.36517883041908349995
113 113 (0) 5 : 0.54727372373403471162 0.45272627626596523287
114 114 (0) 5 : 0.33081151962212074213 0.66918848037787925787
115 115 (0) 5 : 0.25177668213256426677 0.74822331786743567772
116 116 (0) 5 : 0.40755326709760064663 0.59244673290239935337
117 117 (0) 4 : 0.62621479084571485263 0.37378520915428520288
118 118 (0) 4 : 0.45074903957813106103 0.54925096042186893897
119 119 (0) 4 : 0.71144575547497912460 0.28855424452502087540
120 120 (0) 4 : 0.52478805876308642908 0.47521194123691357092
121 121 (0) 4 : 0.21792703713241023955 0.78207296286758987147
122 122 (0) 4 : 0.56319977291286937859 0.43680022708713073243
123 123 (0) 4 : 0.99999999900000002828 0.00000000100000000000
124 124 (0) 4 : 0.76831748464724192171 0.23168251535275818931
125 125 (0) 5 : 0.75080629706158108494 0.24919370293841897057
126 126 (0) 5 : 0.28157192750672682680 0.71842807249327322872
127 127 (0) 5 : 0.00000000100000000000 0.99999999900000002828
128 128 (0) 5 : 0.39388917501688008871 0.60611082498311985578
129 129 (0) 5 : 0.41954958241911644024 0.58045041758088355976
130 130 (0) 5 : 0.00000000100000000000 0.99999999900000002828
131 131 (0) 5 : 0.51780421175229274233 0.48219578824770736869
132 132 (0) 5 : 0.62462718119239579728 0.37537281880760425823
133 133 (0) 5 : 0.00000000100000000000 0.99999999900000002828
134 134 (0) 5 : 0.99999999900000002828 0.00000000100000000000
135 135 (0) 5 : 0.00000000100000000000 0.99999999900000002828
136 136 (0) 5 : 0.00000000100000000000 0.99999999900000002828
137 137 (0) 5 : 0.54582105013255377557 0.45417894986744622443
138 138 (0) 5 : 0.60783827706284310199 0.39216172293715689801
139 139 (0) 5 : 0.21191806832867560173 0.78808193167132434276
140 140 (0) 5 : 0.29623239197422607250 0.70376760802577398302
141 141 (0) 5 : 0.61560884535172755161 0.38439115464827239288
142 142 (0) 5 : 0.41506141421467923625 0.58493858578532087478
143 143 (0) 5 : 0.36580098270367389368 0.63419901729632621734
144 144 (0) 6 : 0.56106089511246648449 0.43893910488753357102
145 145 (0) 6 : 0.00000000100000000000 0.99999999900000002828
146 146 (0) 6 : 0.60161605016118169242 0.39838394983881830758
147 147 (0) 6 : 0.34439209917945401429 0.65560790082054598571
148 148 (0) 6 : 0.00000000100000000000 0.99999999900000002828
149 149 (0) 6 : 0.74951878759319179313 0.25048121240680809585
150 150 (0) 6 : 0.00000000100000000000 0.99999999900000002828
151 151 (0) 6 : 0.55812367379728844430 0.44187632620271150019
152 152 (0) 6 : 0.66858996795244962641 0.33141003204755037359
153 153 (0) 6 : 0.23811831498258015372 0.76188168501741992955
154 154 (0) 6 : 0.41858236923837510712 0.58141763076162500390
155 155 (0) 6 : 0.21109276128328158251 0.78890723871671841749
156 156 (0) 6 : 0.36673037631727833929 0.63326962368272154968
157 157 (0) 6 : 0.61456579208162265271 0.38543420791837740280
158 158 (0) 6 : 0.99999999900000002828 0.00000000100000000000
159 159 (0) 6 : 0.43300666764327555569 0.56699333235672444431
160 160 (0) 6 : 0.00000000100000000000 0.99999999900000002828
161 161 (0) 6 : 0.55160088583975797061 0.44839911416024197388
162 162 (0) 6 : 0.00000000100000000000 0.99999999900000002828
163 163 (0) 6 : 0.51289064392823913163 0.48710935607176092388
164 164 (0) 6 : 0.33320479340713354821 0.66679520659286650730
165 165 (0) 6 : 0.59788743011663125770 0.40211256988336868679
166 166 (0) 6 : 0.52811306686488046491 0.47188693313511959060
167 167 (0) 6 : 0.44389864517060051430 0.55610135482939948570
168 168 (0) 6 : 0.61715413724738144019 0.38284586275261855981
169 169 (0) 6 : 0.53568338714107499587 0.46431661285892511515
170 170 (0) 6 : 0.41849040562300132695 0.58150959437699867305
171 171 (0) 6 : 0.46126694852597743823 0.53873305147402250626
172 172 (0) 4 : 0.46626740484135542619 0.53373259515864457381
173 173 (0) 4 : 0.54838335990050146584 0.45161664009949847864
174 174 (0) 7 : 0.00159239212337996855 0.99840760787662008457
175 175 (0) 7 : 0.99999999900000002828 0.00000000100000000000
176 176 (0) 7 : 0.00000000100000000000 0.99999999900000002828
177 177 (0) 7 : 0.84804731975374070263 0.15195268024625929737
178 178 (0) 7 : 0.72729460699586312433 0.27270539300413693118
179 179 (0) 7 : 0.33527361325858362484 0.66472638674141637516
180 180 (0) 7 : 0.50840840952517762918 0.49159159047482231530
181 181 (0) 7 : 0.48246187267064183368 0.51753812732935822183
182 182 (0) 7 : 0.57794252024205572393 0.42205747975794433158
183 183 (0) 7 : 0.33249132366845668418 0.66750867633154342684
184 184 (0) 7 : 0.36915644665096974952 0.63084355334903019497
185 185 (0) 7 : 0.54676215608995004658 0.45323784391004995342
186 186 (0) 7 : 0.36327585423886205040 0.63672414576113800511
187 187 (0) 7 : 0.31749237212563841126 0.68250762787436158874
188 188 (0) 7 : 0.55728387146267799324 0.44271612853732195125
189 189 (0) 7 : 0.50232812887023536863 0.49767187112976457586
190 190 (0) 7 : 0.34436392199176690809 0.65563607800823309191
191 191 (0) 7 : 0.49964290051814536087 0.50035709948185469464
192 192 (0) 7 : 0.54644463029228407258 0.45355536970771598293
193 193 (0) 7 : 0.99999999900000002828 0.00000000100000000000
194 194 (0) 7 : 0.49710822346751570855 0.50289177653248429145
195 195 (0) 7 : 0.65107786186036242793 0.34892213813963768310
196 196 (0) 7 : 0.63437382582580814638 0.36562617417419185362
197 197 (0) 7 : 0.64500255742347212262 0.35499744257652793289
198 198 (0) 7 : 0.71338721375564084770 0.28661278624435915230
199 199 (0) 7 : 0.54493881980865632730 0.45506118019134372821
200 200 (0) 7 : 0.42258582941800082455 0.57741417058199928647
201 201 (0) 7 : 0.99999999900000002828 0.00000000100000000000
202 202 (0) 7 : 0.53673306006584287076 0.46326693993415712924
203 203 (0) 7 : 0.99999999900000002828 0.00000000100000000000
1 1 (0) 1 : 0.47417179628114164425 0.52582820371885841126
2 2 (0) 1 : 0.53297155423228281812 0.46702844576771712637
3 3 (0) 2 : 0.00000000100000000000 0.99999999900000002828
4 4 (0) 2 : 0.33717302902487711336 0.66282697097512288664
5 5 (0) 2 : 0.48561927517357034167 0.51438072482642971384
6 6 (0) 2 : 0.50507088212612116784 0.49492911787387888767
7 7 (0) 2 : 0.99994242920518550122 0.00005757079481444892
8 8 (0) 2 : 0.52169125083753631333 0.47830874916246368667
9 9 (0) 2 : 0.99999999900000002828 0.00000000100000000000
10 10 (0) 2 : 0.71628735995883385801 0.28371264004116625301
11 11 (0) 2 : 0.47441666404098414844 0.52558333595901585156
12 12 (0) 2 : 0.29126033292268793673 0.70873966707731195225
13 13 (0) 2 : 0.56527615112798812458 0.43472384887201193093
14 14 (0) 2 : 0.56130801926217732678 0.43869198073782267322
15 15 (0) 2 : 0.49440172536381543633 0.50559827463618456367
16 16 (0) 2 : 0.42124644551631584832 0.57875355448368415168
17 17 (0) 2 : 0.78594167117772939513 0.21405832882227057712
18 18 (0) 2 : 0.45305963090023837481 0.54694036909976162519
19 19 (0) 2 : 0.64082808716475914146 0.35917191283524091405
20 20 (0) 2 : 0.63144158436328634565 0.36855841563671370986
21 21 (0) 2 : 0.60154496212924157827 0.39845503787075842173
22 22 (0) 2 : 0.50897033570483107834 0.49102966429516892166
23 23 (0) 2 : 0.73825328802123080241 0.26174671197876919759
24 24 (0) 2 : 0.56246071767702154887 0.43753928232297839562
25 25 (0) 2 : 0.51843126342473133672 0.48156873657526866328
26 26 (0) 2 : 0.49555828439612353842 0.50444171560387640607
27 27 (0) 2 : 0.45501288055882532779 0.54498711944117472772
28 28 (0) 2 : 0.39057550127306700505 0.60942449872693293944
29 29 (0) 2 : 0.55932780421048333697 0.44067219578951671854
30 30 (0) 3 : 0.00000000100000000000 0.99999999900000002828
31 31 (0) 3 : 0.77567298633475834091 0.22432701366524165909
32 32 (0) 3 : 0.38673700163259083773 0.61326299836740927329
33 33 (0) 3 : 0.54522202241862294247 0.45477797758137694650
34 34 (0) 3 : 0.73643627731331617881 0.26356372268668371017
35 35 (0) 3 : 0.22393180581041888244 0.77606819418958117307
36 36 (0) 3 : 0.57054402846542073835 0.42945597153457926165
37 37 (0) 3 : 0.50789205031671813551 0.49210794968328180898
38 38 (0) 3 : 0.73602335842195154569 0.26397664157804856533
39 39 (0) 3 : 0.48328472677088479825 0.51671527322911514624
40 40 (0) 3 : 0.51645760908168880654 0.48354239091831108244
41 41 (0) 3 : 0.32435206816753547887 0.67564793183246452113
42 42 (0) 3 : 0.39919588613047091163 0.60080411386952914388
43 43 (0) 3 : 0.27019546131951399648 0.72980453868048600352
44 44 (0) 3 : 0.45158693097489072121 0.54841306902510922328
45 45 (0) 3 : 0.51378264978766663429 0.48621735021233342122
46 46 (0) 3 : 0.63295362338807603653 0.36704637661192390796
47 47 (0) 3 : 0.99999999900000002828 0.00000000100000000000
48 48 (0) 3 : 0.46731630247810163059 0.53268369752189836941
49 49 (0) 3 : 0.61744752525186130665 0.38255247474813869335
50 50 (0) 3 : 0.22832832237801894970 0.77167167762198107805
51 51 (0) 3 : 0.59871943981135444801 0.40128056018864560750
52 52 (0) 3 : 0.57947822835494344762 0.42052177164505655238
53 53 (0) 3 : 0.44658393857647099567 0.55341606142352905984
54 54 (0) 3 : 0.47381548830025738139 0.52618451169974267412
55 55 (0) 3 : 0.54353071487863513500 0.45646928512136486500
56 56 (0) 3 : 0.37891841054464531213 0.62108158945535474338
57 57 (0) 3 : 0.53673008112842712780 0.46326991887157281669
58 58 (0) 3 : 0.38504581619123490199 0.61495418380876520903
59 59 (0) 3 : 0.10493779630516937573 0.89506220369483047161
60 60 (0) 4 : 0.78473965600099071516 0.21526034399900928484
61 61 (0) 4 : 0.62099929883058180291 0.37900070116941814158
62 62 (0) 4 : 0.33924188062010818268 0.66075811937989181732
63 63 (0) 4 : 0.49822154128252721383 0.50177845871747284168
64 64 (0) 4 : 0.99999999900000002828 0.00000000100000000000
65 65 (0) 4 : 0.60991831051063494229 0.39008168948936500220
66 66 (0) 4 : 0.35366286762033261049 0.64633713237966738951
67 67 (0) 4 : 0.99999999900000002828 0.00000000100000000000
68 68 (0) 4 : 0.63424959921221590875 0.36575040078778420227
69 69 (0) 4 : 0.55273810934900191594 0.44726189065099808406
70 70 (0) 4 : 0.32297693091844326130 0.67702306908155673870
71 71 (0) 1 : 0.99999999900000002828 0.00000000100000000000
72 72 (0) 1 : 0.57814449824258917765 0.42185550175741076684
73 73 (0) 1 : 0.32228026051227848248 0.67771973948772157303
74 74 (0) 1 : 0.53678027126227323418 0.46321972873772671031
75 75 (0) 1 : 0.44795643661939105185 0.55204356338060900367
76 76 (0) 1 : 0.37535494496164362177 0.62464505503835632272
77 77 (0) 1 : 0.71079622101933814804 0.28920377898066196298
78 78 (0) 1 : 0.63619670510155912346 0.36380329489844082103
79 79 (0) 1 : 0.58246237663407007812 0.41753762336592997739
80 80 (0) 1 : 0.99999999900000002828 0.00000000100000000000
81 81 (0) 1 : 0.00000000100000000000 0.99999999900000002828
82 82 (0) 1 : 0.99999999334978006971 0.00000000665021996890
83 83 (0) 1 : 0.60243012599801015750 0.39756987400198989802
84 84 (0) 1 : 0.63693988216748709252 0.36306011783251279645
85 85 (0) 1 : 0.56603396299910468947 0.43396603700089531053
86 86 (0) 1 : 0.64984721173681192496 0.35015278826318818606
87 87 (0) 1 : 0.32882140086745553775 0.67117859913254451776
88 88 (0) 1 : 0.49120954444495795732 0.50879045555504209819
89 89 (0) 1 : 0.57510639115626072115 0.42489360884373927885
90 90 (0) 1 : 0.39969871043766513896 0.60030128956233486104
91 91 (0) 1 : 0.99999999900000002828 0.00000000100000000000
92 92 (0) 1 : 0.33354369692541507852 0.66645630307458492148
93 93 (0) 1 : 0.38471746770640063984 0.61528253229359930465
94 94 (0) 1 : 0.82217221456412847846 0.17782778543587149378
95 95 (0) 1 : 0.99999999900000002828 0.00000000100000000000
96 96 (0) 1 : 0.67498939089712850503 0.32501060910287155048
97 97 (0) 1 : 0.56741750478273889069 0.43258249521726110931
98 98 (0) 1 : 0.55346270969489186342 0.44653729030510813658
99 99 (0) 4 : 0.99999999900000002828 0.00000000100000000000
100 100 (0) 4 : 0.61268686509696668185 0.38731313490303331815
101 101 (0) 5 : 0.72791060386998363008 0.27208939613001631441
102 102 (0) 5 : 0.29205549866590679864 0.70794450133409314585
103 103 (0) 5 : 0.59239984719379534805 0.40760015280620465195
104 104 (0) 5 : 0.39158112416764723207 0.60841887583235276793
105 105 (0) 5 : 0.99999999900000002828 0.00000000100000000000
106 106 (0) 4 : 0.00000000100000000000 0.99999999900000002828
107 107 (0) 4 : 0.50528686556678714670 0.49471313443321290881
108 108 (0) 4 : 0.37730089556791340799 0.62269910443208653650
109 109 (0) 4 : 0.54790626929445684912 0.45209373070554309537
110 110 (0) 4 : 0.00000000100000000000 0.99999999900000002828
111 111 (0) 5 : 0.60401101732397177724 0.39598898267602816725
112 112 (0) 5 : 0.63482116958091650005 0.36517883041908349995
113 113 (0) 5 : 0.54727372373403471162 0.45272627626596523287
114 114 (0) 5 : 0.33081151962212074213 0.66918848037787925787
115 115 (0) 5 : 0.25177668213256426677 0.74822331786743567772
116 116 (0) 5 : 0.40755326709760064663 0.59244673290239935337
117 117 (0) 4 : 0.62621479084571485263 0.37378520915428520288
118 118 (0) 4 : 0.45074903957813106103 0.54925096042186893897
119 119 (0) 4 : 0.71144575547497912460 0.28855424452502087540
120 120 (0) 4 : 0.52478805876308642908 0.47521194123691357092
121 121 (0) 4 : 0.21792703713241023955 0.78207296286758987147
122 122 (0) 4 : 0.56319977291286937859 0.43680022708713073243
123 123 (0) 4 : 0.99999999900000002828 0.00000000100000000000
124 124 (0) 4 : 0.76831748464724192171 0.23168251535275818931
125 125 (0) 5 : 0.75080629706158108494 0.24919370293841897057
126 126 (0) 5 : 0.28157192750672682680 0.71842807249327322872
127 127 (0) 5 : 0.00000000100000000000 0.99999999900000002828
128 128 (0) 5 : 0.39388917501688008871 0.60611082498311985578
129 129 (0) 5 : 0.41954958241911644024 0.58045041758088355976
130 130 (0) 5 : 0.00000000100000000000 0.99999999900000002828
131 131 (0) 5 : 0.51780421175229274233 0.48219578824770736869
132 132 (0) 5 : 0.62462718119239579728 0.37537281880760425823
133 133 (0) 5 : 0.00000000100000000000 0.99999999900000002828
134 134 (0) 5 : 0.99999999900000002828 0.00000000100000000000
135 135 (0) 5 : 0.00000000100000000000 0.99999999900000002828
136 136 (0) 5 : 0.00000000100000000000 0.99999999900000002828
137 137 (0) 5 : 0.54582105013255377557 0.45417894986744622443
138 138 (0) 5 : 0.60783827706284310199 0.39216172293715689801
139 139 (0) 5 : 0.21191806832867560173 0.78808193167132434276
140 140 (0) 5 : 0.29623239197422607250 0.70376760802577398302
141 141 (0) 5 : 0.61560884535172755161 0.38439115464827239288
142 142 (0) 5 : 0.41506141421467923625 0.58493858578532087478
143 143 (0) 5 : 0.36580098270367389368 0.63419901729632621734
144 144 (0) 6 : 0.56106089511246648449 0.43893910488753357102
145 145 (0) 6 : 0.00000000100000000000 0.99999999900000002828
146 146 (0) 6 : 0.60161605016118169242 0.39838394983881830758
147 147 (0) 6 : 0.34439209917945401429 0.65560790082054598571
148 148 (0) 6 : 0.00000000100000000000 0.99999999900000002828
149 149 (0) 6 : 0.74951878759319179313 0.25048121240680809585
150 150 (0) 6 : 0.00000000100000000000 0.99999999900000002828
151 151 (0) 6 : 0.55812367379728844430 0.44187632620271150019
152 152 (0) 6 : 0.66858996795244962641 0.33141003204755037359
153 153 (0) 6 : 0.23811831498258015372 0.76188168501741992955
154 154 (0) 6 : 0.41858236923837510712 0.58141763076162500390
155 155 (0) 6 : 0.21109276128328158251 0.78890723871671841749
156 156 (0) 6 : 0.36673037631727833929 0.63326962368272154968
157 157 (0) 6 : 0.61456579208162265271 0.38543420791837740280
158 158 (0) 6 : 0.99999999900000002828 0.00000000100000000000
159 159 (0) 6 : 0.43300666764327555569 0.56699333235672444431
160 160 (0) 6 : 0.00000000100000000000 0.99999999900000002828
161 161 (0) 6 : 0.55160088583975797061 0.44839911416024197388
162 162 (0) 6 : 0.00000000100000000000 0.99999999900000002828
163 163 (0) 6 : 0.51289064392823913163 0.48710935607176092388
164 164 (0) 6 : 0.33320479340713354821 0.66679520659286650730
165 165 (0) 6 : 0.59788743011663125770 0.40211256988336868679
166 166 (0) 6 : 0.52811306686488046491 0.47188693313511959060
167 167 (0) 6 : 0.44389864517060051430 0.55610135482939948570
168 168 (0) 6 : 0.61715413724738144019 0.38284586275261855981
169 169 (0) 6 : 0.53568338714107499587 0.46431661285892511515
170 170 (0) 6 : 0.41849040562300132695 0.58150959437699867305
171 171 (0) 6 : 0.46126694852597743823 0.53873305147402250626
172 172 (0) 4 : 0.46626740484135542619 0.53373259515864457381
173 173 (0) 4 : 0.54838335990050146584 0.45161664009949847864
174 174 (0) 7 : 0.00159239212337996855 0.99840760787662008457
175 175 (0) 7 : 0.99999999900000002828 0.00000000100000000000
176 176 (0) 7 : 0.00000000100000000000 0.99999999900000002828
177 177 (0) 7 : 0.84804731975374070263 0.15195268024625929737
178 178 (0) 7 : 0.72729460699586312433 0.27270539300413693118
179 179 (0) 7 : 0.33527361325858362484 0.66472638674141637516
180 180 (0) 7 : 0.50840840952517762918 0.49159159047482231530
181 181 (0) 7 : 0.48246187267064183368 0.51753812732935822183
182 182 (0) 7 : 0.57794252024205572393 0.42205747975794433158
183 183 (0) 7 : 0.33249132366845668418 0.66750867633154342684
184 184 (0) 7 : 0.36915644665096974952 0.63084355334903019497
185 185 (0) 7 : 0.54676215608995004658 0.45323784391004995342
186 186 (0) 7 : 0.36327585423886205040 0.63672414576113800511
187 187 (0) 7 : 0.31749237212563841126 0.68250762787436158874
188 188 (0) 7 : 0.55728387146267799324 0.44271612853732195125
189 189 (0) 7 : 0.50232812887023536863 0.49767187112976457586
190 190 (0) 7 : 0.34436392199176690809 0.65563607800823309191
191 191 (0) 7 : 0.49964290051814536087 0.50035709948185469464
192 192 (0) 7 : 0.54644463029228407258 0.45355536970771598293
193 193 (0) 7 : 0.99999999900000002828 0.00000000100000000000
194 194 (0) 7 : 0.49710822346751570855 0.50289177653248429145
195 195 (0) 7 : 0.65107786186036242793 0.34892213813963768310
196 196 (0) 7 : 0.63437382582580814638 0.36562617417419185362
197 197 (0) 7 : 0.64500255742347212262 0.35499744257652793289
198 198 (0) 7 : 0.71338721375564084770 0.28661278624435915230
199 199 (0) 7 : 0.54493881980865632730 0.45506118019134372821
200 200 (0) 7 : 0.42258582941800082455 0.57741417058199928647
201 201 (0) 7 : 0.99999999900000002828 0.00000000100000000000
202 202 (0) 7 : 0.53673306006584287076 0.46326693993415712924
203 203 (0) 7 : 0.99999999900000002828 0.00000000100000000000
