10 -1465099.746868
10 -1465607.223928
10 -1464980.640057
10 -1465124.928564
10 -1464376.680945
10 -1465185.853431
10 -1464345.84925
10 -1463709.720804
10 -1464074.081038
10 -1464279.383002
10 -1464316.603506
10 -1464216.228042
10 -1463711.654577
10 -1463711.654577
10 -1464344.457489
10 -1464559.918438
10 -1464809.824873
10 -1464215.346996
10 -1464215.346996
10 -1464924.105834
1 -1628142.131871
1 -1628142.13187
1 -1628142.13187
1 -1628142.13187
1 -1628142.131871
1 -1628142.13187
1 -1628142.13187
1 -1628142.13187
1 -1628142.13187
1 -1628142.131871
1 -1628142.13187
1 -1628142.131871
1 -1628142.13187
1 -1628142.131871
1 -1628142.131871
1 -1628142.131871
1 -1628142.13187
1 -1628142.13187
1 -1628142.13187
1 -1628142.13187
2 -1567036.988946
2 -1567036.958182
2 -1567036.977362
2 -1567036.976045
2 -1567036.987434
2 -1567036.985304
2 -1567036.96276
2 -1567036.930417
2 -1567036.989403
2 -1567036.962384
2 -1567036.972459
2 -1567036.974746
2 -1567036.995914
2 -1567036.979494
2 -1567036.987148
2 -1567036.975364
2 -1567036.970555
2 -1567036.995488
2 -1567036.940905
2 -1567036.940905
3 -1539651.352524
3 -1539651.362581
3 -1539651.340584
3 -1539651.837081
3 -1539651.310366
3 -1539651.328504
3 -1539651.357895
3 -1539651.409478
3 -1539651.375537
3 -1539651.368982
3 -1539651.354013
3 -1539651.282382
3 -1539651.312441
3 -1539651.254521
3 -1539651.374531
3 -1539651.301765
3 -1539651.295893
3 -1539651.276778
3 -1539651.285987
3 -1539651.285987
4 -1523772.158474
4 -1523767.71824
4 -1523767.684032
4 -1523772.140382
4 -1523767.976492
4 -1523772.257527
4 -1523772.054839
4 -1523787.921891
4 -1523772.227723
4 -1523772.069501
4 -1523771.733158
4 -1523767.964006
4 -1523772.157407
4 -1523770.815155
4 -1523775.587847
4 -1523767.693388
4 -1523767.929585
4 -1523767.941593
4 -1523770.773043
4 -1523767.959951
5 -1511426.082702
5 -1511425.982465
5 -1510507.705303
5 -1511443.474797
5 -1511490.997679
5 -1511495.012715
5 -1511426.095779
5 -1511425.937588
5 -1510507.492058
5 -1511441.184524
5 -1511425.97883
5 -1511489.766112
5 -1510507.714114
5 -1510507.725841
5 -1510507.493503
5 -1511478.162936
5 -1511478.162936
5 -1511425.918749
5 -1510507.453616
5 -1511440.721597
6 -1500215.998814
6 -1498448.881426
6 -1498448.881426
6 -1500216.291657
6 -1501526.305594
6 -1498454.432576
6 -1498454.274437
6 -1498448.875114
6 -1498448.303224
6 -1498448.303224
6 -1498448.898791
6 -1498448.8664
6 -1500216.279693
6 -1500215.89097
6 -1498454.206861
6 -1500215.903799
6 -1500216.29456
6 -1498448.879203
6 -1498454.260146
6 -1498448.893557
7 -1489496.082666
7 -1487884.358486
7 -1487884.583057
7 -1487884.363458
7 -1489495.50705
7 -1489495.375917
7 -1487884.329181
7 -1487884.329181
7 -1487884.434232
7 -1487884.341512
7 -1489497.177995
7 -1489495.610869
7 -1487884.714213
7 -1487884.331411
7 -1489497.354884
7 -1489496.745365
7 -1489496.782064
7 -1489495.773617
7 -1489500.30109
7 -1487884.380006
8 -1478950.287435
8 -1478949.986648
8 -1478949.986648
8 -1478950.039789
8 -1478950.140337
8 -1478950.0527
8 -1478949.9567
8 -1478949.937299
8 -1478955.292261
8 -1478950.200925
8 -1482441.033779
8 -1478949.966058
8 -1478950.790295
8 -1478950.354621
8 -1478950.480808
8 -1478950.263288
8 -1478950.228066
8 -1478950.100711
8 -1478950.100711
8 -1478950.065157
9 -1472201.26861
9 -1471054.903104
9 -1475534.761971
9 -1471583.212899
9 -1471681.175542
9 -1471681.175542
9 -1471583.412863
9 -1471583.476803
9 -1472204.249871
9 -1472204.249871
9 -1471653.434531
9 -1471062.813051
9 -1471969.652763
9 -1472225.181852
9 -1472368.152913
9 -1471054.611463
9 -1471054.521562
9 -1472232.644689
9 -1472232.644689
9 -1472052.053907
