1 1 (0) 1 : 0.93052708601681022316 0.06947291098318975067 0.00000000099999999995 0.00000000099999999995 0.00000000099999999995
2 2 (0) 1 : 0.92207084400306515981 0.06706531364606088674 0.01086384035087379664 0.00000000099999999998 0.00000000099999999998
3 3 (0) 1 : 0.00000000099999999975 0.99999999600000000211 0.00000000099999999975 0.00000000099999999975 0.00000000099999999975
4 4 (0) 1 : 0.96018452398051234997 0.03981547301948771406 0.00000000099999999992 0.00000000099999999992 0.00000000099999999992
5 5 (0) 1 : 0.99999999600000000211 0.00000000099999999987 0.00000000099999999987 0.00000000099999999987 0.00000000099999999987
6 6 (0) 1 : 0.79286491430655947621 0.20713508269344052537 0.00000000099999999987 0.00000000099999999987 0.00000000099999999987
7 7 (0) 1 : 0.99999999600000011313 0.00000000099999999984 0.00000000099999999984 0.00000000099999999984 0.00000000099999999984
8 8 (0) 1 : 0.99999999600000011313 0.00000000099999999985 0.00000000099999999985 0.00000000099999999985 0.00000000099999999985
9 9 (0) 1 : 0.00000000099999999974 0.99999999600000011313 0.00000000099999999974 0.00000000099999999974 0.00000000099999999974
10 10 (0) 1 : 0.93021970260457409463 0.06978029439542583756 0.00000000099999999989 0.00000000099999999989 0.00000000099999999989
11 11 (0) 1 : 0.99999999600000000211 0.00000000099999999994 0.00000000099999999994 0.00000000099999999994 0.00000000099999999994
12 12 (0) 1 : 0.99999999600000000211 0.00000000099999999985 0.00000000099999999985 0.00000000099999999985 0.00000000099999999985
13 13 (0) 1 : 0.95836386539161144693 0.04163613160838859628 0.00000000099999999989 0.00000000099999999989 0.00000000099999999989
14 14 (0) 1 : 0.99999999600000011313 0.00000000099999999985 0.00000000099999999985 0.00000000099999999985 0.00000000099999999985
15 15 (0) 2 : 0.99999999600000011313 0.00000000099999999986 0.00000000099999999986 0.00000000099999999986 0.00000000099999999986
16 16 (0) 2 : 0.00000000099999999989 0.00000000099999999989 0.00000000099999999989 0.99032383066880824707 0.00967616633119162267
17 17 (0) 2 : 0.00000000099999999987 0.00000000099999999987 0.99999999600000000211 0.00000000099999999987 0.00000000099999999987
18 18 (0) 2 : 0.00000000099999999988 0.00000000099999999988 0.00000000099999999988 0.89582225274151172645 0.10417774425848824738
19 19 (0) 2 : 0.00000000099999999986 0.00000000099999999986 0.99999999600000000211 0.00000000099999999986 0.00000000099999999986
20 20 (0) 2 : 0.00000000099999999998 0.00000000099999999998 0.00074097152343673730 0.67700108922787904930 0.32225793724868412315
21 21 (0) 2 : 0.00000000099999999989 0.00000000099999999989 0.53843034595493899364 0.32784089293885693150 0.13372875910620404816
22 22 (0) 2 : 0.00000000099999999993 0.00000000099999999993 0.00000000099999999993 0.68974927630901650133 0.31025072069098341698
23 23 (0) 1 : 0.97021264971576737235 0.00576174513499016876 0.00000000099999999999 0.00000000099999999999 0.02402560314924248250
24 24 (0) 1 : 0.91605541853899241644 0.05358114249413778452 0.03036343696686992152 0.00000000099999999999 0.00000000099999999999
25 25 (0) 1 : 0.00000000099999999998 0.99999999600000011313 0.00000000099999999998 0.00000000099999999998 0.00000000099999999998
26 26 (0) 1 : 0.99060322619614149531 0.00939677080385845596 0.00000000099999999987 0.00000000099999999987 0.00000000099999999987
27 27 (0) 2 : 0.00000000099999999966 0.00000000099999999966 0.00000000099999999966 0.00000000099999999966 0.99999999600000000211
28 28 (0) 2 : 0.00000000099999999985 0.00000000099999999985 0.00000000099999999985 0.99999999599999989108 0.00000000099999999985
29 29 (0) 2 : 0.00000000099999999984 0.00000000099999999984 0.99999999600000000211 0.00000000099999999984 0.00000000099999999984
30 30 (0) 2 : 0.00000000099999999991 0.00000000099999999991 0.00000000099999999991 0.99999999599999989108 0.00000000099999999991
31 31 (0) 2 : 0.04870031453169675062 0.00000000099999999999 0.00003504863641730740 0.87231338979114958487 0.07895124604073620878
32 32 (0) 2 : 0.00000000100000000000 0.14103350283439355928 0.17890100045897888714 0.47589719358541127114 0.20416830212121622745
33 33 (0) 2 : 0.00000000099999999985 0.00000000099999999985 0.89177809483924097567 0.00000000099999999985 0.10822190216075906755
34 34 (0) 1 : 0.97681250331132241094 0.02318749368867773289 0.00000000099999999992 0.00000000099999999992 0.00000000099999999992
35 35 (0) 2 : 0.00000000099999999990 0.00000000099999999990 0.69052950112834166063 0.30947049587165814666 0.00000000099999999990
36 36 (0) 2 : 0.00000000099999999990 0.00000000099999999990 0.00000000099999999990 0.88490799510929196714 0.11509200189070804832
37 37 (0) 2 : 0.00000000099999999996 0.00000000099999999996 0.44730061019603212236 0.42945702944770230980 0.12324235835626570768
38 38 (0) 2 : 0.00000000099999999986 0.00000000099999999986 0.99999999600000000211 0.00000000099999999986 0.00000000099999999986
39 39 (0) 2 : 0.99135029062706303549 0.00864970637293698344 0.00000000099999999987 0.00000000099999999987 0.00000000099999999987
40 40 (0) 2 : 0.99999999600000011313 0.00000000099999999987 0.00000000099999999987 0.00000000099999999987 0.00000000099999999987
41 41 (0) 2 : 0.99999999600000000211 0.00000000099999999988 0.00000000099999999988 0.00000000099999999988 0.00000000099999999988
42 42 (0) 2 : 0.99299139348823661777 0.00700860351176348356 0.00000000099999999991 0.00000000099999999991 0.00000000099999999991
43 43 (0) 2 : 0.99812656340303618219 0.00187343359696389420 0.00000000099999999988 0.00000000099999999988 0.00000000099999999988
44 44 (0) 2 : 0.00000000099999999983 0.00000000099999999983 0.00000000099999999983 0.99999999600000000211 0.00000000099999999983
45 45 (0) 2 : 0.00000000099999999995 0.00000000099999999995 0.99999999599999989108 0.00000000099999999995 0.00000000099999999995
46 46 (0) 2 : 0.00000000099999999994 0.00000000099999999994 0.31440116171093962505 0.68559883528906018224 0.00000000099999999994
47 47 (0) 2 : 0.99999999381496329498 0.00000000318503662601 0.00000000099999999994 0.00000000099999999994 0.00000000099999999994
48 48 (0) 2 : 0.00000000099999999989 0.00000000099999999989 0.49918613402411393665 0.50081386297588592615 0.00000000099999999989
49 49 (0) 1 : 0.98626423783155436897 0.01373575916844572281 0.00000000099999999995 0.00000000099999999995 0.00000000099999999995
50 50 (0) 1 : 0.99999999600000011313 0.00000000099999999985 0.00000000099999999985 0.00000000099999999985 0.00000000099999999985
51 51 (0) 1 : 0.99999999600000011313 0.00000000099999999987 0.00000000099999999987 0.00000000099999999987 0.00000000099999999987
52 52 (0) 1 : 0.99999999600000011313 0.00000000099999999983 0.00000000099999999983 0.00000000099999999983 0.00000000099999999983
53 53 (0) 1 : 0.93565757529753990074 0.06434242170246005921 0.00000000099999999989 0.00000000099999999989 0.00000000099999999989
54 54 (0) 1 : 0.97252279088198845258 0.02747720611801169818 0.00000000099999999989 0.00000000099999999989 0.00000000099999999989
55 55 (0) 1 : 0.98783893806528977333 0.01216105893471023693 0.00000000099999999997 0.00000000099999999997 0.00000000099999999997
56 56 (0) 3 : 0.00000000099999999982 0.00000000099999999982 0.00000000099999999982 0.00000000099999999982 0.99999999600000000211
57 57 (0) 3 : 0.00000000099999999987 0.00000000099999999987 0.00000000099999999987 0.92308400872616691579 0.07691598827383311354
58 58 (0) 3 : 0.00000000099999999986 0.00000000099999999986 0.00000000099999999986 0.99999999599999989108 0.00000000099999999986
59 59 (0) 3 : 0.00000000099999999990 0.00000000099999999990 0.00000000099999999990 0.82094761426485729494 0.17905238273514278990
60 60 (0) 3 : 0.00000000099999999991 0.00000000099999999991 0.62849610896088792256 0.30523830300103188540 0.06626558603808015147
61 61 (0) 3 : 0.00000000099999999998 0.00000000099999999998 0.00000000099999999998 0.99999999600000000211 0.00000000099999999998
62 62 (0) 3 : 0.00000000099999999990 0.00000000099999999990 0.59647531926689045800 0.40352467773310940480 0.00000000099999999990
63 63 (0) 4 : 0.00000000099999999981 0.99999999600000011313 0.00000000099999999981 0.00000000099999999981 0.00000000099999999981
64 64 (0) 4 : 0.99999999600000011313 0.00000000099999999988 0.00000000099999999988 0.00000000099999999988 0.00000000099999999988
65 65 (0) 4 : 0.96607347686318889579 0.03392652013681122375 0.00000000099999999988 0.00000000099999999988 0.00000000099999999988
66 66 (0) 3 : 0.00000000099999999988 0.00000000099999999988 0.00000000099999999988 0.95664508122344149577 0.04335491577655847806
67 67 (0) 3 : 0.00000000099999999992 0.00000000099999999992 0.57784708978865007012 0.36175874041587041674 0.06039416779547938235
68 68 (0) 3 : 0.00000000099999999966 0.00000000099999999966 0.00000000099999999966 0.00000000099999999966 0.99999999600000000211
69 69 (0) 3 : 0.00000000099999999992 0.00000000099999999992 0.31865615617156872741 0.45143215890741361651 0.22991168292101749060
70 70 (0) 3 : 0.00000000099999999987 0.00000000099999999987 0.00000000099999999987 0.99999999600000000211 0.00000000099999999987
71 71 (0) 3 : 0.00000000099999999992 0.00000000099999999992 0.50993067557096372067 0.38494966066045371855 0.10511966176858258959
72 72 (0) 4 : 0.94267775068652381876 0.03789037752438927098 0.00000000099999999999 0.00000000099999999999 0.01943186978908691825
73 73 (0) 4 : 0.93407587243980227942 0.00000000099999999999 0.00000000099999999999 0.06592412456019768052 0.00000000099999999999
74 74 (0) 4 : 0.99999999600000011313 0.00000000099999999986 0.00000000099999999986 0.00000000099999999986 0.00000000099999999986
75 75 (0) 4 : 0.97185207766967174337 0.02814791933032833107 0.00000000099999999992 0.00000000099999999992 0.00000000099999999992
76 76 (0) 4 : 0.95339200470028884205 0.04660799229971104157 0.00000000099999999986 0.00000000099999999986 0.00000000099999999986
77 77 (0) 4 : 0.99999999600000000211 0.00000000099999999986 0.00000000099999999986 0.00000000099999999986 0.00000000099999999986
78 78 (0) 4 : 0.99999999600000011313 0.00000000099999999984 0.00000000099999999984 0.00000000099999999984 0.00000000099999999984
79 79 (0) 3 : 0.99999999600000011313 0.00000000099999999983 0.00000000099999999983 0.00000000099999999983 0.00000000099999999983
80 80 (0) 3 : 0.00000000099999999995 0.00000000099999999995 0.38684444717793486923 0.50025201259313578639 0.11290353822892935931
81 81 (0) 3 : 0.00000000099999999997 0.00000000099999999997 0.44534977919054696827 0.55465021780945289454 0.00000000099999999997
82 82 (0) 3 : 0.00000000099999999986 0.00000000099999999986 0.99999999600000000211 0.00000000099999999986 0.00000000099999999986
83 83 (0) 3 : 0.99999994243554046758 0.00000005456445955365 0.00000000099999999986 0.00000000099999999986 0.00000000099999999986
84 84 (0) 3 : 0.99999999600000000211 0.00000000099999999985 0.00000000099999999985 0.00000000099999999985 0.00000000099999999985
85 85 (0) 3 : 0.00000000099999999987 0.00000000099999999987 0.00000000099999999987 0.99999998712715432170 0.00000000987284556594
86 86 (0) 3 : 0.00000000099999999991 0.00000000099999999991 0.30443625682470204508 0.69556374017529787324 0.00000000099999999991
87 87 (0) 3 : 0.04789175789514538151 0.00000000100000000000 0.09041604988075555016 0.77316762858107290768 0.08852456264302624445
88 88 (0) 3 : 0.00000000099999999990 0.00000000099999999990 0.50709386906046860499 0.43937947186820569545 0.05352665707132561040
89 89 (0) 4 : 0.90840224649037226712 0.05141824756485762621 0.00000000099999999999 0.04017950394477005222 0.00000000099999999999
90 90 (0) 3 : 0.00000000099999999991 0.00000000099999999991 0.44952023140597940909 0.55047976559402067576 0.00000000099999999991
91 91 (0) 3 : 0.00000000099999999990 0.00000000099999999990 0.00000000099999999990 0.99999999599999989108 0.00000000099999999990
92 92 (0) 3 : 0.00000000099999999988 0.00000000099999999988 0.00000000099999999988 0.61215450425406015000 0.38784549274593982382
93 93 (0) 3 : 0.00000000099999999993 0.00000000099999999993 0.69229128864641598096 0.17908659903122844947 0.12862211032235551511
94 94 (0) 3 : 0.18797385558499254965 0.00000000100000000000 0.22530161297702475109 0.58672452943798281133 0.00000000100000000000
95 95 (0) 4 : 0.86484693104225029980 0.01641237289441928662 0.00000000100000000000 0.11372728937459251897 0.00501340568873801830
96 96 (0) 4 : 0.99999999600000011313 0.00000000099999999985 0.00000000099999999985 0.00000000099999999985 0.00000000099999999985
97 97 (0) 4 : 0.99999999600000011313 0.00000000099999999995 0.00000000099999999995 0.00000000099999999995 0.00000000099999999995
98 98 (0) 4 : 0.90258256118633428677 0.05458513235289403492 0.04283230446077163772 0.00000000099999999999 0.00000000099999999999
99 99 (0) 4 : 0.93914990450750779338 0.06085009249249235391 0.00000000099999999995 0.00000000099999999995 0.00000000099999999995
100 100 (0) 4 : 0.97657971597011061782 0.02342028102988932825 0.00000000099999999985 0.00000000099999999985 0.00000000099999999985
101 101 (0) 4 : 0.99999999600000011313 0.00000000099999999987 0.00000000099999999987 0.00000000099999999987 0.00000000099999999987
102 102 (0) 4 : 0.99999999600000000211 0.00000000099999999982 0.00000000099999999982 0.00000000099999999982 0.00000000099999999982
103 103 (0) 4 : 0.00000000099999999973 0.99999999600000011313 0.00000000099999999973 0.00000000099999999973 0.00000000099999999973
104 104 (0) 4 : 0.93147479688875289838 0.06852520011124706156 0.00000000099999999998 0.00000000099999999998 0.00000000099999999998
105 105 (0) 4 : 0.98010652710685219891 0.01989346989314780961 0.00000000099999999996 0.00000000099999999996 0.00000000099999999996
106 106 (0) 4 : 0.94330624237069360394 0.02415260877909460036 0.03254114685021188697 0.00000000099999999999 0.00000000099999999999
107 107 (0) 4 : 0.92869761885966117809 0.07130237814033894839 0.00000000099999999998 0.00000000099999999998 0.00000000099999999998
108 108 (0) 4 : 0.99429388787338823796 0.00570610912661184601 0.00000000099999999991 0.00000000099999999991 0.00000000099999999991
109 109 (0) 4 : 0.98904102314199238144 0.01095897385800772075 0.00000000099999999987 0.00000000099999999987 0.00000000099999999987
110 110 (0) 4 : 0.89162944809156863268 0.10837054890843132726 0.00000000099999999992 0.00000000099999999992 0.00000000099999999992
111 111 (0) 4 : 0.00000000099999999975 0.99999999600000011313 0.00000000099999999975 0.00000000099999999975 0.00000000099999999975
112 112 (0) 4 : 0.00000000099999999985 0.99999999600000011313 0.00000000099999999985 0.00000000099999999985 0.00000000099999999985
113 113 (0) 4 : 0.00000000099999999990 0.00000000099999999990 0.43005527720031361261 0.49373493062599849157 0.07620979017368785524
114 114 (0) 4 : 0.98827223786167373021 0.01172775913832633209 0.00000000099999999998 0.00000000099999999998 0.00000000099999999998
115 115 (0) 4 : 0.99999999600000011313 0.00000000099999999985 0.00000000099999999985 0.00000000099999999985 0.00000000099999999985
116 116 (0) 4 : 0.99790466457881776829 0.00209533242118217907 0.00000000099999999990 0.00000000099999999990 0.00000000099999999990
1 1 (0) 1 : 0.00000000099999999995 0.06941556179997947218 0.93058443520002043226 0.00000000099999999995 0.00000000099999999995
2 2 (0) 1 : 0.00390062344061031015 0.07037174696815640118 0.92572762759123328191 0.00000000099999999999 0.00000000099999999999
3 3 (0) 1 : 0.00000000099999999975 0.99999999600000011313 0.00000000099999999975 0.00000000099999999975 0.00000000099999999975
4 4 (0) 1 : 0.00000000099999999992 0.03954144733382583543 0.96045854966617427717 0.00000000099999999992 0.00000000099999999992
5 5 (0) 1 : 0.00000000099999999987 0.00000000099999999987 0.99999999599999989108 0.00000000099999999987 0.00000000099999999987
6 6 (0) 1 : 0.00000000099999999987 0.20743889549129132521 0.79256110150870862086 0.00000000099999999987 0.00000000099999999987
7 7 (0) 1 : 0.00000000099999999983 0.00000000099999999983 0.99999999600000000211 0.00000000099999999983 0.00000000099999999983
8 8 (0) 1 : 0.00000000099999999985 0.00000000099999999985 0.99999999599999989108 0.00000000099999999985 0.00000000099999999985
9 9 (0) 1 : 0.00000000099999999974 0.99999999600000000211 0.00000000099999999974 0.00000000099999999974 0.00000000099999999974
10 10 (0) 1 : 0.00000000099999999990 0.07029785711331056064 0.92970213988668937155 0.00000000099999999990 0.00000000099999999990
11 11 (0) 1 : 0.00000000099999999994 0.00000000099999999994 0.99999999599999989108 0.00000000099999999994 0.00000000099999999994
12 12 (0) 1 : 0.00000000099999999985 0.00000000099999999985 0.99999999599999989108 0.00000000099999999985 0.00000000099999999985
13 13 (0) 1 : 0.00000000099999999989 0.04143463580086004933 0.95856536119914004246 0.00000000099999999989 0.00000000099999999989
14 14 (0) 1 : 0.00000000099999999984 0.00000000099999999984 0.99999999600000000211 0.00000000099999999984 0.00000000099999999984
15 15 (0) 2 : 0.00000000099999999986 0.00000000099999999986 0.99999999599999989108 0.00000000099999999986 0.00000000099999999986
16 16 (0) 2 : 0.00000000099999999989 0.00000000099999999989 0.00000000099999999989 0.07558474285286165273 0.92441525414713821007
17 17 (0) 2 : 0.99999999600000000211 0.00000000099999999988 0.00000000099999999988 0.00000000099999999988 0.00000000099999999988
18 18 (0) 2 : 0.19859352739438820845 0.00000000099999999989 0.00000000099999999989 0.14552574328060194353 0.65588072732500990458
19 19 (0) 2 : 0.81731894870137111742 0.00000000099999999988 0.00000000099999999988 0.18268104829862899519 0.00000000099999999988
20 20 (0) 2 : 0.00000000099999999999 0.00000000099999999999 0.00000000099999999999 0.16643247712230643809 0.83356751987769339696
21 21 (0) 2 : 0.99999999600000000211 0.00000000099999999984 0.00000000099999999984 0.00000000099999999984 0.00000000099999999984
22 22 (0) 2 : 0.59229034705861449694 0.00000000099999999995 0.00000000099999999995 0.13376799519335655364 0.27394165574802881169
23 23 (0) 1 : 0.00000000099999999997 0.00000477392259510843 0.96756382892169412457 0.03243139515571061282 0.00000000099999999997
24 24 (0) 1 : 0.00000000100000000000 0.05338324257499122566 0.91652945308051425588 0.01056628639971243615 0.01952101694478201172
25 25 (0) 1 : 0.00000000099999999997 0.99999999600000000211 0.00000000099999999997 0.00000000099999999997 0.00000000099999999997
26 26 (0) 1 : 0.00000000099999999987 0.00984258831102123241 0.99015740868897883509 0.00000000099999999987 0.00000000099999999987
27 27 (0) 2 : 0.00000000099999999969 0.00000000099999999969 0.00000000099999999969 0.99999999600000000211 0.00000000099999999969
28 28 (0) 2 : 0.00000000099999999985 0.00000000099999999985 0.00000000099999999985 0.00000000099999999985 0.99999999600000000211
29 29 (0) 2 : 0.00000000099999999979 0.00000000099999999979 0.00000000099999999979 0.99999999600000000211 0.00000000099999999979
30 30 (0) 2 : 0.99999999600000000211 0.00000000099999999990 0.00000000099999999990 0.00000000099999999990 0.00000000099999999990
31 31 (0) 2 : 0.00078464658808311547 0.00000000099999999999 0.03248030114824451697 0.00000000099999999999 0.96673505026367234638
32 32 (0) 2 : 0.85897454514824433947 0.14101987289823517124 0.00000000100000000000 0.00000439411261549946 0.00000118684090494289
33 33 (0) 2 : 0.99999999600000011313 0.00000000099999999984 0.00000000099999999984 0.00000000099999999984 0.00000000099999999984
34 34 (0) 1 : 0.00000000099999999992 0.02322719849702046049 0.97677279850297948904 0.00000000099999999992 0.00000000099999999992
35 35 (0) 2 : 0.00000000099999999991 0.00000000099999999991 0.00000000099999999991 0.11469249049294882870 0.88530750650705114513
36 36 (0) 2 : 0.00000000099999999990 0.00000000099999999990 0.00000000099999999990 0.18087229980058336376 0.81912769719941658231
37 37 (0) 2 : 0.33093206979573913662 0.00000000099999999995 0.00000000099999999995 0.27192755904092980046 0.39714036916333106397
38 38 (0) 2 : 0.99999999600000000211 0.00000000099999999988 0.00000000099999999988 0.00000000099999999988 0.00000000099999999988
39 39 (0) 2 : 0.00000000099999999988 0.00858956291726347722 0.99141043408273643589 0.00000000099999999988 0.00000000099999999988
40 40 (0) 2 : 0.00000000099999999987 0.00000000099999999987 0.99999999599999989108 0.00000000099999999987 0.00000000099999999987
41 41 (0) 2 : 0.00000000099999999988 0.00000000099999999988 0.99999999600000000211 0.00000000099999999988 0.00000000099999999988
42 42 (0) 2 : 0.00000000099999999990 0.00723609499324663445 0.99276390200675346254 0.00000000099999999990 0.00000000099999999990
43 43 (0) 2 : 0.00000000099999999988 0.00193296188545743542 0.99806703511454253341 0.00000000099999999988 0.00000000099999999988
44 44 (0) 2 : 0.00000000099999999985 0.00000000099999999985 0.00000000099999999985 0.00000000099999999985 0.99999999599999989108
45 45 (0) 2 : 0.50604819777120291224 0.00000000099999999999 0.03682395069893491801 0.06144957263167757228 0.39567827789818460493
46 46 (0) 2 : 0.00000000099999999991 0.00000000099999999991 0.00000000099999999991 0.00000000099999999991 0.99999999600000000211
47 47 (0) 2 : 0.00000000099999999994 0.00000012675799180339 0.99999987024200820418 0.00000000099999999994 0.00000000099999999994
48 48 (0) 2 : 0.00000000099999999989 0.00000000099999999989 0.00000000099999999989 0.17482481279628403481 0.82517518420371605004
49 49 (0) 1 : 0.00000000099999999995 0.01369984192245364205 0.98630015507754631443 0.00000000099999999995 0.00000000099999999995
50 50 (0) 1 : 0.00000000099999999985 0.00000000099999999985 0.99999999600000000211 0.00000000099999999985 0.00000000099999999985
51 51 (0) 1 : 0.00000000099999999987 0.00000000099999999987 0.99999999600000000211 0.00000000099999999987 0.00000000099999999987
52 52 (0) 1 : 0.00000000099999999983 0.00000000099999999983 0.99999999600000000211 0.00000000099999999983 0.00000000099999999983
53 53 (0) 1 : 0.00000000099999999989 0.06468113893427426819 0.93531885806572578890 0.00000000099999999989 0.00000000099999999989
54 54 (0) 1 : 0.00000000099999999989 0.02799370671859580453 0.97200629028140417276 0.00000000099999999989 0.00000000099999999989
55 55 (0) 1 : 0.00000000099999999996 0.01312785776683342287 0.98687213923316663422 0.00000000099999999996 0.00000000099999999996
56 56 (0) 3 : 0.79601206645759869929 0.00000000099999999989 0.00000000099999999989 0.20398793054240127454 0.00000000099999999989
57 57 (0) 3 : 0.23160561269177959431 0.00000000099999999988 0.00000000099999999988 0.10600726582426756028 0.66238711948395290197
58 58 (0) 3 : 0.00000000099999999988 0.00000000099999999988 0.00000000099999999988 0.00000000099999999988 0.99999999600000000211
59 59 (0) 3 : 0.00000000099999999989 0.00000000099999999989 0.00000000099999999989 0.10840419562081039795 0.89159580137918970077
60 60 (0) 3 : 0.26397957306043229320 0.00000000099999999992 0.00000000099999999992 0.32435178764121480599 0.41166863729835273533
61 61 (0) 3 : 0.08099902768613741200 0.00000000099999999998 0.00000000099999999998 0.00000000099999999998 0.91900096931386254795
62 62 (0) 3 : 0.53328252850489754611 0.00000000099999999991 0.00000000099999999991 0.00000000099999999991 0.46671746849510264976
63 63 (0) 4 : 0.00000000099999999981 0.99999999600000000211 0.00000000099999999981 0.00000000099999999981 0.00000000099999999981
64 64 (0) 4 : 0.00000000099999999988 0.00000000099999999988 0.99999999600000000211 0.00000000099999999988 0.00000000099999999988
65 65 (0) 4 : 0.00000000099999999988 0.03423462236718865376 0.96576537463281131313 0.00000000099999999988 0.00000000099999999988
66 66 (0) 3 : 0.00000000099999999987 0.00000000099999999987 0.00000000099999999987 0.00000000099999999987 0.99999999600000000211
67 67 (0) 3 : 0.31875508680840730635 0.00000000099999999993 0.00000000099999999993 0.06145475763674206060 0.61979015355485056471
68 68 (0) 3 : 0.00000000099999999966 0.00000000099999999966 0.00000000099999999966 0.99999999599999989108 0.00000000099999999966
69 69 (0) 3 : 0.75405359983322872708 0.00000000099999999990 0.00000000099999999990 0.24594639716677116348 0.00000000099999999990
70 70 (0) 3 : 0.00000000099999999985 0.00000000099999999985 0.00000000099999999985 0.00000000099999999985 0.99999999600000000211
71 71 (0) 3 : 0.85563010965016039755 0.00000000099999999989 0.00000000099999999989 0.14436988734983971505 0.00000000099999999989
72 72 (0) 4 : 0.00000000100000000000 0.04000666639749855813 0.94438674977480330242 0.00000204176465509052 0.01560454106304291766
73 73 (0) 4 : 0.00000000099999999999 0.00000000099999999999 0.93318888084581608222 0.00000000099999999999 0.06681111615418387772
74 74 (0) 4 : 0.00000000099999999986 0.00000000099999999986 0.99999999599999989108 0.00000000099999999986 0.00000000099999999986
75 75 (0) 4 : 0.00000000099999999992 0.02910446707533193011 0.97089552992466821024 0.00000000099999999992 0.00000000099999999992
76 76 (0) 4 : 0.00000000099999999987 0.04675842330059996194 0.95324157369939999107 0.00000000099999999987 0.00000000099999999987
77 77 (0) 4 : 0.00000000099999999986 0.00000000099999999986 0.99999999600000000211 0.00000000099999999986 0.00000000099999999986
78 78 (0) 4 : 0.00000000099999999984 0.00000000099999999984 0.99999999599999989108 0.00000000099999999984 0.00000000099999999984
79 79 (0) 3 : 0.00000000099999999983 0.00000000099999999983 0.99999999600000000211 0.00000000099999999983 0.00000000099999999983
80 80 (0) 3 : 0.46234984962052583235 0.00000000099999999994 0.00000000099999999994 0.09682995178769401856 0.44082019659178001136
81 81 (0) 3 : 0.00000000099999999994 0.00000000099999999994 0.00000000099999999994 0.00000000099999999994 0.99999999600000000211
82 82 (0) 3 : 0.55599595870759122018 0.00000000099999999990 0.00000000099999999990 0.16044737548253179549 0.28355666380987704089
83 83 (0) 3 : 0.00000000099999999986 0.00000093814614031904 0.99999905885385964588 0.00000000099999999986 0.00000000099999999986
84 84 (0) 3 : 0.00000000099999999985 0.00000000099999999985 0.99999999600000000211 0.00000000099999999985 0.00000000099999999985
85 85 (0) 3 : 0.00000000099999999985 0.00000000099999999985 0.00000000099999999985 0.00000000099999999985 0.99999999600000000211
86 86 (0) 3 : 0.99999999600000000211 0.00000000099999999986 0.00000000099999999986 0.00000000099999999986 0.00000000099999999986
87 87 (0) 3 : 0.38195910718821640684 0.00000119858805654864 0.05387286842648569135 0.10205305304715837911 0.46211377275008308496
88 88 (0) 3 : 0.99999999600000011313 0.00000000099999999986 0.00000000099999999986 0.00000000099999999986 0.00000000099999999986
89 89 (0) 4 : 0.00000000100000000000 0.05262383760609934402 0.90879019908176272846 0.00000000100000000000 0.03858596131213788000
90 90 (0) 3 : 0.24517827662761060292 0.00000000099999999991 0.00000000099999999991 0.04667464785414422029 0.70814707351824524029
91 91 (0) 3 : 0.00000000099999999990 0.00000000099999999990 0.00000000099999999990 0.00000000099999999990 0.99999999600000000211
92 92 (0) 3 : 0.66079889791636170493 0.00000000099999999988 0.00000000099999999988 0.33917070616736716415 0.00003039391627118928
93 93 (0) 3 : 0.00000000099999999993 0.00000000099999999993 0.00000000099999999993 0.35125901635339246143 0.64874098064660756791
94 94 (0) 3 : 0.17635873935415075087 0.00000000100000000000 0.18672369888166201468 0.00000000100000000000 0.63691755976418706897
95 95 (0) 4 : 0.00000000100000000000 0.01946297086383901032 0.86096066781286351155 0.00146736689689596863 0.11810899342640149290
96 96 (0) 4 : 0.00000000099999999985 0.00000000099999999985 0.99999999599999989108 0.00000000099999999985 0.00000000099999999985
97 97 (0) 4 : 0.00000000099999999995 0.00000000099999999995 0.99999999599999989108 0.00000000099999999995 0.00000000099999999995
98 98 (0) 4 : 0.04066223062657888659 0.05687472384467825298 0.90170145472693685740 0.00000000099999999999 0.00076158980180601017
99 99 (0) 4 : 0.00000000099999999995 0.06106266103567414838 0.93893733596432571442 0.00000000099999999995 0.00000000099999999995
100 100 (0) 4 : 0.00000000099999999985 0.02352226085844679945 0.97647773614155330968 0.00000000099999999985 0.00000000099999999985
101 101 (0) 4 : 0.00000000099999999987 0.00000000099999999987 0.99999999599999989108 0.00000000099999999987 0.00000000099999999987
102 102 (0) 4 : 0.00000000099999999982 0.00000000099999999982 0.99999999600000000211 0.00000000099999999982 0.00000000099999999982
103 103 (0) 4 : 0.00000000099999999973 0.99999999600000011313 0.00000000099999999973 0.00000000099999999973 0.00000000099999999973
104 104 (0) 4 : 0.00000000099999999998 0.06856222466365621826 0.93143777233634383883 0.00000000099999999998 0.00000000099999999998
105 105 (0) 4 : 0.00000000099999999996 0.02045728331728940280 0.97954271368271061959 0.00000000099999999996 0.00000000099999999996
106 106 (0) 4 : 0.02866935831551351704 0.02532266141437411466 0.94600797827011240404 0.00000000100000000000 0.00000000100000000000
107 107 (0) 4 : 0.00000000099999999998 0.07103997663659544770 0.92896002036340441510 0.00000000099999999998 0.00000000099999999998
108 108 (0) 4 : 0.00000000099999999991 0.00721138347367064701 0.99278861352632941095 0.00000000099999999991 0.00000000099999999991
109 109 (0) 4 : 0.00000000099999999987 0.01125015127505021688 0.98874984572494972745 0.00000000099999999987 0.00000000099999999987
110 110 (0) 4 : 0.00000000099999999992 0.10819681762784336132 0.89180317937215658475 0.00000000099999999992 0.00000000099999999992
111 111 (0) 4 : 0.00000000099999999975 0.99999999600000011313 0.00000000099999999975 0.00000000099999999975 0.00000000099999999975
112 112 (0) 4 : 0.00000000099999999985 0.99999999600000011313 0.00000000099999999985 0.00000000099999999985 0.00000000099999999985
113 113 (0) 4 : 0.00000000099999999989 0.00000000099999999989 0.00000000099999999989 0.08354716195242477272 0.91645283504757513171
114 114 (0) 4 : 0.00000000099999999998 0.01144074728381887403 0.98855924971618103214 0.00000000099999999998 0.00000000099999999998
115 115 (0) 4 : 0.00000000099999999985 0.00000000099999999985 0.99999999600000000211 0.00000000099999999985 0.00000000099999999985
116 116 (0) 4 : 0.00000000099999999990 0.00219115522170251287 0.99780884177829742843 0.00000000099999999990 0.00000000099999999990
1 1 (0) 1 : 0.00000000099999999995 0.00000000099999999995 0.00000000099999999995 0.06924712699829070617 0.93075287000170936480
2 2 (0) 1 : 0.00000000099999999998 0.00000000099999999998 0.00810801930910758605 0.06794867037882089400 0.92394330831207149846
3 3 (0) 1 : 0.00000000099999999975 0.00000000099999999975 0.00000000099999999975 0.99999999600000000211 0.00000000099999999975
4 4 (0) 1 : 0.00000000099999999992 0.00000000099999999992 0.00000000099999999992 0.03917986205233803948 0.96082013494766205230
5 5 (0) 1 : 0.00000000099999999987 0.00000000099999999987 0.00000000099999999987 0.00000000099999999987 0.99999999599999989108
6 6 (0) 1 : 0.00000000099999999987 0.00000000099999999987 0.00000000099999999987 0.20704875101660272230 0.79295124598339727928
7 7 (0) 1 : 0.00000000099999999983 0.00000000099999999983 0.00000000099999999983 0.00000000099999999983 0.99999999599999989108
8 8 (0) 1 : 0.00000000099999999986 0.00000000099999999986 0.00000000099999999986 0.00000000099999999986 0.99999999599999989108
9 9 (0) 1 : 0.00000000099999999974 0.00000000099999999974 0.00000000099999999974 0.99999999600000000211 0.00000000099999999974
10 10 (0) 1 : 0.00000000099999999989 0.00000000099999999989 0.00000000099999999989 0.06995310864053418121 0.93004688835946569547
11 11 (0) 1 : 0.00000000099999999994 0.00000000099999999994 0.00000000099999999994 0.00000000099999999994 0.99999999600000000211
12 12 (0) 1 : 0.00000000099999999985 0.00000000099999999985 0.00000000099999999985 0.00000000099999999985 0.99999999599999989108
13 13 (0) 1 : 0.00000000099999999989 0.00000000099999999989 0.00000000099999999989 0.04127446306461386716 0.95872553393538617605
14 14 (0) 1 : 0.00000000099999999985 0.00000000099999999985 0.00000000099999999985 0.00000000099999999985 0.99999999599999989108
15 15 (0) 2 : 0.00000000099999999986 0.00000000099999999986 0.00000000099999999986 0.00000000099999999986 0.99999999600000000211
16 16 (0) 2 : 0.95476217645392846833 0.04523782054607156794 0.00000000099999999990 0.00000000099999999990 0.00000000099999999990
17 17 (0) 2 : 0.00000000099999999988 0.00000000099999999988 0.99999999599999989108 0.00000000099999999988 0.00000000099999999988
18 18 (0) 2 : 0.86883113614410012460 0.13116886085589996025 0.00000000099999999987 0.00000000099999999987 0.00000000099999999987
19 19 (0) 2 : 0.00000000099999999986 0.00000031686678567465 0.99999968013321427485 0.00000000099999999986 0.00000000099999999986
20 20 (0) 2 : 0.76953740814356763611 0.23046258885643233771 0.00000000099999999998 0.00000000099999999998 0.00000000099999999998
21 21 (0) 2 : 0.29315449830816275867 0.03492233585435453036 0.67192316383748273978 0.00000000099999999989 0.00000000099999999989
22 22 (0) 2 : 0.75190598322630641803 0.24809401377369352804 0.00000000099999999993 0.00000000099999999993 0.00000000099999999993
23 23 (0) 1 : 0.00000000099999999998 0.03022919085491894420 0.00000000099999999998 0.00018660766441982437 0.96958419948066121297
24 24 (0) 1 : 0.02926117960007925539 0.00000000100000000000 0.00000000852503333610 0.05250215935506423459 0.91823665151982325483
25 25 (0) 1 : 0.00000000099999999998 0.00000000099999999998 0.00000000099999999998 0.99999999599999989108 0.00000000099999999998
26 26 (0) 1 : 0.00000000099999999987 0.00000000099999999987 0.00000000099999999987 0.00907849484282754506 0.99092150215717245132
27 27 (0) 2 : 0.00000000099999999960 0.99999999600000000211 0.00000000099999999960 0.00000000099999999960 0.00000000099999999960
28 28 (0) 2 : 0.99999999600000000211 0.00000000099999999985 0.00000000099999999985 0.00000000099999999985 0.00000000099999999985
29 29 (0) 2 : 0.00000000099999999986 0.11872174127621983042 0.88127825572378026830 0.00000000099999999986 0.00000000099999999986
30 30 (0) 2 : 0.99999999600000000211 0.00000000099999999991 0.00000000099999999991 0.00000000099999999991 0.00000000099999999991
31 31 (0) 2 : 0.00000000099999999999 0.00000000099999999999 0.99999999600000000211 0.00000000099999999999 0.00000000099999999999
32 32 (0) 2 : 0.29089664114104779591 0.13176509489071985826 0.43940725779596112588 0.13793100517227124824 0.00000000100000000000
33 33 (0) 2 : 0.00000000099999999986 0.07618038571256323388 0.92381961128743683709 0.00000000099999999986 0.00000000099999999986
34 34 (0) 1 : 0.00000000099999999992 0.00000000099999999992 0.00000000099999999992 0.02290156205561421146 0.97709843494438586298
35 35 (0) 2 : 0.00000000099999999987 0.00000000099999999987 0.99999999599999989108 0.00000000099999999987 0.00000000099999999987
36 36 (0) 2 : 0.92575630113158768886 0.07297821195968826058 0.00126548490872394536 0.00000000099999999990 0.00000000099999999990
37 37 (0) 2 : 0.52444921180788683923 0.19981863720013473551 0.27573214899197834304 0.00000000099999999995 0.00000000099999999995
38 38 (0) 2 : 0.00000000099999999988 0.00000000099999999988 0.99999999599999989108 0.00000000099999999988 0.00000000099999999988
39 39 (0) 2 : 0.00000000099999999987 0.00000000099999999987 0.00000000099999999987 0.00830393344509955736 0.99169606355490047545
40 40 (0) 2 : 0.00000000099999999987 0.00000000099999999987 0.00000000099999999987 0.00000000099999999987 0.99999999600000000211
41 41 (0) 2 : 0.00000000099999999988 0.00000000099999999988 0.00000000099999999988 0.00000000099999999988 0.99999999599999989108
42 42 (0) 2 : 0.00000000099999999991 0.00000000099999999991 0.00000000099999999991 0.00661729292268467290 0.99338270407731543710
43 43 (0) 2 : 0.00000000099999999989 0.00000000099999999989 0.00000000099999999989 0.00166371989852003217 0.99833627710147998524
44 44 (0) 2 : 0.99999999600000000211 0.00000000099999999984 0.00000000099999999984 0.00000000099999999984 0.00000000099999999984
45 45 (0) 2 : 0.00000000099999999997 0.00000000099999999997 0.99999999600000000211 0.00000000099999999997 0.00000000099999999997
46 46 (0) 2 : 0.68388297052513757901 0.00000000099999999994 0.31611702647486256135 0.00000000099999999994 0.00000000099999999994
47 47 (0) 2 : 0.00000000099999999994 0.00000000099999999994 0.00000000099999999994 0.00000000099999999994 0.99999999599999989108
48 48 (0) 2 : 0.61731978646760921059 0.05245940417983105397 0.33022080735255976425 0.00000000099999999990 0.00000000099999999990
49 49 (0) 1 : 0.00000000099999999995 0.00000000099999999995 0.00000000099999999995 0.01319195527879422035 0.98680804172120573092
50 50 (0) 1 : 0.00000000099999999985 0.00000000099999999985 0.00000000099999999985 0.00000000099999999985 0.99999999599999989108
51 51 (0) 1 : 0.00000000099999999987 0.00000000099999999987 0.00000000099999999987 0.00000000099999999987 0.99999999599999989108
52 52 (0) 1 : 0.00000000099999999983 0.00000000099999999983 0.00000000099999999983 0.00000000099999999983 0.99999999599999989108
53 53 (0) 1 : 0.00000000099999999989 0.00000000099999999989 0.00000000099999999989 0.06443657751788565979 0.93556341948211430015
54 54 (0) 1 : 0.00000000099999999989 0.00000000099999999989 0.00000000099999999989 0.02722756455486485122 0.97277243244513511566
55 55 (0) 1 : 0.00000000099999999997 0.00000000099999999997 0.00000000099999999997 0.01202449887501059675 0.98797549812498952626
56 56 (0) 3 : 0.00000000099999999989 0.17891032252014804627 0.82108967447985203858 0.00000000099999999989 0.00000000099999999989
57 57 (0) 3 : 0.91412818192437805820 0.08587181507562187399 0.00000000099999999987 0.00000000099999999987 0.00000000099999999987
58 58 (0) 3 : 0.99999999600000011313 0.00000000099999999987 0.00000000099999999987 0.00000000099999999987 0.00000000099999999987
59 59 (0) 3 : 0.90012589789133456986 0.09987409910866543172 0.00000000099999999990 0.00000000099999999990 0.00000000099999999990
60 60 (0) 3 : 0.31611419228970250028 0.09048579175934047536 0.59340001395095709480 0.00000000099999999992 0.00000000099999999992
61 61 (0) 3 : 0.99999999600000011313 0.00000000099999999998 0.00000000099999999998 0.00000000099999999998 0.00000000099999999998
62 62 (0) 3 : 0.38389361530439125580 0.00000000099999999990 0.61610638169560871802 0.00000000099999999990 0.00000000099999999990
63 63 (0) 4 : 0.00000000099999999981 0.00000000099999999981 0.00000000099999999981 0.99999999600000000211 0.00000000099999999981
64 64 (0) 4 : 0.00000000099999999988 0.00000000099999999988 0.00000000099999999988 0.00000000099999999988 0.99999999599999989108
65 65 (0) 4 : 0.00000000099999999987 0.00000000099999999987 0.00000000099999999987 0.03382313329794747747 0.96617686370205246860
66 66 (0) 3 : 0.99999999600000000211 0.00000000099999999988 0.00000000099999999988 0.00000000099999999988 0.00000000099999999988
67 67 (0) 3 : 0.00000000099999999988 0.00000000099999999988 0.99999999599999989108 0.00000000099999999988 0.00000000099999999988
68 68 (0) 3 : 0.00000000099999999961 0.99999999600000000211 0.00000000099999999961 0.00000000099999999961 0.00000000099999999961
69 69 (0) 3 : 0.40791183728311980472 0.16183520896874295514 0.43025295174813737997 0.00000000099999999992 0.00000000099999999992
70 70 (0) 3 : 0.99999993352181903994 0.00000000099999999987 0.00000006347818089471 0.00000000099999999987 0.00000000099999999987
71 71 (0) 3 : 0.39994359085428715650 0.17076077181213267231 0.42929563533358022775 0.00000000099999999992 0.00000000099999999992
72 72 (0) 4 : 0.00000000099999999999 0.01807803154638049428 0.00000000099999999999 0.03737507928789387396 0.94454688716572565710
73 73 (0) 4 : 0.06540014316600098465 0.00000000099999999999 0.00000000099999999999 0.00000000099999999999 0.93459985383399901693
74 74 (0) 4 : 0.00000000099999999986 0.00000000099999999986 0.00000000099999999986 0.00000000099999999986 0.99999999599999989108
75 75 (0) 4 : 0.00000000099999999993 0.00000000099999999993 0.00000000099999999993 0.02807001865259217688 0.97192997834740768592
76 76 (0) 4 : 0.00000000099999999987 0.00000000099999999987 0.00000000099999999987 0.04643255581469982879 0.95356744118530023524
77 77 (0) 4 : 0.00000000099999999986 0.00000000099999999986 0.00000000099999999986 0.00000000099999999986 0.99999999600000000211
78 78 (0) 4 : 0.00000000099999999985 0.00000000099999999985 0.00000000099999999985 0.00000000099999999985 0.99999999600000000211
79 79 (0) 3 : 0.00000000099999999983 0.00000000099999999983 0.00000000099999999983 0.00000000099999999983 0.99999999599999989108
80 80 (0) 3 : 0.45033519249649689442 0.01151690472423968180 0.53814790077926344392 0.00000000099999999994 0.00000000099999999994
81 81 (0) 3 : 0.49446517232350634119 0.00000000099999999998 0.50553482467649368814 0.00000000099999999998 0.00000000099999999998
82 82 (0) 3 : 0.00000000099999999987 0.00042128127547828658 0.99957871572452161590 0.00000000099999999987 0.00000000099999999987
83 83 (0) 3 : 0.00000000099999999986 0.00000000099999999986 0.00000000099999999986 0.00000000099999999986 0.99999999600000000211
84 84 (0) 3 : 0.00000000099999999985 0.00000000099999999985 0.00000000099999999985 0.00000000099999999985 0.99999999599999989108
85 85 (0) 3 : 0.99999999600000000211 0.00000000099999999987 0.00000000099999999987 0.00000000099999999987 0.00000000099999999987
86 86 (0) 3 : 0.99999999600000011313 0.00000000099999999989 0.00000000099999999989 0.00000000099999999989 0.00000000099999999989
87 87 (0) 3 : 0.88366324344710656113 0.07493357385245359714 0.00000000100000000000 0.00000000100000000000 0.04140318070043989829
88 88 (0) 3 : 0.45093823047011699634 0.00000000099999999989 0.54906176652988303299 0.00000000099999999989 0.00000000099999999989
89 89 (0) 4 : 0.04120542786697484888 0.00000000099999999999 0.00000000099999999999 0.05068175364562401558 0.90811281648740105332
90 90 (0) 3 : 0.66544527498253136510 0.00000000099999999991 0.33455472201746871974 0.00000000099999999991 0.00000000099999999991
91 91 (0) 3 : 0.96394080363816758705 0.03605919336183232432 0.00000000099999999991 0.00000000099999999991 0.00000000099999999991
92 92 (0) 3 : 0.72676705668538332805 0.27323294031461664577 0.00000000099999999988 0.00000000099999999988 0.00000000099999999988
93 93 (0) 3 : 0.00000000099999999991 0.04701656380272845048 0.95298343319727152334 0.00000000099999999991 0.00000000099999999991
94 94 (0) 3 : 0.54346532446946516082 0.00000000099999999999 0.26980534001710954062 0.00000000099999999999 0.18672933351342532737
95 95 (0) 4 : 0.11435069496358025998 0.00446184862456514789 0.00000000100000000000 0.01663266349195181154 0.86455479191990280974
96 96 (0) 4 : 0.00000000099999999985 0.00000000099999999985 0.00000000099999999985 0.00000000099999999985 0.99999999600000000211
97 97 (0) 4 : 0.00000000099999999995 0.00000000099999999995 0.00000000099999999995 0.00000000099999999995 0.99999999599999989108
98 98 (0) 4 : 0.02508249533937650239 0.00000000099999999999 0.01743778925198486221 0.05790544482988222580 0.89957426957875641360
99 99 (0) 4 : 0.00000000099999999995 0.00000000099999999995 0.00000000099999999995 0.05944917174017944755 0.94055082525982058872
100 100 (0) 4 : 0.00000000099999999985 0.00000000099999999985 0.00000000099999999985 0.02310424872367392371 0.97689574827632597032
101 101 (0) 4 : 0.00000000099999999987 0.00000000099999999987 0.00000000099999999987 0.00000000099999999987 0.99999999600000000211
102 102 (0) 4 : 0.00000000099999999982 0.00000000099999999982 0.00000000099999999982 0.00000000099999999982 0.99999999600000000211
103 103 (0) 4 : 0.00000000099999999973 0.00000000099999999973 0.00000000099999999973 0.99999999599999989108 0.00000000099999999973
104 104 (0) 4 : 0.00000000099999999998 0.00000000099999999998 0.00000000099999999998 0.06839382999178272859 0.93160616700821718972
105 105 (0) 4 : 0.00000000099999999996 0.00000000099999999996 0.00000000099999999996 0.01963621508758816442 0.98036378191241180247
106 106 (0) 4 : 0.00000000099999999999 0.00000000099999999999 0.03149044232323341269 0.02407093631739003897 0.94443861935937667429
107 107 (0) 4 : 0.00000000099999999997 0.00000000099999999997 0.00000000099999999997 0.07113896221542949372 0.92886103478457060501
108 108 (0) 4 : 0.00000000099999999991 0.00000000099999999991 0.00000000099999999991 0.00530512008886471764 0.99469487691113533945
109 109 (0) 4 : 0.00000000099999999987 0.00000000099999999987 0.00000000099999999987 0.01067504967565348351 0.98932494732434661522
110 110 (0) 4 : 0.00000000099999999992 0.00000000099999999992 0.00000000099999999992 0.10788870789811259854 0.89211128910188741692
111 111 (0) 4 : 0.00000000099999999975 0.00000000099999999975 0.00000000099999999975 0.99999999600000000211 0.00000000099999999975
112 112 (0) 4 : 0.00000000099999999985 0.00000000099999999985 0.00000000099999999985 0.99999999600000000211 0.00000000099999999985
113 113 (0) 4 : 0.41171016049691949723 0.00567870638607640733 0.58261113111700413292 0.00000000099999999989 0.00000000099999999989
114 114 (0) 4 : 0.00000000099999999998 0.00000000099999999998 0.00000000099999999998 0.01132264489470022339 0.98867735210529983370
115 115 (0) 4 : 0.00000000099999999986 0.00000000099999999986 0.00000000099999999986 0.00000000099999999986 0.99999999599999989108
116 116 (0) 4 : 0.00000000099999999990 0.00000000099999999990 0.00000000099999999990 0.00161144586137148453 0.99838855113862845503
