-------------------------------------------------------------------------------
 L       Percentage of nodes in the largest component
 D       Percentage of nodes in components of size at most 3 [-div option]
 R       Percentage of nodes not in L or D: 100 - L -D
 S       Percentage of nodes that are singletons
 E       Fraction of edges retained (input graph has 380)
 cce     Expected size of component, nodewise [ sum(sz^2) / sum^2(sz) ]
 EW      Edge weight traits (mean, median and IQR)
 ND      Node degree traits [mean, median and IQR]
 CCF     Clustering coefficient (scale 1-100)
 eff     Induced component efficiency relative to start graph (scale 1-1000)
Total number of nodes: 20
----------------------------------------------------------------------------------------------
  L   D   R   S     E     cce  EWmean   EWmed   EWiqr  NDmean   NDmed  NDiqr CCF  eff  Cutoff 
----------------------------------------------------------------------------------------------
100   0   0   0 1.000      20    0.75    0.77    0.38    19.0    19.5    0.5   -    -     0.50
100   0   0   0 1.000      20    0.75    0.77    0.38    19.0    19.5    0.5   -    -     0.51
100   0   0   0 1.000      20    0.75    0.77    0.38    19.0    19.5    0.5   -    -     0.52
100   0   0   0 1.000      20    0.75    0.77    0.38    19.0    19.5    0.5   -    -     0.53
100   0   0   0 0.921      20    0.77    0.78    0.37    17.5    19.5    3.5   -    -     0.54
100   0   0   0 0.905      20    0.77    0.78    0.36    17.2    19.5    3.5   -    -     0.55
100   0   0   0 0.905      20    0.77    0.78    0.36    17.2    19.5    3.5   -    -     0.56
100   0   0   0 0.700      20    0.83    0.84    0.22    13.3    13.5    3.5   -    -     0.57
100   0   0   0 0.684      20    0.84    0.84    0.22    13.0    13.5    4.5   -    -     0.58
100   0   0   0 0.621      20    0.86    0.92    0.22    11.8    13.5    6.5   -    -     0.59
 70   0  30   0 0.558      12    0.89    0.94    0.19    10.6    13.5    8.5   -    -     0.60
 70   0  30   0 0.558      12    0.89    0.94    0.19    10.6    13.5    8.5   -    -     0.61
 70   0  30   0 0.558      12    0.89    0.94    0.19    10.6    13.5    8.5   -    -     0.62
 70   0  30   0 0.558      12    0.89    0.94    0.19    10.6    13.5    8.5   -    -     0.63
 70   0  30   0 0.558      12    0.89    0.94    0.19    10.6    13.5    8.5   -    -     0.64
 70   0  30   0 0.558      12    0.89    0.94    0.19    10.6    13.5    8.5   -    -     0.65
 70   0  30   0 0.558      12    0.89    0.94    0.19    10.6    13.5    8.5   -    -     0.66
 70   0  30   0 0.558      12    0.89    0.94    0.19    10.6    13.5    8.5   -    -     0.67
 70   0  30   0 0.558      12    0.89    0.94    0.19    10.6    13.5    8.5   -    -     0.68
 70   0  30   0 0.558      12    0.89    0.94    0.19    10.6    13.5    8.5   -    -     0.69
 70   0  30   0 0.558      12    0.89    0.94    0.19    10.6    13.5    8.5   -    -     0.70
 70   0  30   0 0.558      12    0.89    0.94    0.19    10.6    13.5    8.5   -    -     0.71
 70   0  30   0 0.558      12    0.89    0.94    0.19    10.6    13.5    8.5   -    -     0.72
 70   0  30   0 0.558      12    0.89    0.94    0.19    10.6    13.5    8.5   -    -     0.73
 70   0  30   0 0.558      12    0.89    0.94    0.19    10.6    13.5    8.5   -    -     0.74
 70   0  30   0 0.526      12    0.90    0.94    0.19    10.0    11.5    8.5   -    -     0.75
 70   0  30   0 0.526      12    0.90    0.94    0.19    10.0    11.5    8.5   -    -     0.76
 70   0  30   0 0.505      12    0.91    0.94    0.19     9.6    11.5    8.5   -    -     0.77
 70   0  30   0 0.447      12    0.93    0.94    0.16     8.5    10.5    6.5   -    -     0.78
 70   0  30   0 0.432      12    0.93    0.94    0.16     8.2     9.5    6.5   -    -     0.79
 70   0  30   0 0.432      12    0.93    0.94    0.16     8.2     9.5    6.5   -    -     0.80
 70   0  30   0 0.368      12    0.95    0.97    0.06     7.0     7.5    4.5   -    -     0.81
 70   0  30   0 0.358      12    0.96    0.99    0.06     6.8     6.5    4.5   -    -     0.82
 70   0  30   0 0.353      12    0.96    0.99    0.06     6.7     6.5    4.5   -    -     0.83
 45   0  55   0 0.321       7    0.97    0.99    0.06     6.1     5.5    3.5   -    -     0.84
 45   0  55   0 0.321       7    0.97    0.99    0.06     6.1     5.5    3.5   -    -     0.85
 45   0  55   0 0.321       7    0.97    0.99    0.06     6.1     5.5    3.5   -    -     0.86
 45   0  55   0 0.321       7    0.97    0.99    0.06     6.1     5.5    3.5   -    -     0.87
 45   0  55   0 0.321       7    0.97    0.99    0.06     6.1     5.5    3.5   -    -     0.88
 45   0  55   0 0.321       7    0.97    0.99    0.06     6.1     5.5    3.5   -    -     0.89
 45   0  55   0 0.321       7    0.97    0.99    0.06     6.1     5.5    3.5   -    -     0.90
 45   0  55   0 0.311       7    0.97    0.99    0.06     5.9     5.5    3.5   -    -     0.91
 45   0  55   0 0.311       7    0.97    0.99    0.06     5.9     5.5    3.5   -    -     0.92
 45   0  55   0 0.311       7    0.97    0.99    0.06     5.9     5.5    3.5   -    -     0.93
 45   0  55   0 0.268       7    0.98    1.00    0.05     5.1     5.5    2.5   -    -     0.94
 30  15  55   0 0.200       5    0.99    1.00    0.01     3.8     5.5    3.5   -    -     0.95
 30  40  30   5 0.184       5    1.00    1.00    0.00     3.5     5.5    3.5   -    -     0.96
 30  40  30   5 0.184       5    1.00    1.00    0.00     3.5     5.5    3.5   -    -     0.97
 30  40  30   5 0.184       5    1.00    1.00    0.00     3.5     5.5    3.5   -    -     0.98
 30  40  30  15 0.179       4    1.00    1.00    0.00     3.4     5.5    3.5   -    -     0.99
---------------------------------------------------------------------------------------------
