1.0000	0.6468	0.6297	0.6199	0.6204	0.8955	0.6220	0.8488	0.7232	0.7090	0.9218	0.7237	0.7988	0.7237	0.7016	0.6876	0.7239	0.8041	0.8041	0.6832
0.6468	1.0000	0.7209	0.6606	0.6717	0.6278	0.6720	0.6813	0.6582	0.6397	0.6654	0.6584	0.7050	0.6584	0.6289	0.6182	0.7482	0.7043	0.7043	0.6163
0.6297	0.7209	1.0000	0.7571	0.7564	0.6281	0.7626	0.6476	0.7254	0.7468	0.6361	0.7256	0.6864	0.7256	0.6998	0.6717	0.7298	0.6857	0.6857	0.6662
0.6199	0.6606	0.7571	1.0000	0.7486	0.6175	0.7436	0.6366	0.7060	0.6863	0.6261	0.7062	0.6744	0.7062	0.6752	0.6601	0.7120	0.6737	0.6737	0.6667
0.6204	0.6717	0.7564	0.7486	1.0000	0.6179	0.8574	0.6375	0.7035	0.6842	0.6272	0.7036	0.6772	0.7036	0.6803	0.7381	0.7161	0.6751	0.6751	0.6635
0.8955	0.6278	0.6281	0.6175	0.6179	1.0000	0.6195	0.7925	0.7214	0.7071	0.8564	0.7220	0.7676	0.7220	0.6976	0.6839	0.6942	0.7732	0.7732	0.6796
0.6220	0.6720	0.7626	0.7436	0.8574	0.6195	1.0000	0.6392	0.7067	0.6865	0.6289	0.7068	0.6786	0.7068	0.6826	0.7753	0.7178	0.6769	0.6769	0.6603
0.8488	0.6813	0.6476	0.6366	0.6375	0.7925	0.6392	1.0000	0.7454	0.7306	0.8684	0.7460	0.8631	0.7460	0.7242	0.7089	0.7545	0.8607	0.8607	0.7025
0.7232	0.6582	0.7254	0.7060	0.7035	0.7214	0.7067	0.7454	1.0000	0.8585	0.7320	0.9928	0.7992	0.9928	0.7876	0.7638	0.6885	0.7996	0.7996	0.7546
0.7090	0.6397	0.7468	0.6863	0.6842	0.7071	0.6865	0.7306	0.8585	1.0000	0.7176	0.8575	0.7828	0.8575	0.7733	0.7504	0.6673	0.7830	0.7830	0.7422
0.9218	0.6654	0.6361	0.6261	0.6272	0.8564	0.6289	0.8684	0.7320	0.7176	1.0000	0.7326	0.8329	0.7326	0.7097	0.6958	0.7395	0.8392	0.8392	0.6903
0.7237	0.6584	0.7256	0.7062	0.7036	0.7220	0.7068	0.7460	0.9928	0.8575	0.7326	1.0000	0.7998	1.0000	0.7879	0.7642	0.6887	0.8002	0.8002	0.7550
0.7988	0.7050	0.6864	0.6744	0.6772	0.7676	0.6786	0.8631	0.7992	0.7828	0.8329	0.7998	1.0000	0.7998	0.7787	0.7599	0.7418	0.9828	0.9828	0.7510
0.7237	0.6584	0.7256	0.7062	0.7036	0.7220	0.7068	0.7460	0.9928	0.8575	0.7326	1.0000	0.7998	1.0000	0.7879	0.7642	0.6887	0.8002	0.8002	0.7550
0.7016	0.6289	0.6998	0.6752	0.6803	0.6976	0.6826	0.7242	0.7876	0.7733	0.7097	0.7879	0.7787	0.7879	1.0000	0.7621	0.6511	0.7774	0.7774	0.7440
0.6876	0.6182	0.6717	0.6601	0.7381	0.6839	0.7753	0.7089	0.7638	0.7504	0.6958	0.7642	0.7599	0.7642	0.7621	1.0000	0.6388	0.7580	0.7580	0.7281
0.7239	0.7482	0.7298	0.7120	0.7161	0.6942	0.7178	0.7545	0.6885	0.6673	0.7395	0.6887	0.7418	0.6887	0.6511	0.6388	1.0000	0.7420	0.7420	0.6361
0.8041	0.7043	0.6857	0.6737	0.6751	0.7732	0.6769	0.8607	0.7996	0.7830	0.8392	0.8002	0.9828	0.8002	0.7774	0.7580	0.7420	1.0000	1.0000	0.7508
0.8041	0.7043	0.6857	0.6737	0.6751	0.7732	0.6769	0.8607	0.7996	0.7830	0.8392	0.8002	0.9828	0.8002	0.7774	0.7580	0.7420	1.0000	1.0000	0.7508
0.6832	0.6163	0.6662	0.6667	0.6635	0.6796	0.6603	0.7025	0.7546	0.7422	0.6903	0.7550	0.7510	0.7550	0.7440	0.7281	0.6361	0.7508	0.7508	1.0000
