1 1 (0) 1 : 0.39277874008145202689 0.37080451670324365843 0.23641674321530428693
2 2 (0) 1 : 0.44023400583871719061 0.55976599316128272665 0.00000000100000000000
3 3 (0) 2 : 0.99999999800000005656 0.00000000099999999999 0.00000000099999999999
4 4 (0) 2 : 0.52400528786876576781 0.11144308376033117136 0.36455162837090310246
5 5 (0) 2 : 0.00000000100000000000 0.27303236063283775614 0.72696763836716216112
6 6 (0) 2 : 0.35336693518938050440 0.31592332913158133190 0.33070973567903816370
7 7 (0) 2 : 0.00000000100000000000 0.99999999800000005656 0.00000000100000000000
8 8 (0) 2 : 0.28840982308719032012 0.36712710213471666520 0.34446307477809307018
9 9 (0) 2 : 0.00000000099999999999 0.99999999799999994554 0.00000000099999999999
10 10 (0) 2 : 0.03879755882275726792 0.52149092061348800708 0.43971152056375478745
11 11 (0) 2 : 0.47481041071632335004 0.34471278177098801931 0.18047680751268860289
12 12 (0) 2 : 0.54135253529071247769 0.08031002391966433895 0.37833744078962311397
13 13 (0) 2 : 0.00000000100000000000 0.39092252222658685490 0.60907747677341317338
14 14 (0) 2 : 0.03645609341000218689 0.39062500279924150526 0.57291890379075638418
15 15 (0) 2 : 0.15855321269550920471 0.41756363078944869205 0.42388315651504199222
16 16 (0) 2 : 0.45388427060324992857 0.50056170556380974457 0.04555402383294040319
17 17 (0) 2 : 0.12731014187463454701 0.87268985712536528698 0.00000000100000000000
18 18 (0) 2 : 0.28520116459047623048 0.22346344893208755500 0.49133538647743618677
19 19 (0) 2 : 0.25391298624089025937 0.61580181261717592545 0.13028520114193389845
20 20 (0) 2 : 0.19058350422837380678 0.27966816192266441554 0.52974833384896180544
21 21 (0) 2 : 0.36735067205745031149 0.56058072205188258508 0.07206860589066706180
22 22 (0) 2 : 0.00000000100000000000 0.00000000100000000000 0.99999999800000005656
23 23 (0) 2 : 0.09797041148238355701 0.49372777123507227692 0.40830181728254422158
24 24 (0) 2 : 0.26035580012401732253 0.49988578798751098775 0.23975841188847174523
25 25 (0) 2 : 0.45117658469780164143 0.34227304919489615065 0.20655036610730215241
26 26 (0) 2 : 0.00000434934806156378 0.36478245509440493377 0.63521319555753363861
27 27 (0) 2 : 0.00000000099999999999 0.00000000099999999999 0.99999999800000005656
28 28 (0) 2 : 0.39757948530657022390 0.30291492267289837903 0.29950559202053145258
29 29 (0) 2 : 0.16999571984823766413 0.31540837663809900837 0.51459590351366335526
30 30 (0) 3 : 0.58797268774144906267 0.00000000100000000000 0.41202731125855107663
31 31 (0) 3 : 0.00000000100000000000 0.66104914685267024410 0.33895085214732983969
32 32 (0) 3 : 0.40961867740786528369 0.24390212245191422724 0.34647920014022043356
33 33 (0) 3 : 0.22404784103378097559 0.50590523600645875835 0.27004692295976034933
34 34 (0) 3 : 0.00000000100000000000 0.59286213696501188775 0.40713786203498814054
35 35 (0) 3 : 0.67687357819181692697 0.20682544306295688741 0.11630097874522618562
36 36 (0) 3 : 0.00000000100000000000 0.40559280265260344578 0.59440719634739647148
37 37 (0) 3 : 0.44763696903280808526 0.46635379234802515347 0.08600923861916676127
38 38 (0) 3 : 0.27232745621791148993 0.72767254278208837182 0.00000000100000000000
39 39 (0) 3 : 0.22394674121152086110 0.39610947054324302519 0.37994378824523605820
40 40 (0) 3 : 0.25682522440553468002 0.46119258869011703350 0.28198218690434823097
41 41 (0) 3 : 0.52128774463160165720 0.36008604263691573744 0.11862621273148263312
42 42 (0) 3 : 0.23732673761630518339 0.16718931619413637812 0.59548394618955857727
43 43 (0) 3 : 0.32137586630905079499 0.04537114924788065995 0.63325298444306854506
44 44 (0) 3 : 0.00000000099999999999 0.00000000099999999999 0.99999999800000005656
45 45 (0) 3 : 0.16624117757162754083 0.00000000100000000000 0.83375882142837243194
46 46 (0) 3 : 0.24542431722829050056 0.36166662102994373562 0.39290906174176581933
47 47 (0) 3 : 0.00000000100000000000 0.55663972865233457554 0.44336027034766539723
48 48 (0) 3 : 0.29962105941389483021 0.26457547617991994393 0.43580346440618522585
49 49 (0) 3 : 0.25920015132818469139 0.37808810534302961237 0.36271174332878580726
50 50 (0) 3 : 0.41135237365818883015 0.14845066343034882261 0.44019696291146231948
51 51 (0) 3 : 0.17207313671461441085 0.35873350597558339992 0.46919335730980221699
52 52 (0) 3 : 0.05409160050322432689 0.41355230778653445656 0.53235609171024134145
53 53 (0) 3 : 0.00000000099999999999 0.00000000099999999999 0.99999999799999994554
54 54 (0) 3 : 0.27326244469289229233 0.17923334835837545498 0.54750420694873225269
55 55 (0) 3 : 0.08056148057318267275 0.36738582427487653792 0.55205269515194088648
56 56 (0) 3 : 0.16631026923932953898 0.37604817882090124659 0.45764155193976918667
57 57 (0) 3 : 0.27205240561014631950 0.31830564468595051730 0.40964194970390321870
58 58 (0) 3 : 0.49285746766006027775 0.40342790447590459735 0.10371462786403508327
59 59 (0) 3 : 0.55914020729650693031 0.00000000100000000000 0.44085979170349315348
60 60 (0) 4 : 0.16363039197494547161 0.60151643274550292695 0.23485317527955160144
61 61 (0) 4 : 0.00000000100000000000 0.41225775051620794365 0.58774224848379197361
62 62 (0) 4 : 0.38559852156226531728 0.32326030008804718108 0.29114117834968755716
63 63 (0) 4 : 0.38596049964313483560 0.40181790403685413438 0.21222159632001100227
64 64 (0) 4 : 0.00000000100000000000 0.99999999800000005656 0.00000000100000000000
65 65 (0) 4 : 0.12651177317148326606 0.42209307594663858509 0.45139515088187803782
66 66 (0) 4 : 0.32083200233167291637 0.17568811076414087013 0.50347988690418632451
67 67 (0) 4 : 0.00000000100000000000 0.50874079314843789756 0.49125920585156224174
68 68 (0) 4 : 0.17412908588628248086 0.54435401092944557533 0.28151690318427197157
69 69 (0) 4 : 0.29498327227659354444 0.35784353540367969115 0.34717319231972665339
70 70 (0) 4 : 0.62666040589058202848 0.15902206724264458804 0.21431752686677332798
71 71 (0) 1 : 0.00000000100000000000 0.69545134446895306990 0.30454865453104690287
72 72 (0) 1 : 0.30348575369606256569 0.69651424530393735157 0.00000000100000000000
73 73 (0) 1 : 0.32882001818338824073 0.22090449321027250118 0.45027548860633920258
74 74 (0) 1 : 0.22568843954224063197 0.35500417374789111635 0.41930738670986827943
75 75 (0) 1 : 0.14918776296476973786 0.20347095761096842259 0.64734127942426189506
76 76 (0) 1 : 0.56111660298327248331 0.23910584035280738058 0.19977755666392016387
77 77 (0) 1 : 0.19062796000417905895 0.48862614827930922479 0.32074589171651157748
78 78 (0) 1 : 0.29603020865901341629 0.54918181734572069086 0.15478797399526592060
79 79 (0) 1 : 0.39128127794629496972 0.47618780442685465504 0.13253091762685026422
80 80 (0) 1 : 0.00000000100000000000 0.29611729044223794594 0.70388270855776213786
81 81 (0) 1 : 0.99999999799999994554 0.00000000099999999999 0.00000000099999999999
82 82 (0) 1 : 0.00000000100000000000 0.99989382824669315042 0.00010617075330684959
83 83 (0) 1 : 0.30496379165062931227 0.69502672560319178618 0.00000948274617898366
84 84 (0) 1 : 0.29419620732533602325 0.70580379167466389401 0.00000000100000000000
85 85 (0) 1 : 0.31017640715576016985 0.32933999529091739777 0.36048359755332243237
86 86 (0) 1 : 0.00000000100000000000 0.57289565744332726638 0.42710434155667270639
87 87 (0) 1 : 0.56685358434882471279 0.43314625927839539576 0.00000015637277973640
88 88 (0) 1 : 0.44942011583352653448 0.55057988316647343829 0.00000000100000000000
89 89 (0) 1 : 0.28087670078856957767 0.31092647305768461585 0.40819682615374580648
90 90 (0) 1 : 0.21096196714386880600 0.00000000100000000000 0.78903803185613119453
91 91 (0) 1 : 0.00000000099999999999 0.99999999800000005656 0.00000000099999999999
92 92 (0) 1 : 0.32569470986683801694 0.38792275989531171954 0.28638253023785020801
93 93 (0) 1 : 0.36752641985148382098 0.18679713663925431866 0.44567644350926188812
94 94 (0) 1 : 0.12206193107643008300 0.61922472454180177426 0.25871334438176823989
95 95 (0) 1 : 0.00000000100000000000 0.50657290748824868043 0.49342709151175123683
96 96 (0) 1 : 0.12207588646073311289 0.52127821124398387997 0.35664590229528309040
97 97 (0) 1 : 0.20299797179734077601 0.42706847216858734306 0.36993355603407190868
98 98 (0) 1 : 0.29647246239184399386 0.32363133055098897151 0.37989620705716709015
99 99 (0) 4 : 0.00000000100000000000 0.61803126140363051633 0.38196873759636951196
100 100 (0) 4 : 0.10343088334611420798 0.33613156364702340140 0.56043755300686237675
101 101 (0) 5 : 0.11744194897313768589 0.59935108884890331282 0.28320696217795893190
102 102 (0) 5 : 0.55150408363158365255 0.21215369266578026908 0.23634222370263599511
103 103 (0) 5 : 0.26257193198726580530 0.30450229307463827499 0.43292577493809591971
104 104 (0) 5 : 0.45054022363979367993 0.27730004567390437176 0.27215973068630189280
105 105 (0) 5 : 0.00000000100000000000 0.60565199702749372701 0.39434800197250635678
106 106 (0) 4 : 0.99999999800000005656 0.00000000099999999999 0.00000000099999999999
107 107 (0) 4 : 0.36625214751059337326 0.48450384009608327140 0.14924401239332329983
108 108 (0) 4 : 0.34629382685904169792 0.19213205340004116395 0.46157411974091716589
109 109 (0) 4 : 0.19374061268490755383 0.25968040364477790183 0.54657898367031465536
110 110 (0) 4 : 0.53403783092283307887 0.00000000100000000000 0.46596216807716694941
111 111 (0) 5 : 0.19210708724507066791 0.35238217181958275681 0.45551074093534654752
112 112 (0) 5 : 0.23613449152264084918 0.55457607986365953234 0.20928942861369967399
113 113 (0) 5 : 0.15664919925229459086 0.32783512204988329852 0.51551567869782211062
114 114 (0) 5 : 0.36416244219169197072 0.18805697599297332978 0.44778058181533469950
115 115 (0) 5 : 0.55669105277075114913 0.00000000100000000000 0.44330894622924882365
116 116 (0) 5 : 0.30321451484278538757 0.33278164017542394282 0.36400384498179078063
117 117 (0) 4 : 0.00000000099999999999 0.99999999800000005656 0.00000000099999999999
118 118 (0) 4 : 0.44177783671829645717 0.16970945114768803963 0.38851271213401561422
119 119 (0) 4 : 0.00000000100000000000 0.61399426304591997461 0.38600573595408016470
120 120 (0) 4 : 0.28138280932241255261 0.34982138928362749297 0.36879580139395995442
121 121 (0) 4 : 0.51360592567383978047 0.00000000100000000000 0.48639407332616019231
122 122 (0) 4 : 0.38735323917963077056 0.61264675982036909119 0.00000000100000000000
123 123 (0) 4 : 0.00000000100000000000 0.61885926752656550409 0.38114073147343452419
124 124 (0) 4 : 0.12012375765242012948 0.87987624134757991268 0.00000000100000000000
125 125 (0) 5 : 0.00000000099999999999 0.99999999799999994554 0.00000000099999999999
126 126 (0) 5 : 0.38670219180807968717 0.00000000100000000000 0.61329780719192017457
127 127 (0) 5 : 0.99999999799999994554 0.00000000099999999999 0.00000000099999999999
128 128 (0) 5 : 0.45702445859091944680 0.32203721912915944658 0.22093832227992102335
129 129 (0) 5 : 0.00000000099999999999 0.00000000099999999999 0.99999999800000005656
130 130 (0) 5 : 0.48649980295894357241 0.14622560421255847984 0.36727459282849805877
131 131 (0) 5 : 0.10754187995466936434 0.31511380160151269969 0.57734431844381794985
132 132 (0) 5 : 0.05367132087309419569 0.61617886696306578553 0.33014981216383992857
133 133 (0) 5 : 0.99999999799999994554 0.00000000099999999999 0.00000000099999999999
134 134 (0) 5 : 0.00000000100000000000 0.47475579627608882616 0.52524420272391125764
135 135 (0) 5 : 0.57943680783453344052 0.00000000100000000000 0.42056319116546647674
136 136 (0) 5 : 0.99999999799999994554 0.00000000099999999999 0.00000000099999999999
137 137 (0) 5 : 0.00000000100000000000 0.30355669061985718349 0.69644330838014290030
138 138 (0) 5 : 0.15454271393742322060 0.42416756009585904197 0.42128972596671770967
139 139 (0) 5 : 0.71394073553232639817 0.00000000100000000000 0.28605926346767374113
140 140 (0) 5 : 0.99999999799999994554 0.00000000099999999999 0.00000000099999999999
141 141 (0) 5 : 0.14480564499674991596 0.50000479165146682892 0.35518956335178314410
142 142 (0) 5 : 0.49498385500674935145 0.18971846358530308763 0.31529768140794767195
143 143 (0) 5 : 0.37173409031454196505 0.35038191224433135051 0.27788399744112679546
144 144 (0) 6 : 0.39362250213650062935 0.37443996977963062145 0.23193752808386886022
145 145 (0) 6 : 0.99999999800000005656 0.00000000099999999999 0.00000000099999999999
146 146 (0) 6 : 0.13760727945656425764 0.40397343394306012287 0.45841928660037561949
147 147 (0) 6 : 0.00000000099999999999 0.00000000099999999999 0.99999999799999994554
148 148 (0) 6 : 0.26992149872659415566 0.16601403273407466799 0.56406446853933112084
149 149 (0) 6 : 0.03053985376117877848 0.65663092141507750643 0.31282922482374381223
150 150 (0) 6 : 0.99999999800000005656 0.00000000100000000000 0.00000000100000000000
151 151 (0) 6 : 0.00000000100000000000 0.34096490687687430743 0.65903509212312560983
152 152 (0) 6 : 0.16820605570201477286 0.62576106799625164090 0.20603287630173358624
153 153 (0) 6 : 0.38747585477922397157 0.11667227314166583874 0.49585187207911030072
154 154 (0) 6 : 0.39587920473127230503 0.43988946139340684427 0.16423133387532093397
155 155 (0) 6 : 0.99999999800000005656 0.00000000099999999999 0.00000000099999999999
156 156 (0) 6 : 0.45882328923419651856 0.28289302033846686069 0.25828369042733678729
157 157 (0) 6 : 0.10319837574761557553 0.38915660897478598912 0.50764501527759842148
158 158 (0) 6 : 0.12508809812853888266 0.45514535145982892850 0.41976655041163213333
159 159 (0) 6 : 0.13655122615722492529 0.33265055687128319839 0.53079821697149187631
160 160 (0) 6 : 0.47954713190102749021 0.00000000100000000000 0.52045286709897242705
161 161 (0) 6 : 0.50033438984129696703 0.49966560915870300574 0.00000000100000000000
162 162 (0) 6 : 0.48220618240695273249 0.00000000100000000000 0.51779381659304735130
163 163 (0) 6 : 0.41910464777595324293 0.26412708346430907591 0.31676826875973768116
164 164 (0) 6 : 0.37900983753047390312 0.18724969408577582519 0.43374046838375041046
165 165 (0) 6 : 0.22577434028857115700 0.34723099167192900127 0.42699466803949986948
166 166 (0) 6 : 0.00000000146315369901 0.32661393906416802402 0.67338605947267826668
167 167 (0) 6 : 0.41945723626772357662 0.27262973330465073429 0.30791303042762568909
168 168 (0) 6 : 0.00000000100000000000 0.99999999799999994554 0.00000000100000000000
169 169 (0) 6 : 0.38272202621166634406 0.52903739398456439691 0.08824057980376928678
170 170 (0) 6 : 0.34115533683950793886 0.00000000100000000000 0.65884466216049197840
171 171 (0) 6 : 0.42932707480326065541 0.32607127650369988059 0.24460164869303957502
172 172 (0) 4 : 0.33714974537869557558 0.19186722416428503291 0.47098303045701933600
173 173 (0) 4 : 0.26751875813716902153 0.48759993540453822058 0.24488130645829284116
174 174 (0) 7 : 0.19538137527162016682 0.24352960402141946017 0.56108902070696042852
175 175 (0) 7 : 0.00000000099999999999 0.99999999800000005656 0.00000000099999999999
176 176 (0) 7 : 0.75126533925572214212 0.00000032611614074456 0.24873433462813698824
177 177 (0) 7 : 0.00000000100000000000 0.73627341606974439081 0.26372658293025569298
178 178 (0) 7 : 0.13422127669692482388 0.54044088893761843551 0.32533783436545665735
179 179 (0) 7 : 0.41383333758218571186 0.32233854563256175707 0.26382811678525253107
180 180 (0) 7 : 0.00000000099999999999 0.00000000099999999999 0.99999999799999994554
181 181 (0) 7 : 0.56178364849995099384 0.43821635050004886791 0.00000000100000000000
182 182 (0) 7 : 0.12690437139056773286 0.55215745362324142320 0.32093817498619092721
183 183 (0) 7 : 0.59056014734367545671 0.40943985165632446055 0.00000000100000000000
184 184 (0) 7 : 0.38218033438704113181 0.22072739359445009422 0.39709227201850894051
185 185 (0) 7 : 0.28139031093466676525 0.08977109517114771620 0.62883859389418561570
186 186 (0) 7 : 0.44111152790917940170 0.00000858094897281850 0.55887989114184788431
187 187 (0) 7 : 0.49768214745381905706 0.00135809653429943178 0.50095975601188158510
188 188 (0) 7 : 0.01415478779689516992 0.45700007996564756541 0.52884513223745721611
189 189 (0) 7 : 0.26228244593943228491 0.33963495113998792840 0.39808260292057989771
190 190 (0) 7 : 0.44163053401510848905 0.26254318086380978858 0.29582628512108177787
191 191 (0) 7 : 0.28230492236033993825 0.42058475284242774483 0.29711032479723242794
192 192 (0) 7 : 0.32425758703578583253 0.30944580201588883783 0.36629661094832532964
193 193 (0) 7 : 0.00000000099999999999 0.99999999800000005656 0.00000000099999999999
194 194 (0) 7 : 0.31792606387613886465 0.24195334310163160718 0.44012059302222955592
195 195 (0) 7 : 0.24690848280746985344 0.75309151619253000831 0.00000000100000000000
196 196 (0) 7 : 0.29815575506277369744 0.57099139898156725526 0.13085284595565907506
197 197 (0) 7 : 0.31327975064749336020 0.68671817115227262729 0.00000207820023421791
198 198 (0) 7 : 0.00000008701817412806 0.53616038537960819532 0.46383952760221780487
199 199 (0) 7 : 0.08064630117177999657 0.55274228649810308589 0.36661141233011695917
200 200 (0) 7 : 0.25332344250394267515 0.29731236883835671092 0.44936418865770050290
201 201 (0) 7 : 0.00000000099999999999 0.99999999800000005656 0.00000000099999999999
202 202 (0) 7 : 0.42513830142065944795 0.43240223444993397539 0.14245946412940657666
203 203 (0) 7 : 0.00000000100000000000 0.64991872756690471924 0.35008127143309525353
1 1 (0) 1 : 0.22038569392990695062 0.33055592838228825547 0.44905837768780471064
2 2 (0) 1 : 0.00000000100000000000 0.39380450819204282364 0.60619549080795709362
3 3 (0) 2 : 0.38796342223689012085 0.56753862473105698427 0.04449795303205275609
4 4 (0) 2 : 0.28917855821013555007 0.45087014247639534137 0.25995129931346910857
5 5 (0) 2 : 0.60510875790693952059 0.22226985604116158979 0.17262138605189883411
6 6 (0) 2 : 0.00000000100000000000 0.55615159580736905909 0.44384840319263102471
7 7 (0) 2 : 0.35246806433191812946 0.00000029022883231807 0.64753164543924957020
8 8 (0) 2 : 0.49495116853899467912 0.24600518936246951185 0.25904364209853592005
9 9 (0) 2 : 0.21663609382879903120 0.00000000100000000000 0.78336390517120102484
10 10 (0) 2 : 0.33602196978714088393 0.16614638524352176585 0.49783164496933746124
11 11 (0) 2 : 0.24598094484439433915 0.36870915096084022622 0.38530990419476551789
12 12 (0) 2 : 0.33776613879448225131 0.55485317484708540636 0.10738068635843232845
13 13 (0) 2 : 0.99999999799999994554 0.00000000099999999999 0.00000000099999999999
14 14 (0) 2 : 0.56646984564287983233 0.14280480626401007016 0.29072534809311012527
15 15 (0) 2 : 0.44199330645763579284 0.23351039440568263639 0.32449629913668159853
16 16 (0) 2 : 0.42732076724470791085 0.28375587949364522444 0.28892335326164686471
17 17 (0) 2 : 0.00000000100000000000 0.00000000100000000000 0.99999999799999994554
18 18 (0) 2 : 0.31979047627061529813 0.29901892832677706702 0.38119059540260757935
19 19 (0) 2 : 0.16161709150807371249 0.18882812519848307664 0.64955478329344318311
20 20 (0) 2 : 0.31276713846563325427 0.13807435032101328387 0.54915851121335346186
21 21 (0) 2 : 0.00000000100000000000 0.50634185682951393659 0.49365814217048614720
22 22 (0) 2 : 0.36307597214518838591 0.38581527873938670226 0.25110874911542491184
23 23 (0) 2 : 0.33167532968382279490 0.23074355219028580555 0.43758111812589117751
24 24 (0) 2 : 0.08212383664609611278 0.25505293838252884875 0.66282322497137502459
25 25 (0) 2 : 0.30269372262234545135 0.34223780426485794770 0.35506847311279660095
26 26 (0) 2 : 0.42349205577226906039 0.23099108150644931392 0.34551686272128168120
27 27 (0) 2 : 0.99999999800000005656 0.00000000099999999999 0.00000000099999999999
28 28 (0) 2 : 0.45722805796473503515 0.40396772415530129985 0.13880421787996363725
29 29 (0) 2 : 0.51601760677156183199 0.18453717303163763575 0.29944522019680058778
30 30 (0) 3 : 0.31500937934849448929 0.68337547322014347007 0.00161514743136212803
31 31 (0) 3 : 0.40314474697740726450 0.00027360739516379967 0.59658164562742899140
32 32 (0) 3 : 0.37435946186358803889 0.37868047871143784011 0.24696005942497417651
33 33 (0) 3 : 0.44289701459395475203 0.17787782947829036684 0.37922515592775490889
34 34 (0) 3 : 0.42713100423035310627 0.00000000100000000000 0.57286899476964681099
35 35 (0) 3 : 0.30968220010677416365 0.57079545184731517171 0.11952234804591081729
36 36 (0) 3 : 0.66034821902845941555 0.16380337172670345058 0.17584840924483716162
37 37 (0) 3 : 0.34422772371513959966 0.28537239047495283062 0.37039988580990751421
38 38 (0) 3 : 0.00000000099999999999 0.00000000099999999999 0.99999999799999994554
39 39 (0) 3 : 0.09470068207508416935 0.38158925895176704080 0.52371005897314881761
40 40 (0) 3 : 0.17606334873620244075 0.33692148577410463428 0.48701516548969292497
41 41 (0) 3 : 0.25763117627477588600 0.46594950350577202247 0.27641932021945214704
42 42 (0) 3 : 0.35221666745369456519 0.47129390124057157774 0.17648943130573394034
43 43 (0) 3 : 0.51325650749095097503 0.48674349150904894223 0.00000000100000000000
44 44 (0) 3 : 0.68676284624639460930 0.31323715275360525245 0.00000000100000000000
45 45 (0) 3 : 0.99999999800000005656 0.00000000099999999999 0.00000000099999999999
46 46 (0) 3 : 0.41466088690285235474 0.13049062371691388940 0.45484848938023375586
47 47 (0) 3 : 0.37969725030502043950 0.00000000100000000000 0.62030274869497936674
48 48 (0) 3 : 0.54030409339369811494 0.16824541768681133824 0.29145048891949065784
49 49 (0) 3 : 0.20919113506501724187 0.24572757961552010864 0.54508128531946276052
50 50 (0) 3 : 0.30289480918685213195 0.57777320132120435492 0.11933198949194348537
51 51 (0) 3 : 0.48822428665957978700 0.16206240883956485321 0.34971330450085541530
52 52 (0) 3 : 0.47416374653849890919 0.21702199284272674640 0.30881426061877442768
53 53 (0) 3 : 0.99999999800000005656 0.00000000099999999999 0.00000000099999999999
54 54 (0) 3 : 0.58915025809199761397 0.32233849896690436321 0.08851124294109813384
55 55 (0) 3 : 0.61843534457776483393 0.05298497682069835957 0.32857967860153680650
56 56 (0) 3 : 0.99999999800000005656 0.00000000099999999999 0.00000000099999999999
57 57 (0) 3 : 0.45306443629119408367 0.29104646613070989103 0.25588909757809608081
58 58 (0) 3 : 0.00000000162246344183 0.40696472442128150959 0.59303527395625499352
59 59 (0) 3 : 0.30150968083488405291 0.50176878152082138307 0.19672153764429461953
60 60 (0) 4 : 0.00000000100000000000 0.00000000100000000000 0.99999999800000005656
61 61 (0) 4 : 0.99999999799999994554 0.00000000100000000000 0.00000000100000000000
62 62 (0) 4 : 0.34549623801725892758 0.27452913844741894112 0.37997462353532202028
63 63 (0) 4 : 0.38203082878487037988 0.32931177115698129221 0.28865740005814838343
64 64 (0) 4 : 0.37680467588286259417 0.00432058607938540923 0.61887473803775205905
65 65 (0) 4 : 0.66332143747718108617 0.00708883668045950065 0.32958972584235946002
66 66 (0) 4 : 0.99999999799999994554 0.00000000099999999999 0.00000000099999999999
67 67 (0) 4 : 0.37299012415158622202 0.00000000100000000000 0.62700987484841375075
68 68 (0) 4 : 0.30712808943361863401 0.13010445217498414761 0.56276745839139719063
69 69 (0) 4 : 0.33273269931969301494 0.26892318325836428450 0.39834411742194275607
70 70 (0) 4 : 0.00000000099999999999 0.99999999799999994554 0.00000000099999999999
71 71 (0) 1 : 0.00000000100000000000 0.00000000100000000000 0.99999999799999994554
72 72 (0) 1 : 0.00035990776613754362 0.38249358921587728322 0.61714650301798523735
73 73 (0) 1 : 0.46233889518378140648 0.27744510021669421818 0.26021600459952443085
74 74 (0) 1 : 0.20045542053536319349 0.30802416928393455686 0.49152041018070219414
75 75 (0) 1 : 0.67623591576492336763 0.32376357066324418232 0.00000051357183242432
76 76 (0) 1 : 0.40679904185725274113 0.48000945894789354140 0.11319149919485362032
77 77 (0) 1 : 0.00000000100000000000 0.00000000100000000000 0.99999999800000005656
78 78 (0) 1 : 0.00000000100000000000 0.51059849917772281991 0.48940149982227726388
79 79 (0) 1 : 0.25617330182972469776 0.26646854653128637658 0.47735815163898898117
80 80 (0) 1 : 0.55203805888185664141 0.13937474247846742825 0.30858719863967598585
81 81 (0) 1 : 0.00000000099999999999 0.99999999800000005656 0.00000000099999999999
82 82 (0) 1 : 0.18222393130408823247 0.19078056133988641196 0.62699550735602549434
83 83 (0) 1 : 0.12386787700072586504 0.25519063407401126886 0.62094148892526279671
84 84 (0) 1 : 0.13301776182454441710 0.21713014169366481876 0.64985209648179087516
85 85 (0) 1 : 0.28574987536951262923 0.41266740292257864109 0.30158272170790872968
86 86 (0) 1 : 0.46529919588564327970 0.00000000100000000000 0.53470080311435652654
87 87 (0) 1 : 0.13943377398364445452 0.57679599733316411214 0.28377022868319146109
88 88 (0) 1 : 0.00000054606549767788 0.34420976222414295664 0.65578969171035950136
89 89 (0) 1 : 0.00000449070016992290 0.36683239794506206088 0.63316311135476788241
90 90 (0) 1 : 0.61673998964402154677 0.38326000935597837049 0.00000000100000000000
91 91 (0) 1 : 0.00000000099999999999 0.00000000099999999999 0.99999999800000005656
92 92 (0) 1 : 0.38793161998535785617 0.41096346204525080470 0.20110491796939142239
93 93 (0) 1 : 0.52020740582327651413 0.44712460849233676141 0.03266798568438679384
94 94 (0) 1 : 0.00000000100000000000 0.00000000100000000000 0.99999999800000005656
95 95 (0) 1 : 0.35467625154665799458 0.05907617827071346556 0.58624757018262863006
96 96 (0) 1 : 0.36831614373560561670 0.16628585703101370075 0.46539799923338071030
97 97 (0) 1 : 0.43550441489354851932 0.28483736719560059925 0.27965821791085082593
98 98 (0) 1 : 0.09452030772113180490 0.35084202980229217683 0.55463766247657608766
99 99 (0) 4 : 0.24854817499856243779 0.13513730179982919033 0.61631452320160828862
100 100 (0) 4 : 0.47547574272605824808 0.25434748610420315762 0.27017677116973864981
101 101 (0) 5 : 0.00000000100000000000 0.26220897661474484863 0.73779102238525517965
102 102 (0) 5 : 0.00000000099999999999 0.99999999800000005656 0.00000000099999999999
103 103 (0) 5 : 0.35163292352896119430 0.35142342630215250843 0.29694365016888635278
104 104 (0) 5 : 0.38793296115803194146 0.48344617354772334572 0.12862086529424462955
105 105 (0) 5 : 0.35242985337068433171 0.00000000100000000000 0.64757014562931558554
106 106 (0) 4 : 0.00000000099999999999 0.99999999799999994554 0.00000000099999999999
107 107 (0) 4 : 0.33712159692828613800 0.30059465317860184497 0.36228374989311196153
108 108 (0) 4 : 0.24123804113770830337 0.48051000368692864395 0.27825195517536305267
109 109 (0) 4 : 0.40142555733387491612 0.30915268876110013618 0.28942175390502500321
110 110 (0) 4 : 0.41362446197200786191 0.58637553702799205535 0.00000000100000000000
111 111 (0) 5 : 0.42459996550237005808 0.16797970947106058426 0.40742032502656944093
112 112 (0) 5 : 0.36804105728526925745 0.06087658160017488801 0.57108236111455579209
113 113 (0) 5 : 0.59048637738252940377 0.13216317807968289144 0.27735044453778762152
114 114 (0) 5 : 0.43530007689288968686 0.56469992210711017488 0.00000000100000000000
115 115 (0) 5 : 0.19760657557750471724 0.48983138775587203861 0.31256203666662318863
116 116 (0) 5 : 0.36276246509472653834 0.41961888511144995739 0.21761864979382353202
117 117 (0) 4 : 0.56130072596288838049 0.00000002417145244072 0.43869924986565916880
118 118 (0) 4 : 0.44488739231247564909 0.21530709145302440177 0.33980551623450000465
119 119 (0) 4 : 0.46747033576108482089 0.16994549687846646768 0.36258416736044873918
120 120 (0) 4 : 0.25215188144916406143 0.35306352693580705937 0.39478459161502893471
121 121 (0) 4 : 0.40177508168750003525 0.59822491731249982649 0.00000000100000000000
122 122 (0) 4 : 0.00000000100000000000 0.00000000100000000000 0.99999999799999994554
123 123 (0) 4 : 0.24006046234820851981 0.00000000100000000000 0.75993953665179148071
124 124 (0) 4 : 0.40793489994173770530 0.00000000100000000000 0.59206509905826221196
125 125 (0) 5 : 0.31309239292185658821 0.10867700343313779765 0.57823060364500566966
126 126 (0) 5 : 0.59450824501719923276 0.40549175398280062899 0.00000000100000000000
127 127 (0) 5 : 0.00000000099999999999 0.99999999799999994554 0.00000000099999999999
128 128 (0) 5 : 0.18568748166183499104 0.47911131611247925743 0.33520120222568577928
129 129 (0) 5 : 0.60549906341917925090 0.24872165061371048767 0.14577928596711037246
130 130 (0) 5 : 0.45443377884125257804 0.50971319533935843804 0.03585302581938910188
131 131 (0) 5 : 0.56676031545677740819 0.14784869837979031093 0.28539098616343228088
132 132 (0) 5 : 0.44188097777542523215 0.00000000100000000000 0.55811902122457479614
133 133 (0) 5 : 0.28290608469744454867 0.59361825290109015985 0.12347566240146531924
134 134 (0) 5 : 0.44707048203451671409 0.00000000100000000000 0.55292951696548320317
135 135 (0) 5 : 0.00000000099999999999 0.99999999799999994554 0.00000000099999999999
136 136 (0) 5 : 0.28710379206991004652 0.71289620693008992625 0.00000000100000000000
137 137 (0) 5 : 0.99999999800000005656 0.00000000099999999999 0.00000000099999999999
138 138 (0) 5 : 0.28392322342836867621 0.35984775747544689439 0.35622901909618448490
139 139 (0) 5 : 0.00000000099999999999 0.99999999799999994554 0.00000000099999999999
140 140 (0) 5 : 0.00000000100000000000 0.65429806321085748344 0.34570193578914254484
141 141 (0) 5 : 0.34438501535956689281 0.25619057349321738837 0.39942441114721577433
142 142 (0) 5 : 0.34044072009219750186 0.44707546260750641309 0.21248381730029608505
143 143 (0) 5 : 0.45224169118018414659 0.34606308823087267301 0.20169522058894315264
144 144 (0) 6 : 0.27518325146918798385 0.36641613267092765227 0.35840061585988430837
145 145 (0) 6 : 0.23103012235926526086 0.57246457166261677241 0.19650530597811791123
146 146 (0) 6 : 0.49408810921070162037 0.06160352830528149914 0.44430836248401678334
147 147 (0) 6 : 0.57390211436104987541 0.28963790358640822964 0.13645998205254186719
148 148 (0) 6 : 0.71453984053998520487 0.28546015846001460137 0.00000000100000000000
149 149 (0) 6 : 0.50107200446724964316 0.00000000100000000000 0.49892799453275032961
150 150 (0) 6 : 0.00000000099999999999 0.99999999800000005656 0.00000000099999999999
151 151 (0) 6 : 0.69051107894186891656 0.00000000100000000000 0.30948892005813116723
152 152 (0) 6 : 0.25259723083847240854 0.24740847863085807523 0.49999429053066940520
153 153 (0) 6 : 0.47506683604366645168 0.42020182306219516777 0.10473134089413842218
154 154 (0) 6 : 0.49172349515461605263 0.22096540566005784534 0.28731109918532610203
155 155 (0) 6 : 0.00000000099999999999 0.99999999800000005656 0.00000000099999999999
156 156 (0) 6 : 0.20472032711594673193 0.57274926426012684466 0.22253040862392631238
157 157 (0) 6 : 0.70560695405314710626 0.00650687859703505921 0.28788616734981781198
158 158 (0) 6 : 0.24691034793725855079 0.24147490428919518579 0.51161474777354620791
159 159 (0) 6 : 0.66349492333386883569 0.13453105449072444433 0.20197402217540671998
160 160 (0) 6 : 0.41676222827994668929 0.58323777072005322797 0.00000000100000000000
161 161 (0) 6 : 0.00000000100000000000 0.54944989045363912261 0.45055010854636073914
162 162 (0) 6 : 0.42491804003214511676 0.57508195896785474499 0.00000000100000000000
163 163 (0) 6 : 0.12511065987970659830 0.39293410440610132550 0.48195523571419202069
164 164 (0) 6 : 0.21186367136788872290 0.59446881353130653913 0.19366751510080473797
165 165 (0) 6 : 0.27699789953326425795 0.33749758847898370107 0.38550451198775209649
166 166 (0) 6 : 0.66922737816321176130 0.12472118968401774142 0.20605143215277046953
167 167 (0) 6 : 0.47225359938182970287 0.29864481943974230393 0.22910158117842810421
168 168 (0) 6 : 0.00000000099999999999 0.00000000099999999999 0.99999999800000005656
169 169 (0) 6 : 0.00000000100000000000 0.33253456290099547843 0.66746543609900454985
170 170 (0) 6 : 0.49949492841094428330 0.50050011926977266974 0.00000495231928314752
171 171 (0) 6 : 0.25328854989409055332 0.36102358490062080865 0.38568786520528863804
172 172 (0) 4 : 0.14686016924934083838 0.43489959893791696466 0.41824023181274222472
173 173 (0) 4 : 0.19713167858537530841 0.37701967304553218874 0.42584864836909253061
174 174 (0) 7 : 0.73750246100971628138 0.26249753799028358037 0.00000000100000000000
175 175 (0) 7 : 0.00000000100000000000 0.00000000100000000000 0.99999999799999994554
176 176 (0) 7 : 0.32885688720880323910 0.46686596424586851439 0.20427714854532841304
177 177 (0) 7 : 0.33812870272081668732 0.00000000100000000000 0.66187129627918317443
178 178 (0) 7 : 0.21594333689251854480 0.33590192939471186229 0.44815473371276964842
179 179 (0) 7 : 0.29254107142596263991 0.33744320034453872958 0.37001572822949857500
180 180 (0) 7 : 0.99999999799999994554 0.00000000099999999999 0.00000000099999999999
181 181 (0) 7 : 0.03965697809811625368 0.47487444154844432598 0.48546858035343942728
182 182 (0) 7 : 0.28397937355366881240 0.20940870554417279070 0.50661192090215834138
183 183 (0) 7 : 0.00000000100000000000 0.54096615041897255782 0.45903384858102741495
184 184 (0) 7 : 0.57308609223539808131 0.18448357456371697327 0.24243033320088505644
185 185 (0) 7 : 0.71201442326038666408 0.23885428522117041483 0.04913129151844287251
186 186 (0) 7 : 0.48173072311216197372 0.37229337996047662251 0.14597589692736132050
187 187 (0) 7 : 0.23292617928724224097 0.54200247023687098125 0.22507135047588663901
188 188 (0) 7 : 0.47516264325590279460 0.26651991874587693809 0.25831743799822021179
189 189 (0) 7 : 0.99999999799999994554 0.00000000099999999999 0.00000000099999999999
190 190 (0) 7 : 0.28180969666180871736 0.40290065892165682904 0.31528964441653456463
191 191 (0) 7 : 0.16571208753797872504 0.40107936724310294663 0.43320854521891821731
192 192 (0) 7 : 0.09135124592892350515 0.34099844492411307550 0.56765030914696346098
193 193 (0) 7 : 0.27324466577528122579 0.06644991272641698199 0.66030542149830184773
194 194 (0) 7 : 0.36333321390288547681 0.27867741710620885787 0.35798936899090566532
195 195 (0) 7 : 0.26116584523372993187 0.17513006906627956449 0.56370408569999053139
196 196 (0) 7 : 0.13928924847402235354 0.32567487785854654092 0.53503587366743110554
197 197 (0) 7 : 0.43455302610969248622 0.02883110365134381944 0.53661587023896362147
198 198 (0) 7 : 0.21907634781404708435 0.36584655069511501368 0.41507710149083792972
199 199 (0) 7 : 0.33387808241344762994 0.23994473341022662383 0.42617718417632571848
200 200 (0) 7 : 0.50006306066860117809 0.28534903320460669462 0.21458790612679201626
201 201 (0) 7 : 0.27319993324423169634 0.00000000100000000000 0.72680006575576816541
202 202 (0) 7 : 0.19576566387099408884 0.46204918732617877852 0.34218514880282713264
203 203 (0) 7 : 0.42032835226385834027 0.00000000100000000000 0.57967164673614157699
