-------------------------------------------------------------------------------
 L       Percentage of nodes in the largest component
 D       Percentage of nodes in components of size at most 3 [-div option]
 R       Percentage of nodes not in L or D: 100 - L -D
 S       Percentage of nodes that are singletons
 E       Fraction of edges retained (input graph has 380)
 cce     Expected size of component, nodewise [ sum(sz^2) / sum^2(sz) ]
 EW      Edge weight traits (mean, median and IQR)
 ND      Node degree traits [mean, median and IQR]
 CCF     Clustering coefficient (scale 1-100)
 eff     Induced component efficiency relative to start graph (scale 1-1000)
Total number of nodes: 20
----------------------------------------------------------------------------------------------
  L   D   R   S     E     cce  EWmean   EWmed   EWiqr  NDmean   NDmed  NDiqr CCF  eff  Cutoff 
----------------------------------------------------------------------------------------------
100   0   0   0 1.000      20    0.77    0.76    0.05    19.0    19.5    0.5   -    -     0.50
100   0   0   0 1.000      20    0.77    0.76    0.05    19.0    19.5    0.5   -    -     0.51
100   0   0   0 1.000      20    0.77    0.76    0.05    19.0    19.5    0.5   -    -     0.52
100   0   0   0 1.000      20    0.77    0.76    0.05    19.0    19.5    0.5   -    -     0.53
100   0   0   0 1.000      20    0.77    0.76    0.05    19.0    19.5    0.5   -    -     0.54
100   0   0   0 1.000      20    0.77    0.76    0.05    19.0    19.5    0.5   -    -     0.55
100   0   0   0 1.000      20    0.77    0.76    0.05    19.0    19.5    0.5   -    -     0.56
100   0   0   0 1.000      20    0.77    0.76    0.05    19.0    19.5    0.5   -    -     0.57
100   0   0   0 1.000      20    0.77    0.76    0.05    19.0    19.5    0.5   -    -     0.58
100   0   0   0 1.000      20    0.77    0.76    0.05    19.0    19.5    0.5   -    -     0.59
100   0   0   0 1.000      20    0.77    0.76    0.05    19.0    19.5    0.5   -    -     0.60
100   0   0   0 1.000      20    0.77    0.76    0.05    19.0    19.5    0.5   -    -     0.61
100   0   0   0 1.000      20    0.77    0.76    0.05    19.0    19.5    0.5   -    -     0.62
100   0   0   0 0.984      20    0.78    0.76    0.04    18.7    19.5    0.5   -    -     0.63
100   0   0   0 0.947      20    0.78    0.76    0.04    18.0    18.5    1.5   -    -     0.64
100   0   0   0 0.942      20    0.78    0.76    0.04    17.9    18.5    1.5   -    -     0.65
100   0   0   0 0.932      20    0.78    0.76    0.04    17.7    18.5    1.5   -    -     0.66
100   0   0   0 0.932      20    0.78    0.76    0.04    17.7    18.5    1.5   -    -     0.67
100   0   0   0 0.932      20    0.78    0.76    0.04    17.7    18.5    1.5   -    -     0.68
100   0   0   0 0.932      20    0.78    0.76    0.04    17.7    18.5    1.5   -    -     0.69
100   0   0   0 0.911      20    0.79    0.76    0.04    17.3    18.5    0.5   -    -     0.70
 95   5   0   5 0.858      18    0.79    0.77    0.04    16.3    18.5    2.5   -    -     0.71
 95   5   0   5 0.795      18    0.80    0.77    0.04    15.1    16.5    2.5   -    -     0.72
 95   5   0   5 0.795      18    0.80    0.77    0.04    15.1    16.5    2.5   -    -     0.73
 95   5   0   5 0.747      18    0.80    0.77    0.04    14.2    16.5    1.5   -    -     0.74
 95   5   0   5 0.637      18    0.81    0.78    0.04    12.1    12.5    3.5   -    -     0.75
 95   5   0   5 0.537      18    0.82    0.78    0.10    10.2    12.5    5.5   -    -     0.76
 95   5   0   5 0.432      18    0.84    0.79    0.13     8.2     8.5    3.5   -    -     0.77
 75   5  20   5 0.284      12    0.87    0.82    0.17     5.4     4.5    6.5   -    -     0.78
 65  15  20   5 0.211      10    0.90    0.91    0.17     4.0     3.5    2.5   -    -     0.79
 30  30  40   5 0.163       4    0.93    0.96    0.08     3.1     3.5    3.5   -    -     0.80
 30  30  40  10 0.153       4    0.94    0.96    0.07     2.9     3.5    4.5   -    -     0.81
 30  30  40  10 0.142       4    0.95    0.96    0.08     2.7     3.5    4.5   -    -     0.82
 30  30  40  10 0.142       4    0.95    0.96    0.08     2.7     3.5    4.5   -    -     0.83
 30  50  20  15 0.137       4    0.95    0.96    0.09     2.6     2.5    4.5   -    -     0.84
 30  50  20  15 0.137       4    0.95    0.96    0.09     2.6     2.5    4.5   -    -     0.85
 30  50  20  15 0.137       4    0.95    0.96    0.09     2.6     2.5    4.5   -    -     0.86
 30  50  20  20 0.126       3    0.96    0.97    0.09     2.4     2.5    4.5   -    -     0.87
 30  50  20  20 0.126       3    0.96    0.97    0.09     2.4     2.5    4.5   -    -     0.88
 30  50  20  20 0.126       3    0.96    0.97    0.09     2.4     2.5    4.5   -    -     0.89
 30  50  20  20 0.126       3    0.96    0.97    0.09     2.4     2.5    4.5   -    -     0.90
 20  60  20  20 0.084       3    0.98    0.98    0.02     1.6     1.5    2.5   -    -     0.91
 20  60  20  20 0.084       3    0.98    0.98    0.02     1.6     1.5    2.5   -    -     0.92
 20  60  20  20 0.084       3    0.98    0.98    0.02     1.6     1.5    2.5   -    -     0.93
 20  60  20  20 0.084       3    0.98    0.98    0.02     1.6     1.5    2.5   -    -     0.94
 20  60  20  20 0.084       3    0.98    0.98    0.02     1.6     1.5    2.5   -    -     0.95
 20  80   0  25 0.068       2    0.99    1.00    0.02     1.3     1.5    1.5   -    -     0.96
 20  80   0  35 0.063       2    0.99    1.00    0.02     1.2     1.5    2.5   -    -     0.97
  0 100   0  40 0.047       2    0.99    1.00    0.00     0.9     1.5    2.5   -    -     0.98
  0 100   0  45 0.037       2    1.00    1.00    0.00     0.7     1.5    1.5   -    -     0.99
---------------------------------------------------------------------------------------------
