10 -733195.874787
10 -733004.831966
10 -732955.018406
10 -733158.314625
10 -733193.016131
10 -733179.49683
10 -733039.040356
10 -733203.288144
10 -733080.987665
10 -733084.035746
10 -733163.0039
10 -733301.71026
10 -733375.410203
10 -732990.350417
10 -733262.773293
10 -733375.025341
10 -733320.260836
10 -733320.260836
10 -733168.028528
10 -733094.777521
1 -776351.184032
1 -776351.184032
1 -776351.184032
1 -776351.184032
1 -776351.184032
1 -776351.184032
1 -776351.184032
1 -776351.184032
1 -776351.184032
1 -776351.184032
1 -776351.184032
1 -776351.184032
1 -776351.184032
1 -776351.184032
1 -776351.184032
1 -776351.184032
1 -776351.184032
1 -776351.184032
1 -776351.184032
1 -776351.184032
2 -765068.670811
2 -765068.667334
2 -765068.65485
2 -765068.65561
2 -765068.672126
2 -765068.670235
2 -765068.670337
2 -765068.667596
2 -765068.672291
2 -765068.663455
2 -765068.659853
2 -765068.654907
2 -765068.65943
2 -765068.668395
2 -765068.67323
2 -765068.674954
2 -765068.666472
2 -765068.670188
2 -765068.670865
2 -765068.670865
3 -760565.301584
3 -760610.785588
3 -760580.062362
3 -760574.763336
3 -760629.475206
3 -760563.633513
3 -760563.633513
3 -760591.527219
3 -760607.218064
3 -760581.677716
3 -760573.999319
3 -760616.986969
3 -760573.521346
3 -760563.216504
3 -760571.638167
3 -760551.553415
3 -760551.822804
3 -760582.478652
3 -760594.254877
3 -760594.254877
4 -756497.434428
4 -756228.507947
4 -756279.692547
4 -756226.622196
4 -756315.485578
4 -756321.599248
4 -756252.189139
4 -756279.625068
4 -756233.39873
4 -756298.372654
4 -756285.866184
4 -756173.960709
4 -756250.612153
4 -756354.137522
4 -756390.679482
4 -756259.586021
4 -756461.415991
4 -756311.665307
4 -756249.251801
4 -756197.21745
5 -752434.962428
5 -752326.127113
5 -752328.633728
5 -752238.825709
5 -752142.57038
5 -752245.00873
5 -752236.987391
5 -752212.953537
5 -752265.256991
5 -752248.141884
5 -752245.075572
5 -752370.796348
5 -752374.970196
5 -752367.707772
5 -752151.010691
5 -752259.190766
5 -752344.201165
5 -752427.272436
5 -752373.276977
5 -752097.857702
6 -748305.403589
6 -748210.053202
6 -748368.96782
6 -748176.044029
6 -748210.931618
6 -748256.890235
6 -748076.544474
6 -748238.008735
6 -748456.789088
6 -748251.255133
6 -748098.008552
6 -748572.288601
6 -748391.464602
6 -748237.472394
6 -748463.862627
6 -748349.471717
6 -748232.784405
6 -748457.968498
6 -748551.708167
6 -748275.659648
7 -744486.829817
7 -744568.722568
7 -744536.335208
7 -744341.090215
7 -744341.090215
7 -744243.471448
7 -744223.849946
7 -744319.137562
7 -744566.96115
7 -744412.732172
7 -744501.572053
7 -744354.083401
7 -744481.899974
7 -744393.318231
7 -744299.477155
7 -744380.951709
7 -744418.261709
7 -744316.660373
7 -744302.890827
7 -744321.852351
8 -740353.216504
8 -740353.216504
8 -740609.559149
8 -740721.045932
8 -740826.771548
8 -740527.089481
8 -740747.20999
8 -740726.426353
8 -740445.043588
8 -740714.859698
8 -740689.471158
8 -740438.399327
8 -740602.867984
8 -740633.682767
8 -740563.613855
8 -740597.28448
8 -740591.781549
8 -740530.836897
8 -740578.888121
8 -740816.420001
9 -736601.777277
9 -736601.777277
9 -736901.198033
9 -736876.132353
9 -736964.730952
9 -736714.00969
9 -736708.41186
9 -736780.681505
9 -736893.231153
9 -737019.406359
9 -736882.778228
9 -736769.758293
9 -736883.630372
9 -736908.452682
9 -736933.177501
9 -736923.714731
9 -736803.542176
9 -737091.609685
9 -736518.374675
9 -737032.075274
