-------------------------------------------------------------------------------
 L       Percentage of nodes in the largest component
 D       Percentage of nodes in components of size at most 3 [-div option]
 R       Percentage of nodes not in L or D: 100 - L -D
 S       Percentage of nodes that are singletons
 E       Fraction of edges retained (input graph has 380)
 cce     Expected size of component, nodewise [ sum(sz^2) / sum^2(sz) ]
 EW      Edge weight traits (mean, median and IQR)
 ND      Node degree traits [mean, median and IQR]
 CCF     Clustering coefficient (scale 1-100)
 eff     Induced component efficiency relative to start graph (scale 1-1000)
Total number of nodes: 20
----------------------------------------------------------------------------------------------
  L   D   R   S     E     cce  EWmean   EWmed   EWiqr  NDmean   NDmed  NDiqr CCF  eff  Cutoff 
----------------------------------------------------------------------------------------------
100   0   0   0 1.000      20    0.76    0.76    0.13    19.0    19.5    0.5   -    -     0.50
100   0   0   0 1.000      20    0.76    0.76    0.13    19.0    19.5    0.5   -    -     0.51
100   0   0   0 1.000      20    0.76    0.76    0.13    19.0    19.5    0.5   -    -     0.52
100   0   0   0 1.000      20    0.76    0.76    0.13    19.0    19.5    0.5   -    -     0.53
100   0   0   0 1.000      20    0.76    0.76    0.13    19.0    19.5    0.5   -    -     0.54
100   0   0   0 1.000      20    0.76    0.76    0.13    19.0    19.5    0.5   -    -     0.55
100   0   0   0 1.000      20    0.76    0.76    0.13    19.0    19.5    0.5   -    -     0.56
100   0   0   0 1.000      20    0.76    0.76    0.13    19.0    19.5    0.5   -    -     0.57
100   0   0   0 1.000      20    0.76    0.76    0.13    19.0    19.5    0.5   -    -     0.58
100   0   0   0 1.000      20    0.76    0.76    0.13    19.0    19.5    0.5   -    -     0.59
100   0   0   0 0.968      20    0.76    0.76    0.11    18.4    19.5    1.5   -    -     0.60
100   0   0   0 0.953      20    0.76    0.76    0.11    18.1    19.5    2.5   -    -     0.61
100   0   0   0 0.942      20    0.77    0.76    0.10    17.9    19.5    2.5   -    -     0.62
100   0   0   0 0.905      20    0.77    0.76    0.09    17.2    18.5    4.5   -    -     0.63
100   0   0   0 0.884      20    0.78    0.77    0.09    16.8    18.5    4.5   -    -     0.64
100   0   0   0 0.858      20    0.78    0.77    0.09    16.3    16.5    5.5   -    -     0.65
100   0   0   0 0.858      20    0.78    0.77    0.09    16.3    16.5    5.5   -    -     0.66
100   0   0   0 0.811      20    0.79    0.78    0.09    15.4    15.5    6.5   -    -     0.67
100   0   0   0 0.774      20    0.79    0.78    0.09    14.7    14.5    5.5   -    -     0.68
100   0   0   0 0.753      20    0.79    0.79    0.08    14.3    14.5    5.5   -    -     0.69
100   0   0   0 0.742      20    0.80    0.79    0.08    14.1    13.5    5.5   -    -     0.70
100   0   0   0 0.721      20    0.80    0.79    0.08    13.7    13.5    6.5   -    -     0.71
100   0   0   0 0.695      20    0.80    0.80    0.08    13.2    13.5    6.5   -    -     0.72
100   0   0   0 0.679      20    0.80    0.80    0.08    12.9    13.5    5.5   -    -     0.73
100   0   0   0 0.584      20    0.81    0.81    0.07    11.1    11.5    4.5   -    -     0.74
100   0   0   0 0.563      20    0.82    0.81    0.07    10.7    10.5    4.5   -    -     0.75
100   0   0   0 0.495      20    0.83    0.82    0.06     9.4     8.5    3.5   -    -     0.76
100   0   0   0 0.437      20    0.83    0.83    0.06     8.3     8.5    2.5   -    -     0.77
100   0   0   0 0.400      20    0.84    0.83    0.05     7.6     7.5    1.5   -    -     0.78
100   0   0   0 0.353      20    0.85    0.84    0.05     6.7     7.5    1.5   -    -     0.79
100   0   0   0 0.332      20    0.85    0.84    0.05     6.3     7.5    2.5   -    -     0.80
100   0   0   0 0.284      20    0.86    0.84    0.05     5.4     6.5    2.5   -    -     0.81
 60   5  35   5 0.237      10    0.86    0.85    0.04     4.5     5.5    2.5   -    -     0.82
 35  10  55  10 0.195       6    0.87    0.87    0.05     3.7     4.5    2.5   -    -     0.83
 35  10  55  10 0.168       6    0.88    0.87    0.04     3.2     3.5    1.5   -    -     0.84
 35  10  55  10 0.116       6    0.89    0.88    0.03     2.2     2.5    2.5   -    -     0.85
 35  10  55  10 0.116       6    0.89    0.88    0.03     2.2     2.5    2.5   -    -     0.86
 30  45  25  20 0.095       4    0.90    0.89    0.03     1.8     2.5    2.5   -    -     0.87
 20  60  20  45 0.058       3    0.92    0.90    0.04     1.1     1.5    2.5   -    -     0.88
  0 100   0  50 0.042       2    0.93    0.92    0.03     0.8     0.5    2.5   -    -     0.89
  0 100   0  65 0.026       2    0.95    0.93    0.07     0.5     0.5    1.5   -    -     0.90
  0 100   0  75 0.021       1    0.96    0.96    0.07     0.4     0.5    0.5   -    -     0.91
  0 100   0  75 0.021       1    0.96    0.96    0.07     0.4     0.5    0.5   -    -     0.92
  0 100   0  80 0.011       1    1.00    1.00    0.00     0.2     0.5    0.5   -    -     0.93
  0 100   0  80 0.011       1    1.00    1.00    0.00     0.2     0.5    0.5   -    -     0.94
  0 100   0  80 0.011       1    1.00    1.00    0.00     0.2     0.5    0.5   -    -     0.95
  0 100   0  80 0.011       1    1.00    1.00    0.00     0.2     0.5    0.5   -    -     0.96
  0 100   0  80 0.011       1    1.00    1.00    0.00     0.2     0.5    0.5   -    -     0.97
  0 100   0  80 0.011       1    1.00    1.00    0.00     0.2     0.5    0.5   -    -     0.98
  0 100   0  80 0.011       1    1.00    1.00    0.00     0.2     0.5    0.5   -    -     0.99
---------------------------------------------------------------------------------------------
