1 1 (0) 1 : 0.61482112605392458260 0.38517887394607536189
2 2 (0) 1 : 0.99999999900000002828 0.00000000100000000000
3 3 (0) 2 : 0.38456266002450251174 0.61543733997549754378
4 4 (0) 2 : 0.53950992369408801164 0.46049007630591198836
5 5 (0) 2 : 0.34989557913711377690 0.65010442086288633412
6 6 (0) 2 : 0.69413211852757017439 0.30586788147242993663
7 7 (0) 2 : 0.00000000100000000000 0.99999999900000002828
8 8 (0) 2 : 0.14638013708903088728 0.85361986291096902946
9 9 (0) 2 : 0.14253763445494946338 0.85746236554505061989
10 10 (0) 2 : 0.00000000100000000000 0.99999999900000002828
11 11 (0) 2 : 0.31311797486727727113 0.68688202513272267336
12 12 (0) 2 : 0.45009624826980715318 0.54990375173019290234
13 13 (0) 2 : 0.00000000100000000000 0.99999999900000002828
14 14 (0) 2 : 0.44344055857586733849 0.55655944142413271702
15 15 (0) 2 : 0.19404788378789311620 0.80595211621210682829
16 16 (0) 2 : 0.48787055501826281922 0.51212944498173729180
17 17 (0) 2 : 0.21886993741166496652 0.78113006258833506124
18 18 (0) 2 : 0.28721106198635382167 0.71278893801364628935
19 19 (0) 2 : 0.21351523604243216603 0.78648476395756783397
20 20 (0) 2 : 0.35451776353802105790 0.64548223646197888659
21 21 (0) 2 : 0.37972560825351664437 0.62027439174648335563
22 22 (0) 2 : 0.31727540741304183225 0.68272459258695827877
23 23 (0) 2 : 0.30403884448133422502 0.69596115551866577498
24 24 (0) 2 : 0.46392791954058287818 0.53607208045941712182
25 25 (0) 2 : 0.38518615645677423132 0.61481384354322576868
26 26 (0) 2 : 0.00000000100000000000 0.99999999900000002828
27 27 (0) 2 : 0.36782673883609595666 0.63217326116390393231
28 28 (0) 2 : 0.42444738061771053461 0.57555261938228952090
29 29 (0) 2 : 0.00000000100000000000 0.99999999900000002828
30 30 (0) 3 : 0.60159964412236699438 0.39840035587763300562
31 31 (0) 3 : 0.41242730176883429793 0.58757269823116575758
32 32 (0) 3 : 0.35213729445827457454 0.64786270554172531444
33 33 (0) 3 : 0.17628995695742333272 0.82371004304257666728
34 34 (0) 3 : 0.00067860572970918943 0.99932139427029076373
35 35 (0) 3 : 0.54389526650039510258 0.45610473349960478640
36 36 (0) 3 : 0.06785427121680535911 0.93214572878319468252
37 37 (0) 3 : 0.30187102002853655192 0.69812897997146339257
38 38 (0) 3 : 0.63794325100420135044 0.36205674899579870507
39 39 (0) 3 : 0.48520549129326123738 0.51479450870673870710
40 40 (0) 3 : 0.41937947075854242751 0.58062052924145757249
41 41 (0) 3 : 0.50783724073297697998 0.49216275926702307553
42 42 (0) 3 : 0.99999999841680731194 0.00000000158319272438
43 43 (0) 3 : 0.53949060030039663882 0.46050939969960336118
44 44 (0) 3 : 0.09074955053567160257 0.90925044946432842519
45 45 (0) 3 : 0.29836091186971669398 0.70163908813028341704
46 46 (0) 3 : 0.30251429500786014559 0.69748570499213990992
47 47 (0) 3 : 0.00000000304642338575 0.99999999695357666418
48 48 (0) 3 : 0.45628595067689259324 0.54371404932310751779
49 49 (0) 3 : 0.40570131392866343178 0.59429868607133662373
50 50 (0) 3 : 0.58112610407715392657 0.41887389592284612894
51 51 (0) 3 : 0.30178801175884378827 0.69821198824115615622
52 52 (0) 3 : 0.31250559557859131088 0.68749440442140874463
53 53 (0) 3 : 0.24006914767726722504 0.75993085232273283047
54 54 (0) 3 : 0.40388172417836437633 0.59611827582163556816
55 55 (0) 3 : 0.00000000100000000000 0.99999999900000002828
56 56 (0) 3 : 0.14601433274789551997 0.85398566725210445227
57 57 (0) 3 : 0.38930057004844159652 0.61069942995155845900
58 58 (0) 3 : 0.99999999900000002828 0.00000000100000000000
59 59 (0) 3 : 0.45208063365160050529 0.54791936634839943920
60 60 (0) 4 : 0.30469146858618184615 0.69530853141381820937
61 61 (0) 4 : 0.33250214402466005126 0.66749785597533994874
62 62 (0) 4 : 0.50986271282929340742 0.49013728717070659258
63 63 (0) 4 : 0.33035313031016894092 0.66964686968983111459
64 64 (0) 4 : 0.23813713535223357542 0.76186286464776653560
65 65 (0) 4 : 0.31533115445165738056 0.68466884554834273047
66 66 (0) 4 : 0.18537756896965526532 0.81462243103034470693
67 67 (0) 4 : 0.35229998105213705673 0.64770001894786299879
68 68 (0) 4 : 0.36556254860299525200 0.63443745139700480351
69 69 (0) 4 : 0.33260358962407049477 0.66739641037592956074
70 70 (0) 4 : 0.53183879263478661681 0.46816120736521338319
71 71 (0) 1 : 0.00000000100000000000 0.99999999900000002828
72 72 (0) 1 : 0.99999999900000002828 0.00000000100000000000
73 73 (0) 1 : 0.39584548851921691481 0.60415451148078314070
74 74 (0) 1 : 0.41013528041869112828 0.58986471958130892723
75 75 (0) 1 : 0.31227274536183602383 0.68772725463816386515
76 76 (0) 1 : 0.51253588870604716021 0.48746411129395283979
77 77 (0) 1 : 0.47804980904111715745 0.52195019095888284255
78 78 (0) 1 : 0.59668417487229419294 0.40331582512770591809
79 79 (0) 1 : 0.38714253749057742082 0.61285746250942252367
80 80 (0) 1 : 0.07974920984307205807 0.92025079015692790030
81 81 (0) 1 : 0.99999999900000002828 0.00000000100000000000
82 82 (0) 1 : 0.47661553600301853617 0.52338446399698146383
83 83 (0) 1 : 0.42167041095032364861 0.57832958904967646241
84 84 (0) 1 : 0.48482709500864257235 0.51517290499135737214
85 85 (0) 1 : 0.24609964454850785653 0.75390035545149214347
86 86 (0) 1 : 0.00087065754971491903 0.99912934245028506286
87 87 (0) 1 : 0.66256861375551900917 0.33743138624448093532
88 88 (0) 1 : 0.36693424940509711263 0.63306575059490299839
89 89 (0) 1 : 0.38364317603459235917 0.61635682396540758532
90 90 (0) 1 : 0.38029180707273047002 0.61970819292726952998
91 91 (0) 1 : 0.19411838740499795519 0.80588161259500212807
92 92 (0) 1 : 0.52417486273025870602 0.47582513726974129398
93 93 (0) 1 : 0.48502348824504898372 0.51497651175495096076
94 94 (0) 1 : 0.18886082437152026947 0.81113917562847981380
95 95 (0) 1 : 0.00009339577263033063 0.99990660422736965529
96 96 (0) 1 : 0.33210863335975282506 0.66789136664024717494
97 97 (0) 1 : 0.45941736444593900268 0.54058263555406094181
98 98 (0) 1 : 0.27673914193590132271 0.72326085806409867729
99 99 (0) 4 : 0.00000013551065573760 0.99999986448934430339
100 100 (0) 4 : 0.25117946093631121629 0.74882053906368883922
101 101 (0) 5 : 0.25308634449057881843 0.74691365550942123708
102 102 (0) 5 : 0.55379064218671070208 0.44620935781328929792
103 103 (0) 5 : 0.39212848601431854467 0.60787151398568151084
104 104 (0) 5 : 0.55298857771067966294 0.44701142228932028155
105 105 (0) 5 : 0.00000000100000000000 0.99999999900000002828
106 106 (0) 4 : 0.44362861120738533716 0.55637138879261471835
107 107 (0) 4 : 0.40788578032299349641 0.59211421967700661462
108 108 (0) 4 : 0.99999999900000002828 0.00000000100000000000
109 109 (0) 4 : 0.27509352930048192043 0.72490647069951807957
110 110 (0) 4 : 0.46005829337513420851 0.53994170662486573598
111 111 (0) 5 : 0.32838386986299761272 0.67161613013700238728
112 112 (0) 5 : 0.23971168794024216853 0.76028831205975788698
113 113 (0) 5 : 0.34957073957526002550 0.65042926042474003001
114 114 (0) 5 : 0.38863272848525554082 0.61136727151474457020
115 115 (0) 5 : 0.66522972880839537080 0.33477027119160462920
116 116 (0) 5 : 0.35175895984821436979 0.64824104015178551919
117 117 (0) 4 : 0.32787126173891689707 0.67212873826108310293
118 118 (0) 4 : 0.42480141234456708643 0.57519858765543296908
119 119 (0) 4 : 0.18080513070591791580 0.81919486929408213971
120 120 (0) 4 : 0.37967330853299968707 0.62032669146700036844
121 121 (0) 4 : 0.46810521628932239002 0.53189478371067755447
122 122 (0) 4 : 0.37426297736058755650 0.62573702263941244350
123 123 (0) 4 : 0.10191972595949014280 0.89808027404050994047
124 124 (0) 4 : 0.29805214437103516589 0.70194785562896477860
125 125 (0) 5 : 0.27180755373068432590 0.72819244626931567410
126 126 (0) 5 : 0.54291374613615128730 0.45708625386384865719
127 127 (0) 5 : 0.99999999900000002828 0.00000000100000000000
128 128 (0) 5 : 0.45436306788336999762 0.54563693211663011340
129 129 (0) 5 : 0.16260001776613225433 0.83739998223386780118
130 130 (0) 5 : 0.99999999900000002828 0.00000000100000000000
131 131 (0) 5 : 0.00000000100000000000 0.99999999900000002828
132 132 (0) 5 : 0.26497744743799195311 0.73502255256200799138
133 133 (0) 5 : 0.46469456280664606096 0.53530543719335399455
134 134 (0) 5 : 0.19076390222715189360 0.80923609777284810640
135 135 (0) 5 : 0.99999999900000002828 0.00000000100000000000
136 136 (0) 5 : 0.99999999900000002828 0.00000000100000000000
137 137 (0) 5 : 0.26999178782150079492 0.73000821217849920508
138 138 (0) 5 : 0.31212645579366504744 0.68787354420633495256
139 139 (0) 5 : 0.99999999900000002828 0.00000000100000000000
140 140 (0) 5 : 0.61137755926198134038 0.38862244073801871513
141 141 (0) 5 : 0.39156883126533892359 0.60843116873466107641
142 142 (0) 5 : 0.53981994676513467279 0.46018005323486543823
143 143 (0) 5 : 0.50819104477719845292 0.49180895522280160259
144 144 (0) 6 : 0.53368970034753038245 0.46631029965246961755
145 145 (0) 6 : 0.59664679375567963859 0.40335320624432041692
146 146 (0) 6 : 0.18612810650803049417 0.81387189349196953359
147 147 (0) 6 : 0.45402192548543146566 0.54597807451456858985
148 148 (0) 6 : 0.39795572108505183895 0.60204427891494827207
149 149 (0) 6 : 0.24503788052322084123 0.75496211947677915877
150 150 (0) 6 : 0.65736046895939281853 0.34263953104060712596
151 151 (0) 6 : 0.00000000100000000000 0.99999999900000002828
152 152 (0) 6 : 0.32981637646420997045 0.67018362353579008506
153 153 (0) 6 : 0.33251452806700576570 0.66748547193299423430
154 154 (0) 6 : 0.37752641139988013519 0.62247358860011992032
155 155 (0) 6 : 0.99999999900000002828 0.00000000100000000000
156 156 (0) 6 : 0.55851414856820136290 0.44148585143179869261
157 157 (0) 6 : 0.07076970674127740224 0.92923029325872263939
158 158 (0) 6 : 0.36325237438660529232 0.63674762561339481870
159 159 (0) 6 : 0.38886658201741614027 0.61113341798258391524
160 160 (0) 6 : 0.34305520526603738851 0.65694479473396261149
161 161 (0) 6 : 0.37077046094379340069 0.62922953905620659931
162 162 (0) 6 : 0.39956420738864295572 0.60043579261135704428
163 163 (0) 6 : 0.63074711029759134018 0.36925288970240871533
164 164 (0) 6 : 0.55277511208968388434 0.44722488791031611566
165 165 (0) 6 : 0.32124023917821614704 0.67875976082178390847
166 166 (0) 6 : 0.00000000100000000000 0.99999999900000002828
167 167 (0) 6 : 0.54555927781292246070 0.45444072218707759481
168 168 (0) 6 : 0.24884047264231429208 0.75115952735768565240
169 169 (0) 6 : 0.99999999900000002828 0.00000000100000000000
170 170 (0) 6 : 0.38891581565271116094 0.61108418434728883906
171 171 (0) 6 : 0.57175833786513663437 0.42824166213486342114
172 172 (0) 4 : 0.58941095474766125317 0.41058904525233874683
173 173 (0) 4 : 0.24097758863183538214 0.75902241136816461786
174 174 (0) 7 : 0.22655606028221114689 0.77344393971778890862
175 175 (0) 7 : 0.26969112355934737879 0.73030887644065267672
176 176 (0) 7 : 0.56875662979393593055 0.43124337020606395843
177 177 (0) 7 : 0.00000058597087574600 0.99999941402912428945
178 178 (0) 7 : 0.36515571935727059172 0.63484428064272935277
179 179 (0) 7 : 0.16881428418567376304 0.83118571581432632023
180 180 (0) 7 : 0.20225646673118763408 0.79774353326881242143
181 181 (0) 7 : 0.99999999900000002828 0.00000000100000000000
182 182 (0) 7 : 0.28498193507791008683 0.71501806492208985766
183 183 (0) 7 : 0.55540022460963345274 0.44459977539036649175
184 184 (0) 7 : 0.38907674397018993107 0.61092325602981012445
185 185 (0) 7 : 0.11111889258503387934 0.88888110741496617617
186 186 (0) 7 : 0.39243771843972319324 0.60756228156027680676
187 187 (0) 7 : 0.48037981064362611505 0.51962018935637388495
188 188 (0) 7 : 0.44101252510824939801 0.55898747489175071301
189 189 (0) 7 : 0.26433155451165546435 0.73566844548834453565
190 190 (0) 7 : 0.47446636120870244735 0.52553363879129766367
191 191 (0) 7 : 0.58430511450691025033 0.41569488549308980518
192 192 (0) 7 : 0.35575075043910464601 0.64424924956089535399
193 193 (0) 7 : 0.36885052340502422208 0.63114947659497588894
194 194 (0) 7 : 0.41219364688039289435 0.58780635311960716116
195 195 (0) 7 : 0.37463808908185763924 0.62536191091814241627
196 196 (0) 7 : 0.36312662624073721584 0.63687337375926267313
197 197 (0) 7 : 0.30393654255009477927 0.69606345744990516522
198 198 (0) 7 : 0.37415248480056528813 0.62584751519943460085
199 199 (0) 7 : 0.38015281454598504052 0.61984718545401507050
200 200 (0) 7 : 0.48510721065960277221 0.51489278934039717228
201 201 (0) 7 : 0.00000000100000000000 0.99999999900000002828
202 202 (0) 7 : 0.28526838550973698805 0.71473161449026301195
203 203 (0) 7 : 0.22906568838216628814 0.77093431161783365635
1 1 (0) 1 : 0.55304570846853773336 0.44695429153146221113
2 2 (0) 1 : 0.70928774360765434182 0.29071225639234576921
3 3 (0) 2 : 0.48521979893988059773 0.51478020106011945778
4 4 (0) 2 : 0.99999999900000002828 0.00000000100000000000
5 5 (0) 2 : 0.31951283348621384306 0.68048716651378615694
6 6 (0) 2 : 0.38709206638558874003 0.61290793361441131548
7 7 (0) 2 : 0.00000000100000000000 0.99999999900000002828
8 8 (0) 2 : 0.07535141385339941267 0.92464858614660061509
9 9 (0) 2 : 0.00000001056231236473 0.99999998943768764192
10 10 (0) 2 : 0.18905879110017090317 0.81094120889982912459
11 11 (0) 2 : 0.22098736345674635517 0.77901263654325370034
12 12 (0) 2 : 0.43460321998515744069 0.56539678001484261483
13 13 (0) 2 : 0.00000000100000000000 0.99999999900000002828
14 14 (0) 2 : 0.34955006343177080774 0.65044993656822902572
15 15 (0) 2 : 0.24914721650635057726 0.75085278349364936723
16 16 (0) 2 : 0.64103543484489533544 0.35896456515510472007
17 17 (0) 2 : 0.32770877612781312838 0.67229122387218687162
18 18 (0) 2 : 0.43804385323947286901 0.56195614676052718650
19 19 (0) 2 : 0.23743302467837332226 0.76256697532162664999
20 20 (0) 2 : 0.66079470939098017279 0.33920529060901977170
21 21 (0) 2 : 0.01880496174630136991 0.98119503825369858152
22 22 (0) 2 : 0.38683808091142224406 0.61316191908857786697
23 23 (0) 2 : 0.26232755824731734950 0.73767244175268265050
24 24 (0) 2 : 0.40171571990854254564 0.59828428009145739885
25 25 (0) 2 : 0.45016955966368749076 0.54983044033631256475
26 26 (0) 2 : 0.40586787855212602683 0.59413212144787397317
27 27 (0) 2 : 0.30582149305744638079 0.69417850694255367472
28 28 (0) 2 : 0.04223903988756626260 0.95776096011243372352
29 29 (0) 2 : 0.16160770687758940767 0.83839229312241059233
30 30 (0) 3 : 0.72843747155097693380 0.27156252844902317722
31 31 (0) 3 : 0.22985612320770618111 0.77014387679229379113
32 32 (0) 3 : 0.36604181907143451546 0.63395818092856548454
33 33 (0) 3 : 0.22088669980028757811 0.77911330019971236638
34 34 (0) 3 : 0.31545572342388233933 0.68454427657611771618
35 35 (0) 3 : 0.41728434490048316174 0.58271565509951683826
36 36 (0) 3 : 0.00000000100000000000 0.99999999900000002828
37 37 (0) 3 : 0.00000000100000000000 0.99999999900000002828
38 38 (0) 3 : 0.55971763981359912155 0.44028236018640093397
39 39 (0) 3 : 0.18977750029934667420 0.81022249970065329805
40 40 (0) 3 : 0.57163978100260981474 0.42836021899739029628
41 41 (0) 3 : 0.44719959805841141831 0.55280040194158863720
42 42 (0) 3 : 0.41750397552132645362 0.58249602447867354638
43 43 (0) 3 : 0.42853542923067539094 0.57146457076932466457
44 44 (0) 3 : 0.24454028810306527308 0.75545971189693472692
45 45 (0) 3 : 0.28890293014970436225 0.71109706985029563775
46 46 (0) 3 : 0.62012506547185153316 0.37987493452814835582
47 47 (0) 3 : 0.04183857157157674228 0.95816142842842333405
48 48 (0) 3 : 0.99999999900000002828 0.00000000100000000000
49 49 (0) 3 : 0.40880824422662664919 0.59119175577337335081
50 50 (0) 3 : 0.35593536603106706862 0.64406463396893298690
51 51 (0) 3 : 0.25629661346823640056 0.74370338653176359944
52 52 (0) 3 : 0.38119495174559464568 0.61880504825440540984
53 53 (0) 3 : 0.44617963738881499802 0.55382036261118505749
54 54 (0) 3 : 0.39241617619215224400 0.60758382380784781152
55 55 (0) 3 : 0.35536673648320660224 0.64463326351679339776
56 56 (0) 3 : 0.28220286873835809249 0.71779713126164190751
57 57 (0) 3 : 0.41742915657401075125 0.58257084342598919324
58 58 (0) 3 : 0.99999999900000002828 0.00000000100000000000
59 59 (0) 3 : 0.61245447046268486346 0.38754552953731508103
60 60 (0) 4 : 0.31111702840322091879 0.68888297159677902570
61 61 (0) 4 : 0.39647821337619820747 0.60352178662380184804
62 62 (0) 4 : 0.64503015069000568804 0.35496984930999425645
63 63 (0) 4 : 0.20283781580239151898 0.79716218419760842551
64 64 (0) 4 : 0.32851438865473797657 0.67148561134526207894
65 65 (0) 4 : 0.34241809227698921658 0.65758190772301083893
66 66 (0) 4 : 0.21990801873001614153 0.78009198126998391398
67 67 (0) 4 : 0.46724242451311220892 0.53275757548688784659
68 68 (0) 4 : 0.38700099815155891703 0.61299900184844113848
69 69 (0) 4 : 0.37200597307246568990 0.62799402692753425459
70 70 (0) 4 : 0.17041234945113120647 0.82958765054886884904
71 71 (0) 1 : 0.03158928958418832922 0.96841071041581161527
72 72 (0) 1 : 0.45359042933427462518 0.54640957066572537482
73 73 (0) 1 : 0.39442561988810243001 0.60557438011189756999
74 74 (0) 1 : 0.39191622626829281106 0.60808377373170718894
75 75 (0) 1 : 0.28884944096298503791 0.71115055903701496209
76 76 (0) 1 : 0.00049452941214023303 0.99950547058785976784
77 77 (0) 1 : 0.99999999900000002828 0.00000000100000000000
78 78 (0) 1 : 0.12167523632712928805 0.87832476367287060093
79 79 (0) 1 : 0.34564367706088261478 0.65435632293911738522
80 80 (0) 1 : 0.00000000100000000000 0.99999999900000002828
81 81 (0) 1 : 0.27644518819016633548 0.72355481180983372003
82 82 (0) 1 : 0.34692882084488485539 0.65307117915511525563
83 83 (0) 1 : 0.22366789729652897245 0.77633210270347108306
84 84 (0) 1 : 0.00000000100000000000 0.99999999900000002828
85 85 (0) 1 : 0.00000000100000000000 0.99999999900000002828
86 86 (0) 1 : 0.57170587958597185452 0.42829412041402825650
87 87 (0) 1 : 0.59656880220762897871 0.40343119779237113232
88 88 (0) 1 : 0.20870178225968669117 0.79129821774031328108
89 89 (0) 1 : 0.56556146000512053096 0.43443853999487952455
90 90 (0) 1 : 0.46993435986090642542 0.53006564013909363009
91 91 (0) 1 : 0.10764864717890565426 0.89235135282109434574
92 92 (0) 1 : 0.33056785028546081806 0.66943214971453923745
93 93 (0) 1 : 0.31540118011840506673 0.68459881988159487776
94 94 (0) 1 : 0.55158694643290584469 0.44841305356709421082
95 95 (0) 1 : 0.27775363322014168244 0.72224636677985842859
96 96 (0) 1 : 0.23929161135642385005 0.76070838864357626097
97 97 (0) 1 : 0.26095143403292259121 0.73904856596707746430
98 98 (0) 1 : 0.40092325552795615717 0.59907674447204384283
99 99 (0) 4 : 0.00018886824167274670 0.99981113175832714290
100 100 (0) 4 : 0.14307543922159271510 0.85692456077840728490
101 101 (0) 5 : 0.00000000100000000000 0.99999999900000002828
102 102 (0) 5 : 0.17705435439263728092 0.82294564560736283010
103 103 (0) 5 : 0.56377310318374274090 0.43622689681625731462
104 104 (0) 5 : 0.13421284552826948100 0.86578715447173060227
105 105 (0) 5 : 0.32483212962403829049 0.67516787037596182053
106 106 (0) 4 : 0.40888538043265287847 0.59111461956734712153
107 107 (0) 4 : 0.24389942658160423949 0.75610057341839576051
108 108 (0) 4 : 0.47489010235794182346 0.52510989764205806551
109 109 (0) 4 : 0.23338656073829966431 0.76661343926170022467
110 110 (0) 4 : 0.19134347636351292654 0.80865652363648710121
111 111 (0) 5 : 0.52181960814936534376 0.47818039185063465624
112 112 (0) 5 : 0.23795038963755865691 0.76204961036244145411
113 113 (0) 5 : 0.36668580194590949528 0.63331419805409061574
114 114 (0) 5 : 0.00000000100000000000 0.99999999900000002828
115 115 (0) 5 : 0.99999999900000002828 0.00000000100000000000
116 116 (0) 5 : 0.19993928122647927625 0.80006071877352080701
117 117 (0) 4 : 0.08018350227138613950 0.91981649772861373560
118 118 (0) 4 : 0.58336228289230307453 0.41663771710769698098
119 119 (0) 4 : 0.00055635563917863355 0.99944364436082133718
120 120 (0) 4 : 0.25967908449258503278 0.74032091550741496722
121 121 (0) 4 : 0.20459589376208853206 0.79540410623791146794
122 122 (0) 4 : 0.57058759301601269520 0.42941240698398730480
123 123 (0) 4 : 0.53576004320423731286 0.46423995679576274265
124 124 (0) 4 : 0.26536806093018933117 0.73463193906981072434
125 125 (0) 5 : 0.15921040782225376331 0.84078959217774618118
126 126 (0) 5 : 0.56643702511426341495 0.43356297488573664056
127 127 (0) 5 : 0.48560486707147959562 0.51439513292852034887
128 128 (0) 5 : 0.99999999900000002828 0.00000000100000000000
129 129 (0) 5 : 0.31970039966847746404 0.68029960033152259147
130 130 (0) 5 : 0.99999999900000002828 0.00000000100000000000
131 131 (0) 5 : 0.22683502265581595436 0.77316497734418399013
132 132 (0) 5 : 0.52634472534810350375 0.47365527465189644074
133 133 (0) 5 : 0.39570189978254693974 0.60429810021745300475
134 134 (0) 5 : 0.48283128503220945626 0.51716871496779048822
135 135 (0) 5 : 0.00002331552012185198 0.99997668447987819729
136 136 (0) 5 : 0.59915249082001709180 0.40084750917998285269
137 137 (0) 5 : 0.21224425397040175278 0.78775574602959830273
138 138 (0) 5 : 0.29683543658233152440 0.70316456341766842009
139 139 (0) 5 : 0.41826448186701487009 0.58173551813298507440
140 140 (0) 5 : 0.53142660593425017357 0.46857339406574988194
141 141 (0) 5 : 0.45280594096889342781 0.54719405903110662770
142 142 (0) 5 : 0.99999999900000002828 0.00000000100000000000
143 143 (0) 5 : 0.19119264702789978694 0.80880735297210015755
144 144 (0) 6 : 0.39108648836765264045 0.60891351163234730404
145 145 (0) 6 : 0.46761338499780175093 0.53238661500219830458
146 146 (0) 6 : 0.43982791617493105507 0.56017208382506888942
147 147 (0) 6 : 0.99999999900000002828 0.00000000100000000000
148 148 (0) 6 : 0.17210788567281826156 0.82789211432718168293
149 149 (0) 6 : 0.30522998725808081488 0.69477001274191929614
150 150 (0) 6 : 0.99999999900000002828 0.00000000100000000000
151 151 (0) 6 : 0.33987686302409902961 0.66012313697590108141
152 152 (0) 6 : 0.00000000100000000000 0.99999999900000002828
153 153 (0) 6 : 0.29770208787613317014 0.70229791212386694088
154 154 (0) 6 : 0.44660452492652968903 0.55339547507347031097
155 155 (0) 6 : 0.66789559276107057784 0.33210440723892942216
156 156 (0) 6 : 0.34342802502524777397 0.65657197497475205950
157 157 (0) 6 : 0.19420260815135992338 0.80579739184864007662
158 158 (0) 6 : 0.35200001343663817055 0.64799998656336177394
159 159 (0) 6 : 0.35361557512098940048 0.64638442487901059952
160 160 (0) 6 : 0.49496634182967358395 0.50503365817032641605
161 161 (0) 6 : 0.00000000100000000000 0.99999999900000002828
162 162 (0) 6 : 0.16821770927747251023 0.83178229072252751752
163 163 (0) 6 : 0.99999999900000002828 0.00000000100000000000
164 164 (0) 6 : 0.39613557097750823344 0.60386442902249182207
165 165 (0) 6 : 0.23439669179542280131 0.76560330820457711543
166 166 (0) 6 : 0.30526478910025767188 0.69473521089974221709
167 167 (0) 6 : 0.47886822224144287574 0.52113177775855712426
168 168 (0) 6 : 0.33139030509097849864 0.66860969490902144585
169 169 (0) 6 : 0.53943412357164832738 0.46056587642835178364
170 170 (0) 6 : 0.39018067694602093232 0.60981932305397912319
171 171 (0) 6 : 0.49567949824120272062 0.50432050175879727938
172 172 (0) 4 : 0.99999999900000002828 0.00000000100000000000
173 173 (0) 4 : 0.00000000100000000000 0.99999999900000002828
174 174 (0) 7 : 0.06624893407354198738 0.93375106592645806813
175 175 (0) 7 : 0.00000000100000000000 0.99999999900000002828
176 176 (0) 7 : 0.33549013863878995867 0.66450986136121004133
177 177 (0) 7 : 0.15217350020669645483 0.84782649979330348966
178 178 (0) 7 : 0.15049774727079284764 0.84950225272920709685
179 179 (0) 7 : 0.47798348636053999972 0.52201651363946000028
180 180 (0) 7 : 0.99999999900000002828 0.00000000100000000000
181 181 (0) 7 : 0.47015438219772814898 0.52984561780227179550
182 182 (0) 7 : 0.00041882445302410726 0.99958117554697589746
183 183 (0) 7 : 0.00000000100000000000 0.99999999900000002828
184 184 (0) 7 : 0.49095658661302360448 0.50904341338697645103
185 185 (0) 7 : 0.10247497415540682275 0.89752502584459326052
186 186 (0) 7 : 0.26634352207295974857 0.73365647792704025143
187 187 (0) 7 : 0.31031900452064509199 0.68968099547935501903
188 188 (0) 7 : 0.00000000100000000000 0.99999999900000002828
189 189 (0) 7 : 0.34445444582752987595 0.65554555417247006854
190 190 (0) 7 : 0.46319487710774936984 0.53680512289225068567
191 191 (0) 7 : 0.34194258808436489572 0.65805741191563515979
192 192 (0) 7 : 0.49791978394919372830 0.50208021605080632721
193 193 (0) 7 : 0.13894084477611706729 0.86105915522388298822
194 194 (0) 7 : 0.69374370874333457504 0.30625629125666542496
195 195 (0) 7 : 0.20858014307727121284 0.79141985692272875941
196 196 (0) 7 : 0.04329208021360226449 0.95670791978639768693
197 197 (0) 7 : 0.41380676403637939309 0.58619323596362060691
198 198 (0) 7 : 0.00000000100000000000 0.99999999900000002828
199 199 (0) 7 : 0.39732263556461361320 0.60267736443538644231
200 200 (0) 7 : 0.34088062546915309792 0.65911937453084679106
201 201 (0) 7 : 0.00000000100000000000 0.99999999900000002828
202 202 (0) 7 : 0.07826885603944175318 0.92173114396055833009
203 203 (0) 7 : 0.17665270215428499623 0.82334729784571503153
1 1 (0) 1 : 0.61482112605392458260 0.38517887394607536189
2 2 (0) 1 : 0.99999999900000002828 0.00000000100000000000
3 3 (0) 2 : 0.38456266002450251174 0.61543733997549754378
4 4 (0) 2 : 0.53950992369408801164 0.46049007630591198836
5 5 (0) 2 : 0.34989557913711377690 0.65010442086288633412
6 6 (0) 2 : 0.69413211852757017439 0.30586788147242993663
7 7 (0) 2 : 0.00000000100000000000 0.99999999900000002828
8 8 (0) 2 : 0.14638013708903088728 0.85361986291096902946
9 9 (0) 2 : 0.14253763445494946338 0.85746236554505061989
10 10 (0) 2 : 0.00000000100000000000 0.99999999900000002828
11 11 (0) 2 : 0.31311797486727727113 0.68688202513272267336
12 12 (0) 2 : 0.45009624826980715318 0.54990375173019290234
13 13 (0) 2 : 0.00000000100000000000 0.99999999900000002828
14 14 (0) 2 : 0.44344055857586733849 0.55655944142413271702
15 15 (0) 2 : 0.19404788378789311620 0.80595211621210682829
16 16 (0) 2 : 0.48787055501826281922 0.51212944498173729180
17 17 (0) 2 : 0.21886993741166496652 0.78113006258833506124
18 18 (0) 2 : 0.28721106198635382167 0.71278893801364628935
19 19 (0) 2 : 0.21351523604243216603 0.78648476395756783397
20 20 (0) 2 : 0.35451776353802105790 0.64548223646197888659
21 21 (0) 2 : 0.37972560825351664437 0.62027439174648335563
22 22 (0) 2 : 0.31727540741304183225 0.68272459258695827877
23 23 (0) 2 : 0.30403884448133422502 0.69596115551866577498
24 24 (0) 2 : 0.46392791954058287818 0.53607208045941712182
25 25 (0) 2 : 0.38518615645677423132 0.61481384354322576868
26 26 (0) 2 : 0.00000000100000000000 0.99999999900000002828
27 27 (0) 2 : 0.36782673883609595666 0.63217326116390393231
28 28 (0) 2 : 0.42444738061771053461 0.57555261938228952090
29 29 (0) 2 : 0.00000000100000000000 0.99999999900000002828
30 30 (0) 3 : 0.60159964412236699438 0.39840035587763300562
31 31 (0) 3 : 0.41242730176883429793 0.58757269823116575758
32 32 (0) 3 : 0.35213729445827457454 0.64786270554172531444
33 33 (0) 3 : 0.17628995695742333272 0.82371004304257666728
34 34 (0) 3 : 0.00067860572970918943 0.99932139427029076373
35 35 (0) 3 : 0.54389526650039510258 0.45610473349960478640
36 36 (0) 3 : 0.06785427121680535911 0.93214572878319468252
37 37 (0) 3 : 0.30187102002853655192 0.69812897997146339257
38 38 (0) 3 : 0.63794325100420135044 0.36205674899579870507
39 39 (0) 3 : 0.48520549129326123738 0.51479450870673870710
40 40 (0) 3 : 0.41937947075854242751 0.58062052924145757249
41 41 (0) 3 : 0.50783724073297697998 0.49216275926702307553
42 42 (0) 3 : 0.99999999841680731194 0.00000000158319272438
43 43 (0) 3 : 0.53949060030039663882 0.46050939969960336118
44 44 (0) 3 : 0.09074955053567160257 0.90925044946432842519
45 45 (0) 3 : 0.29836091186971669398 0.70163908813028341704
46 46 (0) 3 : 0.30251429500786014559 0.69748570499213990992
47 47 (0) 3 : 0.00000000304642338575 0.99999999695357666418
48 48 (0) 3 : 0.45628595067689259324 0.54371404932310751779
49 49 (0) 3 : 0.40570131392866343178 0.59429868607133662373
50 50 (0) 3 : 0.58112610407715392657 0.41887389592284612894
51 51 (0) 3 : 0.30178801175884378827 0.69821198824115615622
52 52 (0) 3 : 0.31250559557859131088 0.68749440442140874463
53 53 (0) 3 : 0.24006914767726722504 0.75993085232273283047
54 54 (0) 3 : 0.40388172417836437633 0.59611827582163556816
55 55 (0) 3 : 0.00000000100000000000 0.99999999900000002828
56 56 (0) 3 : 0.14601433274789551997 0.85398566725210445227
57 57 (0) 3 : 0.38930057004844159652 0.61069942995155845900
58 58 (0) 3 : 0.99999999900000002828 0.00000000100000000000
59 59 (0) 3 : 0.45208063365160050529 0.54791936634839943920
60 60 (0) 4 : 0.30469146858618184615 0.69530853141381820937
61 61 (0) 4 : 0.33250214402466005126 0.66749785597533994874
62 62 (0) 4 : 0.50986271282929340742 0.49013728717070659258
63 63 (0) 4 : 0.33035313031016894092 0.66964686968983111459
64 64 (0) 4 : 0.23813713535223357542 0.76186286464776653560
65 65 (0) 4 : 0.31533115445165738056 0.68466884554834273047
66 66 (0) 4 : 0.18537756896965526532 0.81462243103034470693
67 67 (0) 4 : 0.35229998105213705673 0.64770001894786299879
68 68 (0) 4 : 0.36556254860299525200 0.63443745139700480351
69 69 (0) 4 : 0.33260358962407049477 0.66739641037592956074
70 70 (0) 4 : 0.53183879263478661681 0.46816120736521338319
71 71 (0) 1 : 0.00000000100000000000 0.99999999900000002828
72 72 (0) 1 : 0.99999999900000002828 0.00000000100000000000
73 73 (0) 1 : 0.39584548851921691481 0.60415451148078314070
74 74 (0) 1 : 0.41013528041869112828 0.58986471958130892723
75 75 (0) 1 : 0.31227274536183602383 0.68772725463816386515
76 76 (0) 1 : 0.51253588870604716021 0.48746411129395283979
77 77 (0) 1 : 0.47804980904111715745 0.52195019095888284255
78 78 (0) 1 : 0.59668417487229419294 0.40331582512770591809
79 79 (0) 1 : 0.38714253749057742082 0.61285746250942252367
80 80 (0) 1 : 0.07974920984307205807 0.92025079015692790030
81 81 (0) 1 : 0.99999999900000002828 0.00000000100000000000
82 82 (0) 1 : 0.47661553600301853617 0.52338446399698146383
83 83 (0) 1 : 0.42167041095032364861 0.57832958904967646241
84 84 (0) 1 : 0.48482709500864257235 0.51517290499135737214
85 85 (0) 1 : 0.24609964454850785653 0.75390035545149214347
86 86 (0) 1 : 0.00087065754971491903 0.99912934245028506286
87 87 (0) 1 : 0.66256861375551900917 0.33743138624448093532
88 88 (0) 1 : 0.36693424940509711263 0.63306575059490299839
89 89 (0) 1 : 0.38364317603459235917 0.61635682396540758532
90 90 (0) 1 : 0.38029180707273047002 0.61970819292726952998
91 91 (0) 1 : 0.19411838740499795519 0.80588161259500212807
92 92 (0) 1 : 0.52417486273025870602 0.47582513726974129398
93 93 (0) 1 : 0.48502348824504898372 0.51497651175495096076
94 94 (0) 1 : 0.18886082437152026947 0.81113917562847981380
95 95 (0) 1 : 0.00009339577263033063 0.99990660422736965529
96 96 (0) 1 : 0.33210863335975282506 0.66789136664024717494
97 97 (0) 1 : 0.45941736444593900268 0.54058263555406094181
98 98 (0) 1 : 0.27673914193590132271 0.72326085806409867729
99 99 (0) 4 : 0.00000013551065573760 0.99999986448934430339
100 100 (0) 4 : 0.25117946093631121629 0.74882053906368883922
101 101 (0) 5 : 0.25308634449057881843 0.74691365550942123708
102 102 (0) 5 : 0.55379064218671070208 0.44620935781328929792
103 103 (0) 5 : 0.39212848601431854467 0.60787151398568151084
104 104 (0) 5 : 0.55298857771067966294 0.44701142228932028155
105 105 (0) 5 : 0.00000000100000000000 0.99999999900000002828
106 106 (0) 4 : 0.44362861120738533716 0.55637138879261471835
107 107 (0) 4 : 0.40788578032299349641 0.59211421967700661462
108 108 (0) 4 : 0.99999999900000002828 0.00000000100000000000
109 109 (0) 4 : 0.27509352930048192043 0.72490647069951807957
110 110 (0) 4 : 0.46005829337513420851 0.53994170662486573598
111 111 (0) 5 : 0.32838386986299761272 0.67161613013700238728
112 112 (0) 5 : 0.23971168794024216853 0.76028831205975788698
113 113 (0) 5 : 0.34957073957526002550 0.65042926042474003001
114 114 (0) 5 : 0.38863272848525554082 0.61136727151474457020
115 115 (0) 5 : 0.66522972880839537080 0.33477027119160462920
116 116 (0) 5 : 0.35175895984821436979 0.64824104015178551919
117 117 (0) 4 : 0.32787126173891689707 0.67212873826108310293
118 118 (0) 4 : 0.42480141234456708643 0.57519858765543296908
119 119 (0) 4 : 0.18080513070591791580 0.81919486929408213971
120 120 (0) 4 : 0.37967330853299968707 0.62032669146700036844
121 121 (0) 4 : 0.46810521628932239002 0.53189478371067755447
122 122 (0) 4 : 0.37426297736058755650 0.62573702263941244350
123 123 (0) 4 : 0.10191972595949014280 0.89808027404050994047
124 124 (0) 4 : 0.29805214437103516589 0.70194785562896477860
125 125 (0) 5 : 0.27180755373068432590 0.72819244626931567410
126 126 (0) 5 : 0.54291374613615128730 0.45708625386384865719
127 127 (0) 5 : 0.99999999900000002828 0.00000000100000000000
128 128 (0) 5 : 0.45436306788336999762 0.54563693211663011340
129 129 (0) 5 : 0.16260001776613225433 0.83739998223386780118
130 130 (0) 5 : 0.99999999900000002828 0.00000000100000000000
131 131 (0) 5 : 0.00000000100000000000 0.99999999900000002828
132 132 (0) 5 : 0.26497744743799195311 0.73502255256200799138
133 133 (0) 5 : 0.46469456280664606096 0.53530543719335399455
134 134 (0) 5 : 0.19076390222715189360 0.80923609777284810640
135 135 (0) 5 : 0.99999999900000002828 0.00000000100000000000
136 136 (0) 5 : 0.99999999900000002828 0.00000000100000000000
137 137 (0) 5 : 0.26999178782150079492 0.73000821217849920508
138 138 (0) 5 : 0.31212645579366504744 0.68787354420633495256
139 139 (0) 5 : 0.99999999900000002828 0.00000000100000000000
140 140 (0) 5 : 0.61137755926198134038 0.38862244073801871513
141 141 (0) 5 : 0.39156883126533892359 0.60843116873466107641
142 142 (0) 5 : 0.53981994676513467279 0.46018005323486543823
143 143 (0) 5 : 0.50819104477719845292 0.49180895522280160259
144 144 (0) 6 : 0.53368970034753038245 0.46631029965246961755
145 145 (0) 6 : 0.59664679375567963859 0.40335320624432041692
146 146 (0) 6 : 0.18612810650803049417 0.81387189349196953359
147 147 (0) 6 : 0.45402192548543146566 0.54597807451456858985
148 148 (0) 6 : 0.39795572108505183895 0.60204427891494827207
149 149 (0) 6 : 0.24503788052322084123 0.75496211947677915877
150 150 (0) 6 : 0.65736046895939281853 0.34263953104060712596
151 151 (0) 6 : 0.00000000100000000000 0.99999999900000002828
152 152 (0) 6 : 0.32981637646420997045 0.67018362353579008506
153 153 (0) 6 : 0.33251452806700576570 0.66748547193299423430
154 154 (0) 6 : 0.37752641139988013519 0.62247358860011992032
155 155 (0) 6 : 0.99999999900000002828 0.00000000100000000000
156 156 (0) 6 : 0.55851414856820136290 0.44148585143179869261
157 157 (0) 6 : 0.07076970674127740224 0.92923029325872263939
158 158 (0) 6 : 0.36325237438660529232 0.63674762561339481870
159 159 (0) 6 : 0.38886658201741614027 0.61113341798258391524
160 160 (0) 6 : 0.34305520526603738851 0.65694479473396261149
161 161 (0) 6 : 0.37077046094379340069 0.62922953905620659931
162 162 (0) 6 : 0.39956420738864295572 0.60043579261135704428
163 163 (0) 6 : 0.63074711029759134018 0.36925288970240871533
164 164 (0) 6 : 0.55277511208968388434 0.44722488791031611566
165 165 (0) 6 : 0.32124023917821614704 0.67875976082178390847
166 166 (0) 6 : 0.00000000100000000000 0.99999999900000002828
167 167 (0) 6 : 0.54555927781292246070 0.45444072218707759481
168 168 (0) 6 : 0.24884047264231429208 0.75115952735768565240
169 169 (0) 6 : 0.99999999900000002828 0.00000000100000000000
170 170 (0) 6 : 0.38891581565271116094 0.61108418434728883906
171 171 (0) 6 : 0.57175833786513663437 0.42824166213486342114
172 172 (0) 4 : 0.58941095474766125317 0.41058904525233874683
173 173 (0) 4 : 0.24097758863183538214 0.75902241136816461786
174 174 (0) 7 : 0.22655606028221114689 0.77344393971778890862
175 175 (0) 7 : 0.26969112355934737879 0.73030887644065267672
176 176 (0) 7 : 0.56875662979393593055 0.43124337020606395843
177 177 (0) 7 : 0.00000058597087574600 0.99999941402912428945
178 178 (0) 7 : 0.36515571935727059172 0.63484428064272935277
179 179 (0) 7 : 0.16881428418567376304 0.83118571581432632023
180 180 (0) 7 : 0.20225646673118763408 0.79774353326881242143
181 181 (0) 7 : 0.99999999900000002828 0.00000000100000000000
182 182 (0) 7 : 0.28498193507791008683 0.71501806492208985766
183 183 (0) 7 : 0.55540022460963345274 0.44459977539036649175
184 184 (0) 7 : 0.38907674397018993107 0.61092325602981012445
185 185 (0) 7 : 0.11111889258503387934 0.88888110741496617617
186 186 (0) 7 : 0.39243771843972319324 0.60756228156027680676
187 187 (0) 7 : 0.48037981064362611505 0.51962018935637388495
188 188 (0) 7 : 0.44101252510824939801 0.55898747489175071301
189 189 (0) 7 : 0.26433155451165546435 0.73566844548834453565
190 190 (0) 7 : 0.47446636120870244735 0.52553363879129766367
191 191 (0) 7 : 0.58430511450691025033 0.41569488549308980518
192 192 (0) 7 : 0.35575075043910464601 0.64424924956089535399
193 193 (0) 7 : 0.36885052340502422208 0.63114947659497588894
194 194 (0) 7 : 0.41219364688039289435 0.58780635311960716116
195 195 (0) 7 : 0.37463808908185763924 0.62536191091814241627
196 196 (0) 7 : 0.36312662624073721584 0.63687337375926267313
197 197 (0) 7 : 0.30393654255009477927 0.69606345744990516522
198 198 (0) 7 : 0.37415248480056528813 0.62584751519943460085
199 199 (0) 7 : 0.38015281454598504052 0.61984718545401507050
200 200 (0) 7 : 0.48510721065960277221 0.51489278934039717228
201 201 (0) 7 : 0.00000000100000000000 0.99999999900000002828
202 202 (0) 7 : 0.28526838550973698805 0.71473161449026301195
203 203 (0) 7 : 0.22906568838216628814 0.77093431161783365635
1 1 (0) 1 : 0.66356822657234404428 0.33643177342765595572
2 2 (0) 1 : 0.69053205945713336256 0.30946794054286669295
3 3 (0) 2 : 0.48163494866824418938 0.51836505133175581062
4 4 (0) 2 : 0.48032445700430870250 0.51967554299569140852
5 5 (0) 2 : 0.28045689379132709984 0.71954310620867301118
6 6 (0) 2 : 0.99999999900000002828 0.00000000100000000000
7 7 (0) 2 : 0.38481880006156365948 0.61518119993843634052
8 8 (0) 2 : 0.27528406264211358057 0.72471593735788641943
9 9 (0) 2 : 0.21569654147417016699 0.78430345852582983301
10 10 (0) 2 : 0.49698460833943008952 0.50301539166056985497
11 11 (0) 2 : 0.69474274279489134365 0.30525725720510876737
12 12 (0) 2 : 0.56689519938501153895 0.43310480061498840554
13 13 (0) 2 : 0.00000000100000000000 0.99999999900000002828
14 14 (0) 2 : 0.00000000100000000000 0.99999999900000002828
15 15 (0) 2 : 0.25050019106405391200 0.74949980893594614351
16 16 (0) 2 : 0.45386810108207198411 0.54613189891792790487
17 17 (0) 2 : 0.44868832052878410144 0.55131167947121595407
18 18 (0) 2 : 0.40051414883457270300 0.59948585116542729700
19 19 (0) 2 : 0.17377661243450040485 0.82622338756549951189
20 20 (0) 2 : 0.33961315533884361972 0.66038684466115649130
21 21 (0) 2 : 0.99999999900000002828 0.00000000100000000000
22 22 (0) 2 : 0.46487038789372758796 0.53512961210627252306
23 23 (0) 2 : 0.35888524181964442938 0.64111475818035568164
24 24 (0) 2 : 0.56261358587491616667 0.43738641412508394435
25 25 (0) 2 : 0.43428240893474734374 0.56571759106525265626
26 26 (0) 2 : 0.29721315071014287046 0.70278684928985712954
27 27 (0) 2 : 0.20433991064752390909 0.79566008935247600764
28 28 (0) 2 : 0.41895371165198480590 0.58104628834801519410
29 29 (0) 2 : 0.22076470885178028913 0.77923529114821965535
30 30 (0) 3 : 0.66442714718387918538 0.33557285281612092565
31 31 (0) 3 : 0.32134487641074205300 0.67865512358925805803
32 32 (0) 3 : 0.42397529100944114644 0.57602470899055890907
33 33 (0) 3 : 0.34308586487689540778 0.65691413512310459222
34 34 (0) 3 : 0.23057607146367858908 0.76942392853632146643
35 35 (0) 3 : 0.66494761742383490244 0.33505238257616504205
36 36 (0) 3 : 0.00000000100000000000 0.99999999900000002828
37 37 (0) 3 : 0.42292608397168801604 0.57707391602831203947
38 38 (0) 3 : 0.99999999900000002828 0.00000000100000000000
39 39 (0) 3 : 0.53312787367378455805 0.46687212632621549746
40 40 (0) 3 : 0.99999999900000002828 0.00000000100000000000
41 41 (0) 3 : 0.40269471606871759528 0.59730528393128234921
42 42 (0) 3 : 0.42001365529229556239 0.57998634470770438210
43 43 (0) 3 : 0.44637800800914789745 0.55362199199085215806
44 44 (0) 3 : 0.29887761790532335615 0.70112238209467669936
45 45 (0) 3 : 0.36919984908024944259 0.63080015091975039088
46 46 (0) 3 : 0.00000000100000000000 0.99999999900000002828
47 47 (0) 3 : 0.32366212171935410113 0.67633787828064595438
48 48 (0) 3 : 0.00000000100000000000 0.99999999900000002828
49 49 (0) 3 : 0.41339637048182042989 0.58660362951817957011
50 50 (0) 3 : 0.39225003273589326147 0.60774996726410679404
51 51 (0) 3 : 0.29607096472827215683 0.70392903527172778766
52 52 (0) 3 : 0.31409175976468212133 0.68590824023531782316
53 53 (0) 3 : 0.00000000100000000000 0.99999999900000002828
54 54 (0) 3 : 0.35297665316967685722 0.64702334683032314278
55 55 (0) 3 : 0.00000000100000000000 0.99999999900000002828
56 56 (0) 3 : 0.19491635086989597681 0.80508364913010410646
57 57 (0) 3 : 0.38552363786582416472 0.61447636213417577977
58 58 (0) 3 : 0.99999999900000002828 0.00000000100000000000
59 59 (0) 3 : 0.52656729830516690871 0.47343270169483309129
60 60 (0) 4 : 0.45721752576266211365 0.54278247423733794186
61 61 (0) 4 : 0.24006474580028103194 0.75993525419971896806
62 62 (0) 4 : 0.40992998824423548809 0.59007001175576456742
63 63 (0) 4 : 0.49611451308907389413 0.50388548691092616139
64 64 (0) 4 : 0.41404439569169476654 0.58595560430830528897
65 65 (0) 4 : 0.29631612928945694208 0.70368387071054316895
66 66 (0) 4 : 0.38436958595701115060 0.61563041404298890491
67 67 (0) 4 : 0.35411225035791565885 0.64588774964208439666
68 68 (0) 4 : 0.39310621161647674171 0.60689378838352336931
69 69 (0) 4 : 0.43816006325650169728 0.56183993674349830272
70 70 (0) 4 : 0.54229771454218556048 0.45770228545781438401
71 71 (0) 1 : 0.00000000100000000000 0.99999999900000002828
72 72 (0) 1 : 0.99999999900000002828 0.00000000100000000000
73 73 (0) 1 : 0.35997783185846787823 0.64002216814153212177
74 74 (0) 1 : 0.38505982744212297053 0.61494017255787702947
75 75 (0) 1 : 0.34509307914068115819 0.65490692085931878630
76 76 (0) 1 : 0.37331504273855353748 0.62668495726144646252
77 77 (0) 1 : 0.45616071952030479153 0.54383928047969520847
78 78 (0) 1 : 0.63522998464120439266 0.36477001535879555183
79 79 (0) 1 : 0.48610762919061145659 0.51389237080938854341
80 80 (0) 1 : 0.15280310367362809343 0.84719689632637196208
81 81 (0) 1 : 0.68057502221109944518 0.31942497778890061033
82 82 (0) 1 : 0.47945473469567595481 0.52054526530432410070
83 83 (0) 1 : 0.64363230984943964330 0.35636769015056035670
84 84 (0) 1 : 0.40229904098058361095 0.59770095901941644456
85 85 (0) 1 : 0.56901402081248408926 0.43098597918751591074
86 86 (0) 1 : 0.25779551107140341593 0.74220448892859669510
87 87 (0) 1 : 0.57358198173742636072 0.42641801826257369479
88 88 (0) 1 : 0.99999999900000002828 0.00000000100000000000
89 89 (0) 1 : 0.59243174491854100339 0.40756825508145894110
90 90 (0) 1 : 0.43349508170021977538 0.56650491829978022462
91 91 (0) 1 : 0.99999999900000002828 0.00000000100000000000
92 92 (0) 1 : 0.46892763663011610697 0.53107236336988394854
93 93 (0) 1 : 0.38996826388260380503 0.61003173611739613946
94 94 (0) 1 : 0.43078113470768925053 0.56921886529231069396
95 95 (0) 1 : 0.30971426066120893994 0.69028573933879111557
96 96 (0) 1 : 0.33394219119390772255 0.66605780880609233296
97 97 (0) 1 : 0.40238003816707390570 0.59761996183292609430
98 98 (0) 1 : 0.51115050934383288173 0.48884949065616706276
99 99 (0) 4 : 0.29665455225130288319 0.70334544774869722783
100 100 (0) 4 : 0.31941637223220392672 0.68058362776779612879
101 101 (0) 5 : 0.45483652724400314149 0.54516347275599685851
102 102 (0) 5 : 0.99999999900000002828 0.00000000100000000000
103 103 (0) 5 : 0.41113099586659074269 0.58886900413340925731
104 104 (0) 5 : 0.37548537053205671699 0.62451462946794322750
105 105 (0) 5 : 0.00000000100000000000 0.99999999900000002828
106 106 (0) 4 : 0.99999999900000002828 0.00000000100000000000
107 107 (0) 4 : 0.50294669464728747332 0.49705330535271247117
108 108 (0) 4 : 0.66817042087695066588 0.33182957912304944514
109 109 (0) 4 : 0.34707849308900640128 0.65292150691099359872
110 110 (0) 4 : 0.65897871391317219825 0.34102128608682791278
111 111 (0) 5 : 0.36159318880908403182 0.63840681119091602369
112 112 (0) 5 : 0.43403394426709096532 0.56596605573290903468
113 113 (0) 5 : 0.33817706341738762443 0.66182293658261248659
114 114 (0) 5 : 0.49529890370593132598 0.50470109629406867402
115 115 (0) 5 : 0.65287880302681255973 0.34712119697318738476
116 116 (0) 5 : 0.36900791877002908636 0.63099208122997085813
117 117 (0) 4 : 0.21579442893391834191 0.78420557106608168585
118 118 (0) 4 : 0.49807171324025395487 0.50192828675974610064
119 119 (0) 4 : 0.22326724049128401917 0.77673275950871600859
120 120 (0) 4 : 0.37806608407196135024 0.62193391592803859425
121 121 (0) 4 : 0.53510975252253456524 0.46489024747746543476
122 122 (0) 4 : 0.39738310913611785136 0.60261689086388214864
123 123 (0) 4 : 0.24875800672663062052 0.75124199327336926846
124 124 (0) 4 : 0.27633055343721607544 0.72366944656278398007
125 125 (0) 5 : 0.43296142911401802600 0.56703857088598197400
126 126 (0) 5 : 0.48764354115005092982 0.51235645884994918120
127 127 (0) 5 : 0.99999999900000002828 0.00000000100000000000
128 128 (0) 5 : 0.51760291696332405564 0.48239708303667588885
129 129 (0) 5 : 0.00001937327430178249 0.99998062672569820730
130 130 (0) 5 : 0.55132179582418339159 0.44867820417581655290
131 131 (0) 5 : 0.00000000100000000000 0.99999999900000002828
132 132 (0) 5 : 0.35214028735198865672 0.64785971264801145431
133 133 (0) 5 : 0.62199905799682075891 0.37800094200317929660
134 134 (0) 5 : 0.00000000308821353346 0.99999999691178642625
135 135 (0) 5 : 0.71845763776258075861 0.28154236223741935241
136 136 (0) 5 : 0.99999999900000002828 0.00000000100000000000
137 137 (0) 5 : 0.00000000100000000000 0.99999999900000002828
138 138 (0) 5 : 0.50366245722933289386 0.49633754277066721716
139 139 (0) 5 : 0.99999999900000002828 0.00000000100000000000
140 140 (0) 5 : 0.68538893080552631965 0.31461106919447362484
141 141 (0) 5 : 0.51768757071306203965 0.48231242928693807137
142 142 (0) 5 : 0.58032270308135580628 0.41967729691864413821
143 143 (0) 5 : 0.44726075162551542919 0.55273924837448451530
144 144 (0) 6 : 0.49749451664480137669 0.50250548335519873433
145 145 (0) 6 : 0.62826320979588168303 0.37173679020411831697
146 146 (0) 6 : 0.30760076197191527081 0.69239923802808478470
147 147 (0) 6 : 0.36410383998966910912 0.63589616001033077985
148 148 (0) 6 : 0.25904386699861209342 0.74095613300138796209
149 149 (0) 6 : 0.25462725130349461722 0.74537274869650538278
150 150 (0) 6 : 0.62936538645355832866 0.37063461354644161583
151 151 (0) 6 : 0.00000000100000000000 0.99999999900000002828
152 152 (0) 6 : 0.45382012130838217390 0.54617987869161788161
153 153 (0) 6 : 0.42169262900303389197 0.57830737099696605252
154 154 (0) 6 : 0.38844643356194769046 0.61155356643805236505
155 155 (0) 6 : 0.99999999900000002828 0.00000000100000000000
156 156 (0) 6 : 0.61332387721869519037 0.38667612278130486514
157 157 (0) 6 : 0.00000002353592197072 0.99999997646407801088
158 158 (0) 6 : 0.38167498044960418424 0.61832501955039576025
159 159 (0) 6 : 0.27710939449825361391 0.72289060550174633057
160 160 (0) 6 : 0.61350031869851862076 0.38649968130148137924
161 161 (0) 6 : 0.50440159741742462973 0.49559840258257542578
162 162 (0) 6 : 0.36521172948966057481 0.63478827051033936968
163 163 (0) 6 : 0.75102423778748250704 0.24897576221251749296
164 164 (0) 6 : 0.58372112926795050036 0.41627887073204944413
165 165 (0) 6 : 0.55034410935108557528 0.44965589064891436921
166 166 (0) 6 : 0.00000000100000000000 0.99999999900000002828
167 167 (0) 6 : 0.52684185102115621557 0.47315814897884383994
168 168 (0) 6 : 0.25034198073865054912 0.74965801926134945088
169 169 (0) 6 : 0.64677726870103058321 0.35322273129896947230
170 170 (0) 6 : 0.38779885932591995346 0.61220114067408015757
171 171 (0) 6 : 0.51660787867938695594 0.48339212132061298854
172 172 (0) 4 : 0.59942899786879078050 0.40057100213120916399
173 173 (0) 4 : 0.28077593181957899438 0.71922406818042106114
174 174 (0) 7 : 0.25369287423668474002 0.74630712576331537100
175 175 (0) 7 : 0.99999999900000002828 0.00000000100000000000
176 176 (0) 7 : 0.59844619191677161929 0.40155380808322832520
177 177 (0) 7 : 0.30875311904453967005 0.69124688095546038547
178 178 (0) 7 : 0.53304300272233884339 0.46695699727766115661
179 179 (0) 7 : 0.40826154788228397052 0.59173845211771591845
180 180 (0) 7 : 0.00000000100000000000 0.99999999900000002828
181 181 (0) 7 : 0.58022823421525238086 0.41977176578474761914
182 182 (0) 7 : 0.45273065030133941011 0.54726934969866058989
183 183 (0) 7 : 0.67899118715653028477 0.32100881284346971523
184 184 (0) 7 : 0.42059068225579493427 0.57940931774420501021
185 185 (0) 7 : 0.43513509524063609391 0.56486490475936390609
186 186 (0) 7 : 0.30106648359659893277 0.69893351640340106723
187 187 (0) 7 : 0.68919339277778657316 0.31080660722221337133
188 188 (0) 7 : 0.00000000100000000000 0.99999999900000002828
189 189 (0) 7 : 0.27654874999987788531 0.72345125000012222571
190 190 (0) 7 : 0.62361069276230440828 0.37638930723769553621
191 191 (0) 7 : 0.51381770430908746405 0.48618229569091253595
192 192 (0) 7 : 0.68359503471563365373 0.31640496528436634627
193 193 (0) 7 : 0.34383979997344515933 0.65616020002655484067
194 194 (0) 7 : 0.42228738681550903600 0.57771261318449107502
195 195 (0) 7 : 0.49599822296643286679 0.50400177703356718872
196 196 (0) 7 : 0.49484503009277530650 0.50515496990722474902
197 197 (0) 7 : 0.30010034542397678869 0.69989965457602332233
198 198 (0) 7 : 0.30610010600529452551 0.69389989399470541898
199 199 (0) 7 : 0.59197187562742614730 0.40802812437257379719
200 200 (0) 7 : 0.39282848988171376048 0.60717151011828618401
201 201 (0) 7 : 0.00022506002805086525 0.99977493997194910591
202 202 (0) 7 : 0.44718932848573911265 0.55281067151426088735
203 203 (0) 7 : 0.22584309962440352049 0.77415690037559647951
