-------------------------------------------------------------------------------
 L       Percentage of nodes in the largest component
 D       Percentage of nodes in components of size at most 3 [-div option]
 R       Percentage of nodes not in L or D: 100 - L -D
 S       Percentage of nodes that are singletons
 E       Fraction of edges retained (input graph has 380)
 cce     Expected size of component, nodewise [ sum(sz^2) / sum^2(sz) ]
 EW      Edge weight traits (mean, median and IQR)
 ND      Node degree traits [mean, median and IQR]
 CCF     Clustering coefficient (scale 1-100)
 eff     Induced component efficiency relative to start graph (scale 1-1000)
Total number of nodes: 20
----------------------------------------------------------------------------------------------
  L   D   R   S     E     cce  EWmean   EWmed   EWiqr  NDmean   NDmed  NDiqr CCF  eff  Cutoff 
----------------------------------------------------------------------------------------------
100   0   0   0 0.547      20    0.58    0.57    0.08    10.4    12.5    7.5   -    -     0.50
100   0   0   0 0.521      20    0.59    0.57    0.08     9.9    12.5    8.5   -    -     0.51
 80   0  20   0 0.447      14    0.60    0.58    0.07     8.5    10.5    8.5   -    -     0.52
 75   5  20   5 0.411      12    0.60    0.59    0.07     7.8     8.5    7.5   -    -     0.53
 75   5  20   5 0.384      12    0.61    0.60    0.07     7.3     7.5    7.5   -    -     0.54
 75   5  20   5 0.347      12    0.61    0.60    0.06     6.6     6.5    5.5   -    -     0.55
 70  10  20  10 0.295      11    0.62    0.61    0.06     5.6     6.5    5.5   -    -     0.56
 70  10  20  10 0.274      11    0.63    0.62    0.05     5.2     6.5    4.5   -    -     0.57
 70  10  20  10 0.221      11    0.64    0.62    0.06     4.2     4.5    4.5   -    -     0.58
 70  30   0  15 0.205      10    0.65    0.63    0.06     3.9     4.5    3.5   -    -     0.59
 70  30   0  15 0.179      10    0.65    0.64    0.06     3.4     3.5    3.5   -    -     0.60
 70  30   0  15 0.163      10    0.66    0.64    0.06     3.1     3.5    2.5   -    -     0.61
 55  45   0  20 0.116       7    0.68    0.67    0.05     2.2     2.5    2.5   -    -     0.62
 50  50   0  25 0.100       6    0.68    0.67    0.05     1.9     2.5    1.5   -    -     0.63
 45  55   0  35 0.068       5    0.71    0.68    0.02     1.3     1.5    2.5   -    -     0.64
 45  55   0  35 0.063       5    0.71    0.68    0.02     1.2     1.5    2.5   -    -     0.65
 45  55   0  35 0.063       5    0.71    0.68    0.02     1.2     1.5    2.5   -    -     0.66
 40  60   0  40 0.058       4    0.72    0.69    0.02     1.1     1.5    2.5   -    -     0.67
 35  65   0  55 0.037       3    0.74    0.70    0.02     0.7     0.5    1.5   -    -     0.68
 20  80   0  60 0.026       2    0.76    0.70    0.01     0.5     0.5    1.5   -    -     0.69
  0 100   0  70 0.016       1    0.80    0.71    0.15     0.3     0.5    1.5   -    -     0.70
  0 100   0  80 0.011       1    0.86    0.86    0.29     0.2     0.5    0.5   -    -     0.71
  0 100   0  90 0.005       1    1.00    1.00    0.00     0.1     0.5    0.5   -    -     0.72
  0 100   0  90 0.005       1    1.00    1.00    0.00     0.1     0.5    0.5   -    -     0.73
  0 100   0  90 0.005       1    1.00    1.00    0.00     0.1     0.5    0.5   -    -     0.74
  0 100   0  90 0.005       1    1.00    1.00    0.00     0.1     0.5    0.5   -    -     0.75
  0 100   0  90 0.005       1    1.00    1.00    0.00     0.1     0.5    0.5   -    -     0.76
  0 100   0  90 0.005       1    1.00    1.00    0.00     0.1     0.5    0.5   -    -     0.77
  0 100   0  90 0.005       1    1.00    1.00    0.00     0.1     0.5    0.5   -    -     0.78
  0 100   0  90 0.005       1    1.00    1.00    0.00     0.1     0.5    0.5   -    -     0.79
  0 100   0  90 0.005       1    1.00    1.00    0.00     0.1     0.5    0.5   -    -     0.80
  0 100   0  90 0.005       1    1.00    1.00    0.00     0.1     0.5    0.5   -    -     0.81
  0 100   0  90 0.005       1    1.00    1.00    0.00     0.1     0.5    0.5   -    -     0.82
  0 100   0  90 0.005       1    1.00    1.00    0.00     0.1     0.5    0.5   -    -     0.83
  0 100   0  90 0.005       1    1.00    1.00    0.00     0.1     0.5    0.5   -    -     0.84
  0 100   0  90 0.005       1    1.00    1.00    0.00     0.1     0.5    0.5   -    -     0.85
  0 100   0  90 0.005       1    1.00    1.00    0.00     0.1     0.5    0.5   -    -     0.86
  0 100   0  90 0.005       1    1.00    1.00    0.00     0.1     0.5    0.5   -    -     0.87
  0 100   0  90 0.005       1    1.00    1.00    0.00     0.1     0.5    0.5   -    -     0.88
  0 100   0  90 0.005       1    1.00    1.00    0.00     0.1     0.5    0.5   -    -     0.89
  0 100   0  90 0.005       1    1.00    1.00    0.00     0.1     0.5    0.5   -    -     0.90
  0 100   0  90 0.005       1    1.00    1.00    0.00     0.1     0.5    0.5   -    -     0.91
  0 100   0  90 0.005       1    1.00    1.00    0.00     0.1     0.5    0.5   -    -     0.92
  0 100   0  90 0.005       1    1.00    1.00    0.00     0.1     0.5    0.5   -    -     0.93
  0 100   0  90 0.005       1    1.00    1.00    0.00     0.1     0.5    0.5   -    -     0.94
  0 100   0  90 0.005       1    1.00    1.00    0.00     0.1     0.5    0.5   -    -     0.95
  0 100   0  90 0.005       1    1.00    1.00    0.00     0.1     0.5    0.5   -    -     0.96
  0 100   0  90 0.005       1    1.00    1.00    0.00     0.1     0.5    0.5   -    -     0.97
  0 100   0  90 0.005       1    1.00    1.00    0.00     0.1     0.5    0.5   -    -     0.98
  0 100   0  90 0.005       1    1.00    1.00    0.00     0.1     0.5    0.5   -    -     0.99
---------------------------------------------------------------------------------------------
