-------------------------------------------------------------------------------
 L       Percentage of nodes in the largest component
 D       Percentage of nodes in components of size at most 3 [-div option]
 R       Percentage of nodes not in L or D: 100 - L -D
 S       Percentage of nodes that are singletons
 E       Fraction of edges retained (input graph has 380)
 cce     Expected size of component, nodewise [ sum(sz^2) / sum^2(sz) ]
 EW      Edge weight traits (mean, median and IQR)
 ND      Node degree traits [mean, median and IQR]
 CCF     Clustering coefficient (scale 1-100)
 eff     Induced component efficiency relative to start graph (scale 1-1000)
Total number of nodes: 20
----------------------------------------------------------------------------------------------
  L   D   R   S     E     cce  EWmean   EWmed   EWiqr  NDmean   NDmed  NDiqr CCF  eff  Cutoff 
----------------------------------------------------------------------------------------------
100   0   0   0 1.000      20    0.68    0.65    0.07    19.0    19.5    0.5   -    -     0.50
100   0   0   0 1.000      20    0.68    0.65    0.07    19.0    19.5    0.5   -    -     0.51
100   0   0   0 1.000      20    0.68    0.65    0.07    19.0    19.5    0.5   -    -     0.52
100   0   0   0 1.000      20    0.68    0.65    0.07    19.0    19.5    0.5   -    -     0.53
100   0   0   0 0.995      20    0.68    0.65    0.07    18.9    19.5    0.5   -    -     0.54
100   0   0   0 0.995      20    0.68    0.65    0.07    18.9    19.5    0.5   -    -     0.55
100   0   0   0 0.974      20    0.68    0.65    0.06    18.5    19.5    0.5   -    -     0.56
100   0   0   0 0.953      20    0.68    0.65    0.06    18.1    19.5    1.5   -    -     0.57
100   0   0   0 0.942      20    0.69    0.65    0.06    17.9    19.5    2.5   -    -     0.58
100   0   0   0 0.900      20    0.69    0.66    0.06    17.1    18.5    2.5   -    -     0.59
100   0   0   0 0.826      20    0.70    0.66    0.06    15.7    17.5    1.5   -    -     0.60
100   0   0   0 0.779      20    0.70    0.66    0.07    14.8    16.5    3.5   -    -     0.61
100   0   0   0 0.742      20    0.71    0.67    0.07    14.1    16.5    4.5   -    -     0.62
100   0   0   0 0.674      20    0.72    0.67    0.06    12.8    15.5    8.5   -    -     0.63
100   0   0   0 0.621      20    0.72    0.67    0.07    11.8    15.5    8.5   -    -     0.64
 95   5   0   5 0.458      18    0.75    0.69    0.08     8.7     8.5    4.5   -    -     0.65
 90  10   0  10 0.411      16    0.76    0.70    0.08     7.8     8.5    5.5   -    -     0.66
 90  10   0  10 0.321      16    0.79    0.72    0.31     6.1     5.5    7.5   -    -     0.67
 80  20   0  20 0.258      13    0.82    0.75    0.29     4.9     4.5    6.5   -    -     0.68
 70  30   0  30 0.226      10    0.84    0.75    0.29     4.3     3.5    8.5   -    -     0.69
 50  50   0  35 0.205       6    0.85    0.75    0.28     3.9     2.5    8.5   -    -     0.70
 45  55   0  40 0.174       5    0.88    1.00    0.25     3.3     2.5    7.5   -    -     0.71
 45  55   0  40 0.137       5    0.92    1.00    0.25     2.6     1.5    6.5   -    -     0.72
 45  55   0  40 0.137       5    0.92    1.00    0.25     2.6     1.5    6.5   -    -     0.73
 40  60   0  45 0.132       4    0.93    1.00    0.25     2.5     1.5    6.5   -    -     0.74
 40  60   0  45 0.132       4    0.93    1.00    0.25     2.5     1.5    6.5   -    -     0.75
 30  70   0  55 0.095       3    1.00    1.00    0.00     1.8     0.5    5.5   -    -     0.76
 30  70   0  55 0.095       3    1.00    1.00    0.00     1.8     0.5    5.5   -    -     0.77
 30  70   0  55 0.095       3    1.00    1.00    0.00     1.8     0.5    5.5   -    -     0.78
 30  70   0  55 0.095       3    1.00    1.00    0.00     1.8     0.5    5.5   -    -     0.79
 30  70   0  55 0.095       3    1.00    1.00    0.00     1.8     0.5    5.5   -    -     0.80
 30  70   0  55 0.095       3    1.00    1.00    0.00     1.8     0.5    5.5   -    -     0.81
 30  70   0  55 0.095       3    1.00    1.00    0.00     1.8     0.5    5.5   -    -     0.82
 30  70   0  55 0.095       3    1.00    1.00    0.00     1.8     0.5    5.5   -    -     0.83
 30  70   0  55 0.095       3    1.00    1.00    0.00     1.8     0.5    5.5   -    -     0.84
 30  70   0  55 0.095       3    1.00    1.00    0.00     1.8     0.5    5.5   -    -     0.85
 30  70   0  55 0.095       3    1.00    1.00    0.00     1.8     0.5    5.5   -    -     0.86
 30  70   0  55 0.095       3    1.00    1.00    0.00     1.8     0.5    5.5   -    -     0.87
 30  70   0  55 0.095       3    1.00    1.00    0.00     1.8     0.5    5.5   -    -     0.88
 30  70   0  55 0.095       3    1.00    1.00    0.00     1.8     0.5    5.5   -    -     0.89
 30  70   0  55 0.095       3    1.00    1.00    0.00     1.8     0.5    5.5   -    -     0.90
 30  70   0  55 0.095       3    1.00    1.00    0.00     1.8     0.5    5.5   -    -     0.91
 30  70   0  55 0.095       3    1.00    1.00    0.00     1.8     0.5    5.5   -    -     0.92
 30  70   0  55 0.095       3    1.00    1.00    0.00     1.8     0.5    5.5   -    -     0.93
 30  70   0  55 0.095       3    1.00    1.00    0.00     1.8     0.5    5.5   -    -     0.94
 30  70   0  55 0.095       3    1.00    1.00    0.00     1.8     0.5    5.5   -    -     0.95
 30  70   0  55 0.095       3    1.00    1.00    0.00     1.8     0.5    5.5   -    -     0.96
 30  70   0  55 0.095       3    1.00    1.00    0.00     1.8     0.5    5.5   -    -     0.97
 30  70   0  55 0.095       3    1.00    1.00    0.00     1.8     0.5    5.5   -    -     0.98
 30  70   0  55 0.095       3    1.00    1.00    0.00     1.8     0.5    5.5   -    -     0.99
---------------------------------------------------------------------------------------------
