1 1 (0) 1 : 0.00000000099999999990 0.00000000099999999990 0.49835447823072853701 0.44409575933220224453 0.00000000099999999990 0.00000000099999999990 0.00000000099999999990 0.00000000099999999990 0.05754975643706930488
2 2 (0) 1 : 0.00000000099999999995 0.00000000099999999995 0.76305861477170289220 0.17783495635789287048 0.00000000099999999995 0.00000000099999999995 0.00000000099999999995 0.00000000099999999995 0.05910642287040435844
3 3 (0) 1 : 0.00000000099999999954 0.00000000099999999954 0.00000000099999999954 0.00000000099999999954 0.00000000099999999954 0.00000000099999999954 0.00000000099999999954 0.00000000099999999954 0.99999999199999989319
4 4 (0) 1 : 0.00000000099999999982 0.00000000099999999982 0.98172098091288573229 0.00000000099999999982 0.00000000099999999982 0.00000000099999999982 0.00000000099999999982 0.00000000099999999982 0.01827901208711431996
5 5 (0) 1 : 0.00000000099999999978 0.00000000099999999978 0.62314178678306220149 0.21960056535778371689 0.00000000099999999978 0.00000000099999999978 0.00000000099999999978 0.15725764185915400151 0.00000000099999999978
6 6 (0) 1 : 0.00000000099999999977 0.00000000099999999977 0.32226129310431994579 0.48013146560392117035 0.00000000099999999977 0.00000000099999999977 0.00000000099999999977 0.00000000099999999977 0.19760723529175902580
7 7 (0) 1 : 0.00000000099999999972 0.00000000099999999972 0.54514454020811975443 0.35181589677986585540 0.00000000099999999972 0.00000000099999999972 0.00000000099999999972 0.10303955701201433781 0.00000000099999999972
8 8 (0) 1 : 0.00000000099999999968 0.00000000099999999968 0.99999999200000011523 0.00000000099999999968 0.00000000099999999968 0.00000000099999999968 0.00000000099999999968 0.00000000099999999968 0.00000000099999999968
9 9 (0) 1 : 0.00000000099999999952 0.00000000099999999952 0.00000000099999999952 0.00000000099999999952 0.00000000099999999952 0.00000000099999999952 0.00000000099999999952 0.00000000099999999952 0.99999999200000000421
10 10 (0) 1 : 0.00000000099999999973 0.00000000099999999973 0.00000000099999999973 0.99999999200000000421 0.00000000099999999973 0.00000000099999999973 0.00000000099999999973 0.00000000099999999973 0.00000000099999999973
11 11 (0) 1 : 0.00000000099999999987 0.00000000099999999987 0.46538000174560029132 0.53461999125439985114 0.00000000099999999987 0.00000000099999999987 0.00000000099999999987 0.00000000099999999987 0.00000000099999999987
12 12 (0) 1 : 0.00000000099999999971 0.00000000099999999971 0.40176436752684197007 0.59823562547315811688 0.00000000099999999971 0.00000000099999999971 0.00000000099999999971 0.00000000099999999971 0.00000000099999999971
13 13 (0) 1 : 0.00000000099999999982 0.00000000099999999982 0.62447486626311710101 0.30727281210115342525 0.00000000099999999982 0.00000000099999999982 0.00000000099999999982 0.03037629999766961256 0.03787601663806001995
14 14 (0) 1 : 0.00000000099999999973 0.00000000099999999973 0.56501025047686215252 0.25589653000668388660 0.00000000099999999973 0.00000000099999999973 0.00000000099999999973 0.17909321351645399178 0.00000000099999999973
15 15 (0) 2 : 0.00000000099999999970 0.00000000099999999970 0.99999999200000000421 0.00000000099999999970 0.00000000099999999970 0.00000000099999999970 0.00000000099999999970 0.00000000099999999970 0.00000000099999999970
16 16 (0) 2 : 0.52508194011884024022 0.28022576378122843188 0.00000000099999999980 0.00000000099999999980 0.00000000099999999980 0.13929867534353471137 0.05539361575639665386 0.00000000099999999980 0.00000000099999999980
17 17 (0) 2 : 0.00000000099999999965 0.00000000099999999965 0.00000000099999999965 0.00000000099999999965 0.99999999200000000421 0.00000000099999999965 0.00000000099999999965 0.00000000099999999965 0.00000000099999999965
18 18 (0) 2 : 0.00000000099999999965 0.00000000099999999965 0.00000000099999999965 0.00000000099999999965 0.00000000099999999965 0.99999999200000000421 0.00000000099999999965 0.00000000099999999965 0.00000000099999999965
19 19 (0) 2 : 0.00000000099999999973 0.30179793291429352076 0.00000000099999999973 0.00000000099999999973 0.69013656714787052771 0.00000000099999999973 0.00806549393783595296 0.00000000099999999973 0.00000000099999999973
20 20 (0) 2 : 0.22578095138792977914 0.30912824365161523099 0.00000000099999999998 0.00000000099999999998 0.24154666757247228448 0.17937770328928262509 0.04416643009870008241 0.00000000099999999998 0.00000000099999999998
21 21 (0) 2 : 0.99999999200000022626 0.00000000099999999968 0.00000000099999999968 0.00000000099999999968 0.00000000099999999968 0.00000000099999999968 0.00000000099999999968 0.00000000099999999968 0.00000000099999999968
22 22 (0) 2 : 0.00000000099999999971 0.00000000099999999971 0.00000000099999999971 0.00000000099999999971 0.00000000099999999971 0.99999999200000000421 0.00000000099999999971 0.00000000099999999971 0.00000000099999999971
23 23 (0) 1 : 0.00000000099999999996 0.00000000099999999996 0.76225818949671253488 0.06462885174048184356 0.00000000099999999996 0.00000000099999999996 0.02458286866913534513 0.14473278114847962228 0.00379730494519063284
24 24 (0) 1 : 0.00000000099999999970 0.00000000099999999970 0.00000000099999999970 0.00000000099999999970 0.00000000099999999970 0.00000000099999999970 0.00000000099999999970 0.99999999200000000421 0.00000000099999999970
25 25 (0) 1 : 0.00000000099999999994 0.00000000099999999994 0.00000000099999999994 0.00000000099999999994 0.00000000099999999994 0.00000000099999999994 0.00000000099999999994 0.00000000099999999994 0.99999999199999989319
26 26 (0) 1 : 0.00000000099999999977 0.00000000099999999977 0.84856058165425729545 0.15134130063082201767 0.00000000099999999977 0.00000000099999999977 0.00000000099999999977 0.00004364846828951489 0.00005446424663113652
27 27 (0) 2 : 0.00000000099999999916 0.00000000099999999916 0.00000000099999999916 0.00000000099999999916 0.00000000099999999916 0.00000000099999999916 0.99999999200000000421 0.00000000099999999916 0.00000000099999999916
28 28 (0) 2 : 0.69194247109838324938 0.00000000099999999966 0.00000000099999999966 0.00000000099999999966 0.00000000099999999966 0.30805752190161683757 0.00000000099999999966 0.00000000099999999966 0.00000000099999999966
29 29 (0) 2 : 0.00000000099999999963 0.00000000099999999963 0.00000000099999999963 0.00000000099999999963 0.99999999200000000421 0.00000000099999999963 0.00000000099999999963 0.00000000099999999963 0.00000000099999999963
30 30 (0) 2 : 0.00000000099999999971 0.00000000099999999971 0.00000000099999999971 0.00000000099999999971 0.00000000099999999971 0.99999999200000000421 0.00000000099999999971 0.00000000099999999971 0.00000000099999999971
31 31 (0) 2 : 0.00000000099999999992 0.99999999200000011523 0.00000000099999999992 0.00000000099999999992 0.00000000099999999992 0.00000000099999999992 0.00000000099999999992 0.00000000099999999992 0.00000000099999999992
32 32 (0) 2 : 0.18606981160119778762 0.09437600879692288613 0.00000000099999999999 0.00000000099999999999 0.31754036607037433582 0.25003369596631014327 0.01110102951685896025 0.00000000099999999999 0.14087908504833585033
33 33 (0) 2 : 0.19501856903697506462 0.00000000099999999973 0.00000000099999999973 0.00000000099999999973 0.49365964081836627431 0.25263984028533859050 0.05868194485932011484 0.00000000099999999973 0.00000000099999999973
34 34 (0) 1 : 0.00000000099999999982 0.00000000099999999982 0.65685721217987758092 0.00000000099999999982 0.00000000099999999982 0.00000000099999999982 0.00000000099999999982 0.34314278082012233950 0.00000000099999999982
35 35 (0) 2 : 0.00000000099999999967 0.00000000099999999967 0.00000000099999999967 0.00000000099999999967 0.99999999200000011523 0.00000000099999999967 0.00000000099999999967 0.00000000099999999967 0.00000000099999999967
36 36 (0) 2 : 0.00000000099999999968 0.99999999200000011523 0.00000000099999999968 0.00000000099999999968 0.00000000099999999968 0.00000000099999999968 0.00000000099999999968 0.00000000099999999968 0.00000000099999999968
37 37 (0) 2 : 0.29424577822635888946 0.00000000099999999988 0.00000000099999999988 0.00000000099999999988 0.19869197776102254238 0.45012070292651301662 0.05694153608610537376 0.00000000099999999988 0.00000000099999999988
38 38 (0) 2 : 0.00000000099999999968 0.00000000099999999968 0.00000000099999999968 0.00000000099999999968 0.99999999200000000421 0.00000000099999999968 0.00000000099999999968 0.00000000099999999968 0.00000000099999999968
39 39 (0) 2 : 0.00000000099999999976 0.00000000099999999976 0.74952936221248633863 0.00000000099999999976 0.00000000099999999976 0.00000000099999999976 0.00000000099999999976 0.25047063078751369281 0.00000000099999999976
40 40 (0) 2 : 0.00000000099999999978 0.00000000099999999978 0.50148682097421903858 0.41109339346474144117 0.00000000099999999978 0.00000000099999999978 0.00000000099999999978 0.08741977956103950953 0.00000000099999999978
41 41 (0) 2 : 0.00000000099999999977 0.00000000099999999977 0.41799287621534353399 0.58200711678465655297 0.00000000099999999977 0.00000000099999999977 0.00000000099999999977 0.00000000099999999977 0.00000000099999999977
42 42 (0) 2 : 0.00000000099999999982 0.00000000099999999982 0.50659186799165756288 0.49340812500834252408 0.00000000099999999982 0.00000000099999999982 0.00000000099999999982 0.00000000099999999982 0.00000000099999999982
43 43 (0) 2 : 0.00000000099999999979 0.00000000099999999979 0.51482594273059667511 0.33231834611499766474 0.00000000099999999979 0.00000000099999999979 0.00000000099999999979 0.15285570515440560779 0.00000000099999999979
44 44 (0) 2 : 0.77936775603316554850 0.00000000099999999967 0.00000000099999999967 0.00000000099999999967 0.00000000099999999967 0.22063223696683451069 0.00000000099999999967 0.00000000099999999967 0.00000000099999999967
45 45 (0) 2 : 0.99999999200000011523 0.00000000099999999988 0.00000000099999999988 0.00000000099999999988 0.00000000099999999988 0.00000000099999999988 0.00000000099999999988 0.00000000099999999988 0.00000000099999999988
46 46 (0) 2 : 0.99999999200000011523 0.00000000099999999970 0.00000000099999999970 0.00000000099999999970 0.00000000099999999970 0.00000000099999999970 0.00000000099999999970 0.00000000099999999970 0.00000000099999999970
47 47 (0) 2 : 0.00000000099999999984 0.00000000099999999984 0.53282410750787134734 0.20433910079751385624 0.00000000099999999984 0.00000000099999999984 0.00000000099999999984 0.26283678569461477181 0.00000000099999999984
48 48 (0) 2 : 0.25810764493729060343 0.00000000099999999976 0.00000000099999999976 0.00000000099999999976 0.36965143059494348643 0.37209548094951144792 0.00014543851825441205 0.00000000099999999976 0.00000000099999999976
49 49 (0) 1 : 0.00000000099999999988 0.00000000099999999988 0.44088659335793611849 0.27918830147183859580 0.00000000099999999988 0.00000000099999999988 0.00000000099999999988 0.27374651808856081958 0.00617858208166440111
50 50 (0) 1 : 0.00000000099999999975 0.00000000099999999975 0.74153437360769591802 0.25846561939230416893 0.00000000099999999975 0.00000000099999999975 0.00000000099999999975 0.00000000099999999975 0.00000000099999999975
51 51 (0) 1 : 0.00000000099999999978 0.00000000099999999978 0.66513972581538449713 0.30569928880286462158 0.00000000099999999978 0.00000000099999999978 0.00000000099999999978 0.02916097938175082893 0.00000000099999999978
52 52 (0) 1 : 0.00000000099999999971 0.00000000099999999971 0.42769800691364978640 0.45289590854449979229 0.00000000099999999971 0.00000000099999999971 0.00000000099999999971 0.11940607854185060488 0.00000000099999999971
53 53 (0) 1 : 0.00000000099999999971 0.00000000099999999971 0.00000000099999999971 0.58396412410759668266 0.00000000099999999971 0.00000000099999999971 0.00000000099999999971 0.39579882865134402570 0.02023704124105936766
54 54 (0) 1 : 0.00000000099999999980 0.00000000099999999980 0.46285607060220512743 0.53712631795629039999 0.00000000099999999980 0.00000000099999999980 0.00000000099999999980 0.00000000099999999980 0.00001760544150453347
55 55 (0) 1 : 0.00000000099999999986 0.00000000099999999986 0.99698623909698336210 0.00000000099999999986 0.00000000099999999986 0.00000000099999999986 0.00000000099999999986 0.00000000099999999986 0.00301375390301670014
56 56 (0) 3 : 0.00000000099999999976 0.51453767701985286820 0.00000000099999999976 0.00000000099999999976 0.35711913826720814713 0.00000000099999999976 0.12834317871293901558 0.00000000099999999976 0.00000000099999999976
57 57 (0) 3 : 0.00000000099999999961 0.00000000099999999961 0.00000000099999999961 0.00000000099999999961 0.00000000099999999961 0.99999999200000011523 0.00000000099999999961 0.00000000099999999961 0.00000000099999999961
58 58 (0) 3 : 0.00000000099999999959 0.00000000099999999959 0.00000000099999999959 0.00000000099999999959 0.00000000099999999959 0.99999999200000011523 0.00000000099999999959 0.00000000099999999959 0.00000000099999999959
59 59 (0) 3 : 0.00000000099999999958 0.99999999200000022626 0.00000000099999999958 0.00000000099999999958 0.00000000099999999958 0.00000000099999999958 0.00000000099999999958 0.00000000099999999958 0.00000000099999999958
60 60 (0) 3 : 0.56436298454531674818 0.00000000099999999979 0.00000000099999999979 0.00000000099999999979 0.38703308046317697055 0.00000000099999999979 0.04860392899150627749 0.00000000099999999979 0.00000000099999999979
61 61 (0) 3 : 0.00000000099999999993 0.00000000099999999993 0.00000000099999999993 0.00000000099999999993 0.00000000099999999993 0.99999999200000011523 0.00000000099999999993 0.00000000099999999993 0.00000000099999999993
62 62 (0) 3 : 0.00000000099999999975 0.00000000099999999975 0.00000000099999999975 0.00000000099999999975 0.48079060231495968081 0.51920939068504023961 0.00000000099999999975 0.00000000099999999975 0.00000000099999999975
63 63 (0) 4 : 0.00000000099999999964 0.00000000099999999964 0.00000000099999999964 0.00000000099999999964 0.00000000099999999964 0.00000000099999999964 0.00000000099999999964 0.00000000099999999964 0.99999999199999989319
64 64 (0) 4 : 0.00000000099999999979 0.00000000099999999979 0.62849356057832528322 0.37150643242167480373 0.00000000099999999979 0.00000000099999999979 0.00000000099999999979 0.00000000099999999979 0.00000000099999999979
65 65 (0) 4 : 0.00000000099999999970 0.00000000099999999970 0.00000000099999999970 0.99999999200000000421 0.00000000099999999970 0.00000000099999999970 0.00000000099999999970 0.00000000099999999970 0.00000000099999999970
66 66 (0) 3 : 0.70250838306512231046 0.29749160993487783200 0.00000000099999999972 0.00000000099999999972 0.00000000099999999972 0.00000000099999999972 0.00000000099999999972 0.00000000099999999972 0.00000000099999999972
67 67 (0) 3 : 0.46684929518954171312 0.24977226634446239584 0.00000000099999999982 0.00000000099999999982 0.25625412452126455909 0.00000000099999999982 0.02712430894473136581 0.00000000099999999982 0.00000000099999999982
68 68 (0) 3 : 0.00000000099999999917 0.00000000099999999917 0.00000000099999999917 0.00000000099999999917 0.00000000099999999917 0.00000000099999999917 0.99999999200000000421 0.00000000099999999917 0.00000000099999999917
69 69 (0) 3 : 0.00002274011618845335 0.47956909119659185681 0.00000000099999999979 0.00000000099999999979 0.43911540863969539261 0.00000000099999999979 0.08129275504752425663 0.00000000099999999979 0.00000000099999999979
70 70 (0) 3 : 0.00000000099999999957 0.99999999200000022626 0.00000000099999999957 0.00000000099999999957 0.00000000099999999957 0.00000000099999999957 0.00000000099999999957 0.00000000099999999957 0.00000000099999999957
71 71 (0) 3 : 0.00000002500234228195 0.00000000099999999978 0.00000000099999999978 0.00000000099999999978 0.44257929992703826105 0.50914602893118865445 0.04827464113943095991 0.00000000099999999978 0.00000000099999999978
72 72 (0) 4 : 0.00000000099999999995 0.02558919835414750696 0.52748531383435326436 0.42290621698924585337 0.00000000099999999995 0.00000000099999999995 0.00000000099999999995 0.00000000099999999995 0.02401926582225338141
73 73 (0) 4 : 0.00000000099999999993 0.07210398111414438593 0.48861197138356354808 0.33845834710647310084 0.00000000099999999993 0.00000000099999999993 0.00000000099999999993 0.10082569539581887064 0.00000000099999999993
74 74 (0) 4 : 0.00000000099999999976 0.00000000099999999976 0.70758526536008281571 0.29241472762173265076 0.00000000099999999976 0.00000000099999999976 0.00000000099999999976 0.00000000099999999976 0.00000000101818465516
75 75 (0) 4 : 0.00000000099999999972 0.00000000099999999972 0.00000000099999999972 0.99999999200000011523 0.00000000099999999972 0.00000000099999999972 0.00000000099999999972 0.00000000099999999972 0.00000000099999999972
76 76 (0) 4 : 0.00000000099999999971 0.00000000099999999971 0.99999999200000000421 0.00000000099999999971 0.00000000099999999971 0.00000000099999999971 0.00000000099999999971 0.00000000099999999971 0.00000000099999999971
77 77 (0) 4 : 0.00000000099999999974 0.00000000099999999974 0.48947348901004300581 0.26654692167326221597 0.00000000099999999974 0.00000000099999999974 0.00000000099999999974 0.24397958331669492016 0.00000000099999999974
78 78 (0) 4 : 0.00000000099999999969 0.00000000099999999969 0.99999999200000000421 0.00000000099999999969 0.00000000099999999969 0.00000000099999999969 0.00000000099999999969 0.00000000099999999969 0.00000000099999999969
79 79 (0) 3 : 0.00000000099999999959 0.00000000099999999959 0.00000000099999999959 0.99999999200000000421 0.00000000099999999959 0.00000000099999999959 0.00000000099999999959 0.00000000099999999959 0.00000000099999999959
80 80 (0) 3 : 0.00000000397319610262 0.53563525628113217714 0.00000000099999999980 0.00000000099999999980 0.46436473374567188710 0.00000000099999999980 0.00000000099999999980 0.00000000099999999980 0.00000000099999999980
81 81 (0) 3 : 0.21856853274990753477 0.23303992207880722121 0.00000000099999999991 0.00000000099999999991 0.17833888997498992257 0.37005265019629535184 0.00000000099999999991 0.00000000099999999991 0.00000000099999999991
82 82 (0) 3 : 0.00000000099999999964 0.00000000099999999964 0.00000000099999999964 0.00000000099999999964 0.99999999200000011523 0.00000000099999999964 0.00000000099999999964 0.00000000099999999964 0.00000000099999999964
83 83 (0) 3 : 0.00000000099999999974 0.00000000099999999974 0.99999999200000011523 0.00000000099999999974 0.00000000099999999974 0.00000000099999999974 0.00000000099999999974 0.00000000099999999974 0.00000000099999999974
84 84 (0) 3 : 0.00000000099999999944 0.00000000099999999944 0.00000000099999999944 0.00000000099999999944 0.00000000099999999944 0.00000000099999999944 0.00000000099999999944 0.99999999199999989319 0.00000000099999999944
85 85 (0) 3 : 0.00000000099999999958 0.99999999200000011523 0.00000000099999999958 0.00000000099999999958 0.00000000099999999958 0.00000000099999999958 0.00000000099999999958 0.00000000099999999958 0.00000000099999999958
86 86 (0) 3 : 0.99999999200000011523 0.00000000099999999965 0.00000000099999999965 0.00000000099999999965 0.00000000099999999965 0.00000000099999999965 0.00000000099999999965 0.00000000099999999965 0.00000000099999999965
87 87 (0) 3 : 0.18668806529683984463 0.19233982483230724347 0.00000000099999999995 0.00000000099999999995 0.16406749321552291376 0.37370595716956955812 0.02044954245717350849 0.06274911402858689147 0.00000000099999999995
88 88 (0) 3 : 0.51492415168710314877 0.18439625473690046675 0.00000000099999999975 0.00000000099999999975 0.30067958757599644315 0.00000000099999999975 0.00000000099999999975 0.00000000099999999975 0.00000000099999999975
89 89 (0) 4 : 0.00000038899459121380 0.00000000253332516757 0.00000000099999999998 0.66778489858262080059 0.00000000099999999998 0.00000000099999999998 0.00000000099999999998 0.31977115259276112091 0.01244355329670182066
90 90 (0) 3 : 0.00000000099999999977 0.44818592882816654654 0.00000000099999999977 0.00000000099999999977 0.38516034295326179171 0.16665372221857158164 0.00000000099999999977 0.00000000099999999977 0.00000000099999999977
91 91 (0) 3 : 0.99999999200000011523 0.00000000099999999966 0.00000000099999999966 0.00000000099999999966 0.00000000099999999966 0.00000000099999999966 0.00000000099999999966 0.00000000099999999966 0.00000000099999999966
92 92 (0) 3 : 0.72778605861297929192 0.00000000099999999972 0.00000000099999999972 0.00000000099999999972 0.00000000099999999972 0.00000002414116434156 0.27221391124585658794 0.00000000099999999972 0.00000000099999999972
93 93 (0) 3 : 0.00000000099999999979 0.56130083686381793129 0.00000000099999999979 0.00000000099999999979 0.43869790386078433286 0.00000000099999999979 0.00000125327539791323 0.00000000099999999979 0.00000000099999999979
94 94 (0) 3 : 0.37865808394932071179 0.14401990219722071718 0.00000000099999999996 0.19534291463893985186 0.04639443681468184005 0.23558465839983705470 0.00000000099999999996 0.00000000099999999996 0.00000000099999999996
95 95 (0) 4 : 0.12147992881182338720 0.00000000099999999997 0.39559097820926053535 0.47342779434716436571 0.00000000099999999997 0.00000000099999999997 0.00000000099999999997 0.00000000099999999997 0.00950129363175163805
96 96 (0) 4 : 0.00000000099999999974 0.00000000099999999974 0.69406958749512437379 0.30593039684257772315 0.00000000099999999974 0.00000000099999999974 0.00000000099999999974 0.00000000966229801563 0.00000000099999999974
97 97 (0) 4 : 0.00000000099999999989 0.00000000099999999989 0.75503026495716907274 0.24496972804283104197 0.00000000099999999989 0.00000000099999999989 0.00000000099999999989 0.00000000099999999989 0.00000000099999999989
98 98 (0) 4 : 0.00000000099999999997 0.03090475021552547413 0.29511672673291028390 0.36504749398864505538 0.00000000099999999997 0.00000000099999999997 0.00000000099999999997 0.25461019163567505386 0.05432083342724425279
99 99 (0) 4 : 0.00000000099999999989 0.00000000099999999989 0.30384527009442363621 0.44475993953525178037 0.00000000099999999989 0.00000000099999999989 0.00000000099999999989 0.21435526572598764816 0.03703951964433703503
100 100 (0) 4 : 0.00000000099999999971 0.00000000099999999971 0.30612451071459428897 0.34097332400531737973 0.00000000099999999971 0.00000000099999999971 0.00000000099999999971 0.35290215928008850099 0.00000000099999999971
101 101 (0) 4 : 0.00000000099999999966 0.00000000099999999966 0.00000000099999999966 0.99999999200000000421 0.00000000099999999966 0.00000000099999999966 0.00000000099999999966 0.00000000099999999966 0.00000000099999999966
102 102 (0) 4 : 0.00000000099999999965 0.00000000099999999965 0.99999999200000000421 0.00000000099999999965 0.00000000099999999965 0.00000000099999999965 0.00000000099999999965 0.00000000099999999965 0.00000000099999999965
103 103 (0) 4 : 0.00000000099999999950 0.00000000099999999950 0.00000000099999999950 0.00000000099999999950 0.00000000099999999950 0.00000000099999999950 0.00000000099999999950 0.00000000099999999950 0.99999999199999989319
104 104 (0) 4 : 0.00000000099999999995 0.00000000099999999995 0.63636853589022313038 0.30102139165667834986 0.00000000099999999995 0.00000000099999999995 0.00000000099999999995 0.00000000099999999995 0.06261006645309864782
105 105 (0) 4 : 0.00000000099999999988 0.00000000099999999988 0.98619119900772267417 0.00000000099999999988 0.00000000099999999988 0.00000000099999999988 0.00000000099999999988 0.00000000099999999988 0.01380879399227745268
106 106 (0) 4 : 0.00000000099999999994 0.00000000099999999994 0.00000000099999999994 0.99999999200000011523 0.00000000099999999994 0.00000000099999999994 0.00000000099999999994 0.00000000099999999994 0.00000000099999999994
107 107 (0) 4 : 0.00000000099999999995 0.00000000099999999995 0.63298338809103882330 0.00028830410866169582 0.00000000099999999995 0.00000000099999999995 0.00000000099999999995 0.29157827196909474887 0.07515003083120477823
108 108 (0) 4 : 0.00000000099999999945 0.00000000099999999945 0.00000000099999999945 0.00000000099999999945 0.00000000099999999945 0.00000000099999999945 0.00000000099999999945 0.99999999200000000421 0.00000000099999999945
109 109 (0) 4 : 0.00000000099999999966 0.00000000099999999966 0.00000000099999999966 0.99999999200000000421 0.00000000099999999966 0.00000000099999999966 0.00000000099999999966 0.00000000099999999966 0.00000000099999999966
110 110 (0) 4 : 0.00000000099999999986 0.00000000099999999986 0.43526288725834810789 0.17666646916121572786 0.00000000099999999986 0.00000000099999999986 0.00000000099999999986 0.28495144717531761813 0.10311919140511852100
111 111 (0) 4 : 0.00000000099999999953 0.00000000099999999953 0.00000000099999999953 0.00000000099999999953 0.00000000099999999953 0.00000000099999999953 0.00000000099999999953 0.00000000099999999953 0.99999999199999989319
112 112 (0) 4 : 0.00000000099999999972 0.00000000099999999972 0.00000000099999999972 0.00000000099999999972 0.00000000099999999972 0.00000000099999999972 0.00000000099999999972 0.00000000099999999972 0.99999999200000000421
113 113 (0) 4 : 0.28784924195276001546 0.42781372429289699078 0.00000000099999999978 0.00000000099999999978 0.19022655657513820593 0.08593770467155746606 0.00817276850764738806 0.00000000099999999978 0.00000000099999999978
114 114 (0) 4 : 0.00000000099999999994 0.00000000099999999994 0.64476017426211829076 0.35523972076386750585 0.00000000099999999994 0.00000000099999999994 0.00000000099999999994 0.00000000099999999994 0.00000009897401422886
115 115 (0) 4 : 0.00000000099999999973 0.00000000099999999973 0.73876837590571653447 0.26123161709428355248 0.00000000099999999973 0.00000000099999999973 0.00000000099999999973 0.00000000099999999973 0.00000000099999999973
116 116 (0) 4 : 0.00000000099999999981 0.00000000099999999981 0.44940065604111195663 0.32870591188762393609 0.00000000099999999981 0.00000000099999999981 0.00000000099999999981 0.22189342607126411044 0.00000000099999999981
1 1 (0) 1 : 0.00000000099999999990 0.00000000099999999990 0.49835447823072853701 0.44409575933220224453 0.00000000099999999990 0.00000000099999999990 0.00000000099999999990 0.00000000099999999990 0.05754975643706930488
2 2 (0) 1 : 0.00000000099999999995 0.00000000099999999995 0.76305861477170289220 0.17783495635789287048 0.00000000099999999995 0.00000000099999999995 0.00000000099999999995 0.00000000099999999995 0.05910642287040435844
3 3 (0) 1 : 0.00000000099999999954 0.00000000099999999954 0.00000000099999999954 0.00000000099999999954 0.00000000099999999954 0.00000000099999999954 0.00000000099999999954 0.00000000099999999954 0.99999999199999989319
4 4 (0) 1 : 0.00000000099999999982 0.00000000099999999982 0.98172098091288573229 0.00000000099999999982 0.00000000099999999982 0.00000000099999999982 0.00000000099999999982 0.00000000099999999982 0.01827901208711431996
5 5 (0) 1 : 0.00000000099999999978 0.00000000099999999978 0.62314178678306220149 0.21960056535778371689 0.00000000099999999978 0.00000000099999999978 0.00000000099999999978 0.15725764185915400151 0.00000000099999999978
6 6 (0) 1 : 0.00000000099999999977 0.00000000099999999977 0.32226129310431994579 0.48013146560392117035 0.00000000099999999977 0.00000000099999999977 0.00000000099999999977 0.00000000099999999977 0.19760723529175902580
7 7 (0) 1 : 0.00000000099999999972 0.00000000099999999972 0.54514454020811975443 0.35181589677986585540 0.00000000099999999972 0.00000000099999999972 0.00000000099999999972 0.10303955701201433781 0.00000000099999999972
8 8 (0) 1 : 0.00000000099999999968 0.00000000099999999968 0.99999999200000011523 0.00000000099999999968 0.00000000099999999968 0.00000000099999999968 0.00000000099999999968 0.00000000099999999968 0.00000000099999999968
9 9 (0) 1 : 0.00000000099999999952 0.00000000099999999952 0.00000000099999999952 0.00000000099999999952 0.00000000099999999952 0.00000000099999999952 0.00000000099999999952 0.00000000099999999952 0.99999999200000000421
10 10 (0) 1 : 0.00000000099999999973 0.00000000099999999973 0.00000000099999999973 0.99999999200000000421 0.00000000099999999973 0.00000000099999999973 0.00000000099999999973 0.00000000099999999973 0.00000000099999999973
11 11 (0) 1 : 0.00000000099999999987 0.00000000099999999987 0.46538000174560029132 0.53461999125439985114 0.00000000099999999987 0.00000000099999999987 0.00000000099999999987 0.00000000099999999987 0.00000000099999999987
12 12 (0) 1 : 0.00000000099999999971 0.00000000099999999971 0.40176436752684197007 0.59823562547315811688 0.00000000099999999971 0.00000000099999999971 0.00000000099999999971 0.00000000099999999971 0.00000000099999999971
13 13 (0) 1 : 0.00000000099999999982 0.00000000099999999982 0.62447486626311710101 0.30727281210115342525 0.00000000099999999982 0.00000000099999999982 0.00000000099999999982 0.03037629999766961256 0.03787601663806001995
14 14 (0) 1 : 0.00000000099999999973 0.00000000099999999973 0.56501025047686215252 0.25589653000668388660 0.00000000099999999973 0.00000000099999999973 0.00000000099999999973 0.17909321351645399178 0.00000000099999999973
15 15 (0) 2 : 0.00000000099999999970 0.00000000099999999970 0.99999999200000000421 0.00000000099999999970 0.00000000099999999970 0.00000000099999999970 0.00000000099999999970 0.00000000099999999970 0.00000000099999999970
16 16 (0) 2 : 0.52508194011884024022 0.28022576378122843188 0.00000000099999999980 0.00000000099999999980 0.00000000099999999980 0.13929867534353471137 0.05539361575639665386 0.00000000099999999980 0.00000000099999999980
17 17 (0) 2 : 0.00000000099999999965 0.00000000099999999965 0.00000000099999999965 0.00000000099999999965 0.99999999200000000421 0.00000000099999999965 0.00000000099999999965 0.00000000099999999965 0.00000000099999999965
18 18 (0) 2 : 0.00000000099999999965 0.00000000099999999965 0.00000000099999999965 0.00000000099999999965 0.00000000099999999965 0.99999999200000000421 0.00000000099999999965 0.00000000099999999965 0.00000000099999999965
19 19 (0) 2 : 0.00000000099999999973 0.30179793291429352076 0.00000000099999999973 0.00000000099999999973 0.69013656714787052771 0.00000000099999999973 0.00806549393783595296 0.00000000099999999973 0.00000000099999999973
20 20 (0) 2 : 0.22578095138792977914 0.30912824365161523099 0.00000000099999999998 0.00000000099999999998 0.24154666757247228448 0.17937770328928262509 0.04416643009870008241 0.00000000099999999998 0.00000000099999999998
21 21 (0) 2 : 0.99999999200000022626 0.00000000099999999968 0.00000000099999999968 0.00000000099999999968 0.00000000099999999968 0.00000000099999999968 0.00000000099999999968 0.00000000099999999968 0.00000000099999999968
22 22 (0) 2 : 0.00000000099999999971 0.00000000099999999971 0.00000000099999999971 0.00000000099999999971 0.00000000099999999971 0.99999999200000000421 0.00000000099999999971 0.00000000099999999971 0.00000000099999999971
23 23 (0) 1 : 0.00000000099999999996 0.00000000099999999996 0.76225818949671253488 0.06462885174048184356 0.00000000099999999996 0.00000000099999999996 0.02458286866913534513 0.14473278114847962228 0.00379730494519063284
24 24 (0) 1 : 0.00000000099999999970 0.00000000099999999970 0.00000000099999999970 0.00000000099999999970 0.00000000099999999970 0.00000000099999999970 0.00000000099999999970 0.99999999200000000421 0.00000000099999999970
25 25 (0) 1 : 0.00000000099999999994 0.00000000099999999994 0.00000000099999999994 0.00000000099999999994 0.00000000099999999994 0.00000000099999999994 0.00000000099999999994 0.00000000099999999994 0.99999999199999989319
26 26 (0) 1 : 0.00000000099999999977 0.00000000099999999977 0.84856058165425729545 0.15134130063082201767 0.00000000099999999977 0.00000000099999999977 0.00000000099999999977 0.00004364846828951489 0.00005446424663113652
27 27 (0) 2 : 0.00000000099999999916 0.00000000099999999916 0.00000000099999999916 0.00000000099999999916 0.00000000099999999916 0.00000000099999999916 0.99999999200000000421 0.00000000099999999916 0.00000000099999999916
28 28 (0) 2 : 0.69194247109838324938 0.00000000099999999966 0.00000000099999999966 0.00000000099999999966 0.00000000099999999966 0.30805752190161683757 0.00000000099999999966 0.00000000099999999966 0.00000000099999999966
29 29 (0) 2 : 0.00000000099999999963 0.00000000099999999963 0.00000000099999999963 0.00000000099999999963 0.99999999200000000421 0.00000000099999999963 0.00000000099999999963 0.00000000099999999963 0.00000000099999999963
30 30 (0) 2 : 0.00000000099999999971 0.00000000099999999971 0.00000000099999999971 0.00000000099999999971 0.00000000099999999971 0.99999999200000000421 0.00000000099999999971 0.00000000099999999971 0.00000000099999999971
31 31 (0) 2 : 0.00000000099999999992 0.99999999200000011523 0.00000000099999999992 0.00000000099999999992 0.00000000099999999992 0.00000000099999999992 0.00000000099999999992 0.00000000099999999992 0.00000000099999999992
32 32 (0) 2 : 0.18606981160119778762 0.09437600879692288613 0.00000000099999999999 0.00000000099999999999 0.31754036607037433582 0.25003369596631014327 0.01110102951685896025 0.00000000099999999999 0.14087908504833585033
33 33 (0) 2 : 0.19501856903697506462 0.00000000099999999973 0.00000000099999999973 0.00000000099999999973 0.49365964081836627431 0.25263984028533859050 0.05868194485932011484 0.00000000099999999973 0.00000000099999999973
34 34 (0) 1 : 0.00000000099999999982 0.00000000099999999982 0.65685721217987758092 0.00000000099999999982 0.00000000099999999982 0.00000000099999999982 0.00000000099999999982 0.34314278082012233950 0.00000000099999999982
35 35 (0) 2 : 0.00000000099999999967 0.00000000099999999967 0.00000000099999999967 0.00000000099999999967 0.99999999200000011523 0.00000000099999999967 0.00000000099999999967 0.00000000099999999967 0.00000000099999999967
36 36 (0) 2 : 0.00000000099999999968 0.99999999200000011523 0.00000000099999999968 0.00000000099999999968 0.00000000099999999968 0.00000000099999999968 0.00000000099999999968 0.00000000099999999968 0.00000000099999999968
37 37 (0) 2 : 0.29424577822635888946 0.00000000099999999988 0.00000000099999999988 0.00000000099999999988 0.19869197776102254238 0.45012070292651301662 0.05694153608610537376 0.00000000099999999988 0.00000000099999999988
38 38 (0) 2 : 0.00000000099999999968 0.00000000099999999968 0.00000000099999999968 0.00000000099999999968 0.99999999200000000421 0.00000000099999999968 0.00000000099999999968 0.00000000099999999968 0.00000000099999999968
39 39 (0) 2 : 0.00000000099999999976 0.00000000099999999976 0.74952936221248633863 0.00000000099999999976 0.00000000099999999976 0.00000000099999999976 0.00000000099999999976 0.25047063078751369281 0.00000000099999999976
40 40 (0) 2 : 0.00000000099999999978 0.00000000099999999978 0.50148682097421903858 0.41109339346474144117 0.00000000099999999978 0.00000000099999999978 0.00000000099999999978 0.08741977956103950953 0.00000000099999999978
41 41 (0) 2 : 0.00000000099999999977 0.00000000099999999977 0.41799287621534353399 0.58200711678465655297 0.00000000099999999977 0.00000000099999999977 0.00000000099999999977 0.00000000099999999977 0.00000000099999999977
42 42 (0) 2 : 0.00000000099999999982 0.00000000099999999982 0.50659186799165756288 0.49340812500834252408 0.00000000099999999982 0.00000000099999999982 0.00000000099999999982 0.00000000099999999982 0.00000000099999999982
43 43 (0) 2 : 0.00000000099999999979 0.00000000099999999979 0.51482594273059667511 0.33231834611499766474 0.00000000099999999979 0.00000000099999999979 0.00000000099999999979 0.15285570515440560779 0.00000000099999999979
44 44 (0) 2 : 0.77936775603316554850 0.00000000099999999967 0.00000000099999999967 0.00000000099999999967 0.00000000099999999967 0.22063223696683451069 0.00000000099999999967 0.00000000099999999967 0.00000000099999999967
45 45 (0) 2 : 0.99999999200000011523 0.00000000099999999988 0.00000000099999999988 0.00000000099999999988 0.00000000099999999988 0.00000000099999999988 0.00000000099999999988 0.00000000099999999988 0.00000000099999999988
46 46 (0) 2 : 0.99999999200000011523 0.00000000099999999970 0.00000000099999999970 0.00000000099999999970 0.00000000099999999970 0.00000000099999999970 0.00000000099999999970 0.00000000099999999970 0.00000000099999999970
47 47 (0) 2 : 0.00000000099999999984 0.00000000099999999984 0.53282410750787134734 0.20433910079751385624 0.00000000099999999984 0.00000000099999999984 0.00000000099999999984 0.26283678569461477181 0.00000000099999999984
48 48 (0) 2 : 0.25810764493729060343 0.00000000099999999976 0.00000000099999999976 0.00000000099999999976 0.36965143059494348643 0.37209548094951144792 0.00014543851825441205 0.00000000099999999976 0.00000000099999999976
49 49 (0) 1 : 0.00000000099999999988 0.00000000099999999988 0.44088659335793611849 0.27918830147183859580 0.00000000099999999988 0.00000000099999999988 0.00000000099999999988 0.27374651808856081958 0.00617858208166440111
50 50 (0) 1 : 0.00000000099999999975 0.00000000099999999975 0.74153437360769591802 0.25846561939230416893 0.00000000099999999975 0.00000000099999999975 0.00000000099999999975 0.00000000099999999975 0.00000000099999999975
51 51 (0) 1 : 0.00000000099999999978 0.00000000099999999978 0.66513972581538449713 0.30569928880286462158 0.00000000099999999978 0.00000000099999999978 0.00000000099999999978 0.02916097938175082893 0.00000000099999999978
52 52 (0) 1 : 0.00000000099999999971 0.00000000099999999971 0.42769800691364978640 0.45289590854449979229 0.00000000099999999971 0.00000000099999999971 0.00000000099999999971 0.11940607854185060488 0.00000000099999999971
53 53 (0) 1 : 0.00000000099999999971 0.00000000099999999971 0.00000000099999999971 0.58396412410759668266 0.00000000099999999971 0.00000000099999999971 0.00000000099999999971 0.39579882865134402570 0.02023704124105936766
54 54 (0) 1 : 0.00000000099999999980 0.00000000099999999980 0.46285607060220512743 0.53712631795629039999 0.00000000099999999980 0.00000000099999999980 0.00000000099999999980 0.00000000099999999980 0.00001760544150453347
55 55 (0) 1 : 0.00000000099999999986 0.00000000099999999986 0.99698623909698336210 0.00000000099999999986 0.00000000099999999986 0.00000000099999999986 0.00000000099999999986 0.00000000099999999986 0.00301375390301670014
56 56 (0) 3 : 0.00000000099999999976 0.51453767701985286820 0.00000000099999999976 0.00000000099999999976 0.35711913826720814713 0.00000000099999999976 0.12834317871293901558 0.00000000099999999976 0.00000000099999999976
57 57 (0) 3 : 0.00000000099999999961 0.00000000099999999961 0.00000000099999999961 0.00000000099999999961 0.00000000099999999961 0.99999999200000011523 0.00000000099999999961 0.00000000099999999961 0.00000000099999999961
58 58 (0) 3 : 0.00000000099999999959 0.00000000099999999959 0.00000000099999999959 0.00000000099999999959 0.00000000099999999959 0.99999999200000011523 0.00000000099999999959 0.00000000099999999959 0.00000000099999999959
59 59 (0) 3 : 0.00000000099999999958 0.99999999200000022626 0.00000000099999999958 0.00000000099999999958 0.00000000099999999958 0.00000000099999999958 0.00000000099999999958 0.00000000099999999958 0.00000000099999999958
60 60 (0) 3 : 0.56436298454531674818 0.00000000099999999979 0.00000000099999999979 0.00000000099999999979 0.38703308046317697055 0.00000000099999999979 0.04860392899150627749 0.00000000099999999979 0.00000000099999999979
61 61 (0) 3 : 0.00000000099999999993 0.00000000099999999993 0.00000000099999999993 0.00000000099999999993 0.00000000099999999993 0.99999999200000011523 0.00000000099999999993 0.00000000099999999993 0.00000000099999999993
62 62 (0) 3 : 0.00000000099999999975 0.00000000099999999975 0.00000000099999999975 0.00000000099999999975 0.48079060231495968081 0.51920939068504023961 0.00000000099999999975 0.00000000099999999975 0.00000000099999999975
63 63 (0) 4 : 0.00000000099999999964 0.00000000099999999964 0.00000000099999999964 0.00000000099999999964 0.00000000099999999964 0.00000000099999999964 0.00000000099999999964 0.00000000099999999964 0.99999999199999989319
64 64 (0) 4 : 0.00000000099999999979 0.00000000099999999979 0.62849356057832528322 0.37150643242167480373 0.00000000099999999979 0.00000000099999999979 0.00000000099999999979 0.00000000099999999979 0.00000000099999999979
65 65 (0) 4 : 0.00000000099999999970 0.00000000099999999970 0.00000000099999999970 0.99999999200000000421 0.00000000099999999970 0.00000000099999999970 0.00000000099999999970 0.00000000099999999970 0.00000000099999999970
66 66 (0) 3 : 0.70250838306512231046 0.29749160993487783200 0.00000000099999999972 0.00000000099999999972 0.00000000099999999972 0.00000000099999999972 0.00000000099999999972 0.00000000099999999972 0.00000000099999999972
67 67 (0) 3 : 0.46684929518954171312 0.24977226634446239584 0.00000000099999999982 0.00000000099999999982 0.25625412452126455909 0.00000000099999999982 0.02712430894473136581 0.00000000099999999982 0.00000000099999999982
68 68 (0) 3 : 0.00000000099999999917 0.00000000099999999917 0.00000000099999999917 0.00000000099999999917 0.00000000099999999917 0.00000000099999999917 0.99999999200000000421 0.00000000099999999917 0.00000000099999999917
69 69 (0) 3 : 0.00002274011618845335 0.47956909119659185681 0.00000000099999999979 0.00000000099999999979 0.43911540863969539261 0.00000000099999999979 0.08129275504752425663 0.00000000099999999979 0.00000000099999999979
70 70 (0) 3 : 0.00000000099999999957 0.99999999200000022626 0.00000000099999999957 0.00000000099999999957 0.00000000099999999957 0.00000000099999999957 0.00000000099999999957 0.00000000099999999957 0.00000000099999999957
71 71 (0) 3 : 0.00000002500234228195 0.00000000099999999978 0.00000000099999999978 0.00000000099999999978 0.44257929992703826105 0.50914602893118865445 0.04827464113943095991 0.00000000099999999978 0.00000000099999999978
72 72 (0) 4 : 0.00000000099999999995 0.02558919835414750696 0.52748531383435326436 0.42290621698924585337 0.00000000099999999995 0.00000000099999999995 0.00000000099999999995 0.00000000099999999995 0.02401926582225338141
73 73 (0) 4 : 0.00000000099999999993 0.07210398111414438593 0.48861197138356354808 0.33845834710647310084 0.00000000099999999993 0.00000000099999999993 0.00000000099999999993 0.10082569539581887064 0.00000000099999999993
74 74 (0) 4 : 0.00000000099999999976 0.00000000099999999976 0.70758526536008281571 0.29241472762173265076 0.00000000099999999976 0.00000000099999999976 0.00000000099999999976 0.00000000099999999976 0.00000000101818465516
75 75 (0) 4 : 0.00000000099999999972 0.00000000099999999972 0.00000000099999999972 0.99999999200000011523 0.00000000099999999972 0.00000000099999999972 0.00000000099999999972 0.00000000099999999972 0.00000000099999999972
76 76 (0) 4 : 0.00000000099999999971 0.00000000099999999971 0.99999999200000000421 0.00000000099999999971 0.00000000099999999971 0.00000000099999999971 0.00000000099999999971 0.00000000099999999971 0.00000000099999999971
77 77 (0) 4 : 0.00000000099999999974 0.00000000099999999974 0.48947348901004300581 0.26654692167326221597 0.00000000099999999974 0.00000000099999999974 0.00000000099999999974 0.24397958331669492016 0.00000000099999999974
78 78 (0) 4 : 0.00000000099999999969 0.00000000099999999969 0.99999999200000000421 0.00000000099999999969 0.00000000099999999969 0.00000000099999999969 0.00000000099999999969 0.00000000099999999969 0.00000000099999999969
79 79 (0) 3 : 0.00000000099999999959 0.00000000099999999959 0.00000000099999999959 0.99999999200000000421 0.00000000099999999959 0.00000000099999999959 0.00000000099999999959 0.00000000099999999959 0.00000000099999999959
80 80 (0) 3 : 0.00000000397319610262 0.53563525628113217714 0.00000000099999999980 0.00000000099999999980 0.46436473374567188710 0.00000000099999999980 0.00000000099999999980 0.00000000099999999980 0.00000000099999999980
81 81 (0) 3 : 0.21856853274990753477 0.23303992207880722121 0.00000000099999999991 0.00000000099999999991 0.17833888997498992257 0.37005265019629535184 0.00000000099999999991 0.00000000099999999991 0.00000000099999999991
82 82 (0) 3 : 0.00000000099999999964 0.00000000099999999964 0.00000000099999999964 0.00000000099999999964 0.99999999200000011523 0.00000000099999999964 0.00000000099999999964 0.00000000099999999964 0.00000000099999999964
83 83 (0) 3 : 0.00000000099999999974 0.00000000099999999974 0.99999999200000011523 0.00000000099999999974 0.00000000099999999974 0.00000000099999999974 0.00000000099999999974 0.00000000099999999974 0.00000000099999999974
84 84 (0) 3 : 0.00000000099999999944 0.00000000099999999944 0.00000000099999999944 0.00000000099999999944 0.00000000099999999944 0.00000000099999999944 0.00000000099999999944 0.99999999199999989319 0.00000000099999999944
85 85 (0) 3 : 0.00000000099999999958 0.99999999200000011523 0.00000000099999999958 0.00000000099999999958 0.00000000099999999958 0.00000000099999999958 0.00000000099999999958 0.00000000099999999958 0.00000000099999999958
86 86 (0) 3 : 0.99999999200000011523 0.00000000099999999965 0.00000000099999999965 0.00000000099999999965 0.00000000099999999965 0.00000000099999999965 0.00000000099999999965 0.00000000099999999965 0.00000000099999999965
87 87 (0) 3 : 0.18668806529683984463 0.19233982483230724347 0.00000000099999999995 0.00000000099999999995 0.16406749321552291376 0.37370595716956955812 0.02044954245717350849 0.06274911402858689147 0.00000000099999999995
88 88 (0) 3 : 0.51492415168710314877 0.18439625473690046675 0.00000000099999999975 0.00000000099999999975 0.30067958757599644315 0.00000000099999999975 0.00000000099999999975 0.00000000099999999975 0.00000000099999999975
89 89 (0) 4 : 0.00000038899459121380 0.00000000253332516757 0.00000000099999999998 0.66778489858262080059 0.00000000099999999998 0.00000000099999999998 0.00000000099999999998 0.31977115259276112091 0.01244355329670182066
90 90 (0) 3 : 0.00000000099999999977 0.44818592882816654654 0.00000000099999999977 0.00000000099999999977 0.38516034295326179171 0.16665372221857158164 0.00000000099999999977 0.00000000099999999977 0.00000000099999999977
91 91 (0) 3 : 0.99999999200000011523 0.00000000099999999966 0.00000000099999999966 0.00000000099999999966 0.00000000099999999966 0.00000000099999999966 0.00000000099999999966 0.00000000099999999966 0.00000000099999999966
92 92 (0) 3 : 0.72778605861297929192 0.00000000099999999972 0.00000000099999999972 0.00000000099999999972 0.00000000099999999972 0.00000002414116434156 0.27221391124585658794 0.00000000099999999972 0.00000000099999999972
93 93 (0) 3 : 0.00000000099999999979 0.56130083686381793129 0.00000000099999999979 0.00000000099999999979 0.43869790386078433286 0.00000000099999999979 0.00000125327539791323 0.00000000099999999979 0.00000000099999999979
94 94 (0) 3 : 0.37865808394932071179 0.14401990219722071718 0.00000000099999999996 0.19534291463893985186 0.04639443681468184005 0.23558465839983705470 0.00000000099999999996 0.00000000099999999996 0.00000000099999999996
95 95 (0) 4 : 0.12147992881182338720 0.00000000099999999997 0.39559097820926053535 0.47342779434716436571 0.00000000099999999997 0.00000000099999999997 0.00000000099999999997 0.00000000099999999997 0.00950129363175163805
96 96 (0) 4 : 0.00000000099999999974 0.00000000099999999974 0.69406958749512437379 0.30593039684257772315 0.00000000099999999974 0.00000000099999999974 0.00000000099999999974 0.00000000966229801563 0.00000000099999999974
97 97 (0) 4 : 0.00000000099999999989 0.00000000099999999989 0.75503026495716907274 0.24496972804283104197 0.00000000099999999989 0.00000000099999999989 0.00000000099999999989 0.00000000099999999989 0.00000000099999999989
98 98 (0) 4 : 0.00000000099999999997 0.03090475021552547413 0.29511672673291028390 0.36504749398864505538 0.00000000099999999997 0.00000000099999999997 0.00000000099999999997 0.25461019163567505386 0.05432083342724425279
99 99 (0) 4 : 0.00000000099999999989 0.00000000099999999989 0.30384527009442363621 0.44475993953525178037 0.00000000099999999989 0.00000000099999999989 0.00000000099999999989 0.21435526572598764816 0.03703951964433703503
100 100 (0) 4 : 0.00000000099999999971 0.00000000099999999971 0.30612451071459428897 0.34097332400531737973 0.00000000099999999971 0.00000000099999999971 0.00000000099999999971 0.35290215928008850099 0.00000000099999999971
101 101 (0) 4 : 0.00000000099999999966 0.00000000099999999966 0.00000000099999999966 0.99999999200000000421 0.00000000099999999966 0.00000000099999999966 0.00000000099999999966 0.00000000099999999966 0.00000000099999999966
102 102 (0) 4 : 0.00000000099999999965 0.00000000099999999965 0.99999999200000000421 0.00000000099999999965 0.00000000099999999965 0.00000000099999999965 0.00000000099999999965 0.00000000099999999965 0.00000000099999999965
103 103 (0) 4 : 0.00000000099999999950 0.00000000099999999950 0.00000000099999999950 0.00000000099999999950 0.00000000099999999950 0.00000000099999999950 0.00000000099999999950 0.00000000099999999950 0.99999999199999989319
104 104 (0) 4 : 0.00000000099999999995 0.00000000099999999995 0.63636853589022313038 0.30102139165667834986 0.00000000099999999995 0.00000000099999999995 0.00000000099999999995 0.00000000099999999995 0.06261006645309864782
105 105 (0) 4 : 0.00000000099999999988 0.00000000099999999988 0.98619119900772267417 0.00000000099999999988 0.00000000099999999988 0.00000000099999999988 0.00000000099999999988 0.00000000099999999988 0.01380879399227745268
106 106 (0) 4 : 0.00000000099999999994 0.00000000099999999994 0.00000000099999999994 0.99999999200000011523 0.00000000099999999994 0.00000000099999999994 0.00000000099999999994 0.00000000099999999994 0.00000000099999999994
107 107 (0) 4 : 0.00000000099999999995 0.00000000099999999995 0.63298338809103882330 0.00028830410866169582 0.00000000099999999995 0.00000000099999999995 0.00000000099999999995 0.29157827196909474887 0.07515003083120477823
108 108 (0) 4 : 0.00000000099999999945 0.00000000099999999945 0.00000000099999999945 0.00000000099999999945 0.00000000099999999945 0.00000000099999999945 0.00000000099999999945 0.99999999200000000421 0.00000000099999999945
109 109 (0) 4 : 0.00000000099999999966 0.00000000099999999966 0.00000000099999999966 0.99999999200000000421 0.00000000099999999966 0.00000000099999999966 0.00000000099999999966 0.00000000099999999966 0.00000000099999999966
110 110 (0) 4 : 0.00000000099999999986 0.00000000099999999986 0.43526288725834810789 0.17666646916121572786 0.00000000099999999986 0.00000000099999999986 0.00000000099999999986 0.28495144717531761813 0.10311919140511852100
111 111 (0) 4 : 0.00000000099999999953 0.00000000099999999953 0.00000000099999999953 0.00000000099999999953 0.00000000099999999953 0.00000000099999999953 0.00000000099999999953 0.00000000099999999953 0.99999999199999989319
112 112 (0) 4 : 0.00000000099999999972 0.00000000099999999972 0.00000000099999999972 0.00000000099999999972 0.00000000099999999972 0.00000000099999999972 0.00000000099999999972 0.00000000099999999972 0.99999999200000000421
113 113 (0) 4 : 0.28784924195276001546 0.42781372429289699078 0.00000000099999999978 0.00000000099999999978 0.19022655657513820593 0.08593770467155746606 0.00817276850764738806 0.00000000099999999978 0.00000000099999999978
114 114 (0) 4 : 0.00000000099999999994 0.00000000099999999994 0.64476017426211829076 0.35523972076386750585 0.00000000099999999994 0.00000000099999999994 0.00000000099999999994 0.00000000099999999994 0.00000009897401422886
115 115 (0) 4 : 0.00000000099999999973 0.00000000099999999973 0.73876837590571653447 0.26123161709428355248 0.00000000099999999973 0.00000000099999999973 0.00000000099999999973 0.00000000099999999973 0.00000000099999999973
116 116 (0) 4 : 0.00000000099999999981 0.00000000099999999981 0.44940065604111195663 0.32870591188762393609 0.00000000099999999981 0.00000000099999999981 0.00000000099999999981 0.22189342607126411044 0.00000000099999999981
