1 1 (0) 1 : 0.35955454347860243969 0.25488528691632361678 0.38556016960507388802
2 2 (0) 1 : 0.05132058806931541484 0.48502053189730637284 0.46365888003337812906
3 3 (0) 1 : 0.07754277483205254673 0.46955566425242423190 0.45290156091552336015
4 4 (0) 1 : 0.08274024517529031397 0.42056357290379620117 0.49669618192091352649
5 5 (0) 1 : 0.26296068741257805357 0.40531564000282122029 0.33172367258460078165
6 6 (0) 1 : 0.01883759323631239296 0.45123223461650419086 0.52993017214718340924
7 7 (0) 1 : 0.37495356297422183234 0.62504643602577825146 0.00000000100000000000
8 8 (0) 1 : 0.13581625633942528975 0.53745242252457192667 0.32673132113600278359
9 9 (0) 1 : 0.67253008301138827996 0.32746991598861180384 0.00000000100000000000
10 10 (0) 1 : 0.48614302908823220362 0.00037364026394564584 0.51348333064782225588
11 11 (0) 1 : 0.99999999799999994554 0.00000000099999999998 0.00000000099999999998
12 12 (0) 1 : 0.53084178149181215911 0.44038894740296141705 0.02876927110522647241
13 13 (0) 2 : 0.43815825788637308147 0.23148494696372770574 0.33035679514989918504
14 14 (0) 2 : 0.99999999799999994554 0.00000000099999999997 0.00000000099999999997
15 15 (0) 2 : 0.99999999800000005656 0.00000000099999999999 0.00000000099999999999
16 16 (0) 2 : 0.99999999800000005656 0.00000000099999999999 0.00000000099999999999
17 17 (0) 2 : 0.52871121166024126481 0.47128878733975865245 0.00000000100000000000
18 18 (0) 2 : 0.99999999799999994554 0.00000000100000000000 0.00000000100000000000
19 19 (0) 2 : 0.97667761572478628551 0.02332238327521374624 0.00000000100000000000
20 20 (0) 2 : 0.28302822278867639794 0.39740200726766905515 0.31956976994365454692
21 21 (0) 2 : 0.00000000118070400058 0.93112599033920184777 0.06887400848009403442
22 22 (0) 2 : 0.51970886881384659173 0.17568959994466271102 0.30460153124149069725
23 23 (0) 2 : 0.64224604390687900501 0.35775315959665371368 0.00000079649646728145
24 24 (0) 2 : 0.07150015374144334801 0.49467384770820177486 0.43382599855035491876
25 25 (0) 2 : 0.44436545694958834440 0.22569693117025449447 0.32993761188015713337
26 26 (0) 2 : 0.31879197941312148457 0.00000000100000000000 0.68120801958687848821
27 27 (0) 2 : 0.20336635715398862501 0.21134920075763000136 0.58528444208838148466
28 28 (0) 2 : 0.82599776060606944217 0.17400223839393050285 0.00000000100000000000
29 29 (0) 2 : 0.04424163319841724340 0.95575836580158268774 0.00000000100000000000
30 30 (0) 2 : 0.57922318860544208530 0.22180966406913754652 0.19896714732542031268
31 31 (0) 2 : 0.33533413266103334616 0.43615945598591515653 0.22850641135305158058
32 32 (0) 2 : 0.33147206769659881553 0.00000000100000000000 0.66852793130340115724
33 33 (0) 2 : 0.99999999799999994554 0.00000000099999999997 0.00000000099999999997
34 34 (0) 3 : 0.03162093378800037019 0.55081577027539352365 0.41756329593660618249
35 35 (0) 3 : 0.00000000099999999998 0.99999999799999994554 0.00000000099999999998
36 36 (0) 3 : 0.09395250111805752979 0.41509423910698894922 0.49095325977495363201
37 37 (0) 3 : 0.10606459988717238663 0.55848707621226900688 0.33544832390055873139
38 38 (0) 3 : 0.02003040220310886577 0.00000000100000000000 0.97996959679689110700
39 39 (0) 3 : 0.07040893746563664513 0.26991974951269270822 0.65967131302167059115
40 40 (0) 3 : 0.03922536125274905111 0.29349923227075525034 0.66727540647649574712
41 41 (0) 3 : 0.17657171902191001744 0.41827711818046819925 0.40515116279762175555
42 42 (0) 3 : 0.28277723063097948142 0.53445747220242201259 0.18276529716659850600
43 43 (0) 3 : 0.05035102826368054868 0.35301652678952022413 0.59663244494679923413
44 44 (0) 3 : 0.12590499156636861255 0.56424993098545350723 0.30984507744817796349
45 45 (0) 3 : 0.00000000099999999998 0.63010119735359815252 0.36989880164640187576
46 46 (0) 3 : 0.07003522669181920512 0.00000000100000000000 0.92996477230818075377
47 47 (0) 3 : 0.25537932837584054191 0.41354862375172318778 0.33107204787243621480
48 48 (0) 3 : 0.00000000099999999998 0.99999999800000005656 0.00000000099999999998
49 49 (0) 3 : 0.00000000099999999999 0.62368784709763958052 0.37631215190236044776
50 50 (0) 3 : 0.06742108407567727613 0.42210793416968428460 0.51047098175463856418
51 51 (0) 3 : 0.06705356989761177000 0.21213062330354878759 0.72081580679883938689
52 52 (0) 3 : 0.35241487746730076891 0.20359537808946634452 0.44398974444323285882
53 53 (0) 3 : 0.13987761737293610831 0.85944171083713727377 0.00068067178992657173
54 54 (0) 3 : 0.11420654325713465449 0.00000000099999999999 0.88579345574286538767
55 55 (0) 3 : 0.15612668458023690188 0.48830543172768958726 0.35556788369207348310
56 56 (0) 3 : 0.00000000100000000000 0.22384341529533105519 0.77615658370466888982
57 57 (0) 3 : 0.01129794357782316558 0.63921751287362138516 0.34948454354855545967
58 58 (0) 3 : 0.00000000100000000000 0.29705642667538845192 0.70294357232461157636
59 59 (0) 3 : 0.14583524524070273776 0.18424365810641599173 0.66992109665288124276
60 60 (0) 4 : 0.64503780203243554769 0.00000000100000000000 0.35496219696756436957
61 61 (0) 4 : 0.66204000485626546268 0.33795999414373439906 0.00000000099999999999
62 62 (0) 4 : 0.23616411678662635465 0.43328809325093170512 0.33054778996244188471
63 63 (0) 4 : 0.11464212317327551749 0.50510513876350515705 0.38025273806321929770
64 64 (0) 4 : 0.19165654200357412629 0.14074460294362550750 0.66759885505280047724
65 65 (0) 4 : 0.12561550522965192478 0.40528200590684787530 0.46910248886350025543
66 66 (0) 4 : 0.06966036562939019461 0.53109282939445923155 0.39924680497615050445
67 67 (0) 4 : 0.31849897866828014159 0.22251688896296134557 0.45898413236875845733
68 68 (0) 4 : 0.15563177270738642877 0.32410590654348642170 0.52026232074912726056
69 69 (0) 4 : 0.04438185932155053887 0.58364198533800859536 0.37197615534044092822
70 70 (0) 4 : 0.60924057309674095606 0.17730554156850436565 0.21345388533475484483
71 71 (0) 4 : 0.02705555029421745361 0.32099191072984739614 0.65195253897593496983
72 72 (0) 4 : 0.60491723006502551296 0.38936355138126027553 0.00571921855371426268
73 73 (0) 4 : 0.04380543686117831237 0.58445286307435162509 0.37174170006447004866
74 74 (0) 4 : 0.00000000100000000000 0.99999999800000005656 0.00000000100000000000
75 75 (0) 4 : 0.00000000099999999998 0.99999999799999994554 0.00000000099999999998
76 76 (0) 4 : 0.00000000099999999999 0.99999999799999994554 0.00000000099999999999
77 77 (0) 4 : 0.10349586668190631500 0.44303703609039674083 0.45346709722769701356
78 78 (0) 4 : 0.07993704012549193716 0.37921503652999416500 0.54084792334451392559
79 79 (0) 4 : 0.00000000099999999999 0.55640351112931862865 0.44359648787068145515
80 80 (0) 4 : 0.04613441632183683944 0.35597071093496424066 0.59789487274319896848
81 81 (0) 4 : 0.65759128075332506924 0.18760285979848331794 0.15480585944819158506
82 82 (0) 4 : 0.11497185827258588064 0.43157698896592794346 0.45345115276148628691
83 83 (0) 4 : 0.00000079826667028304 0.53726550793420346785 0.46273369379912626664
84 84 (0) 4 : 0.15429992344989348907 0.35134399616302131042 0.49435608038708528378
85 85 (0) 4 : 0.63109313478242179407 0.00000000100000000000 0.36890686421757817870
86 86 (0) 5 : 0.12964179954208523982 0.00000000099999999999 0.87035819945791481622
87 87 (0) 5 : 0.14753181108236243513 0.48107106344647376783 0.37139712547116382479
88 88 (0) 5 : 0.17218726033393189079 0.22798912126607825956 0.59982361839998987740
89 89 (0) 5 : 0.05237452341588180738 0.48726653412311188296 0.46035894246100633742
90 90 (0) 5 : 0.10188993968437320969 0.36379984213581112451 0.53431021817981572131
91 91 (0) 5 : 0.13982763705901993245 0.05627826229942816533 0.80389410064155197855
92 92 (0) 5 : 0.01765230506223829446 0.47729957130387712372 0.50504812363388462693
93 93 (0) 5 : 0.00000645254161128390 0.36550559118575320916 0.63448795627263554486
94 94 (0) 5 : 0.09140180623667447379 0.34904527081993014237 0.55955292294339542547
95 95 (0) 5 : 0.57937240355825492255 0.00000000100000000000 0.42062759544174510573
96 96 (0) 5 : 0.00000000099999999999 0.00000000099999999999 0.99999999799999994554
97 97 (0) 5 : 0.28627550145250291180 0.33023858706695741194 0.38348591148053967625
98 98 (0) 5 : 0.21523845574271063819 0.32970162719858808753 0.45505991705870135755
99 99 (0) 5 : 0.02304767137405453262 0.49194645693363814321 0.48500587169230735540
100 100 (0) 5 : 0.10098807497795889154 0.42524133146618953161 0.47377059355585154909
101 101 (0) 5 : 0.01312321879610513914 0.34011648873801325621 0.64676029246588162547
102 102 (0) 5 : 0.00000000100000000000 0.54709887831516523793 0.45290112068483484586
103 103 (0) 5 : 0.03385025777077383530 0.27063728951444115944 0.69551245271478501220
104 104 (0) 5 : 0.25782822746954603410 0.29216889816472629837 0.45000287436572755650
105 105 (0) 5 : 0.00000000100000000000 0.21342124438363399563 0.78657875461636594938
106 106 (0) 5 : 0.15635364518738609219 0.84364635381261399161 0.00000000100000000000
107 107 (0) 5 : 0.11493062920855025288 0.24544767740023987201 0.63962169339120988898
108 108 (0) 5 : 0.20890172299844111947 0.52166295779188187609 0.26943531920967700444
109 109 (0) 5 : 0.34011299051955168338 0.34313875701902457616 0.31674825246142379598
110 110 (0) 5 : 0.21669961336615795044 0.52830139196486336495 0.25499899466897868461
111 111 (0) 5 : 0.00000000099999999999 0.57257737700832467276 0.42742262199167530001
112 112 (0) 5 : 0.00000000099999999998 0.99999977458763633642 0.00000022441236371632
113 113 (0) 4 : 0.00000000100000000000 0.99999994237691147703 0.00000005662308851397
114 114 (0) 6 : 0.16423810678336348001 0.38261538962920460527 0.45314650358743185921
115 115 (0) 6 : 0.35918044694420053764 0.25090886737269718632 0.38991068568310233156
116 116 (0) 6 : 0.57686440677302242008 0.14412235878619067408 0.27901323444078685032
117 117 (0) 6 : 0.72738797550370160039 0.27261202349629826136 0.00000000100000000000
118 118 (0) 6 : 0.46166802715859317496 0.17564202018578026210 0.36268995265562659069
119 119 (0) 6 : 0.88534122798695058520 0.11465877101304937369 0.00000000099999999999
120 120 (0) 6 : 0.00000000099999999999 0.53882023248822630279 0.46117976651177372549
121 121 (0) 6 : 0.18830690724987203533 0.43569924374046720139 0.37599384900966065226
122 122 (0) 6 : 0.00000000099999999999 0.99999999799999994554 0.00000000099999999999
123 123 (0) 6 : 0.40237053179858761620 0.50070967676297861715 0.09691979143843379441
124 124 (0) 6 : 0.02487418522191317538 0.47974263766485247817 0.49538317711323437420
125 125 (0) 6 : 0.14760704017074954830 0.49367604480375898435 0.35871691502549141184
126 126 (0) 6 : 0.04394372932532103482 0.95605626967467893795 0.00000000100000000000
127 127 (0) 6 : 0.56281776698749430565 0.17909381353568071260 0.25808841947682492624
128 128 (0) 6 : 0.00000000100000000000 0.47322965619658852177 0.52677034280341139549
129 129 (0) 6 : 0.01080354052293753565 0.58436857751078119527 0.40482788196628127775
130 130 (0) 6 : 0.26445224475305345591 0.55923640469232360761 0.17631135055462279770
131 131 (0) 6 : 0.58602273376283364748 0.30748193862516448593 0.10649532761200196374
132 132 (0) 6 : 0.08570539325292286792 0.54334662230205110767 0.37094798444502591339
133 133 (0) 6 : 0.00000000100000000000 0.53085580912009799892 0.46914418987990208487
134 134 (0) 6 : 0.15914714214910258283 0.30415873155268419170 0.53669412629821322547
135 135 (0) 6 : 0.71901795716044913931 0.28082343639492135523 0.00015860644462951316
136 136 (0) 6 : 0.21552177332266039822 0.35403906708375931789 0.43043915959358036716
137 137 (0) 6 : 0.15504191302296072008 0.45941416255167877303 0.38554392442536050689
138 138 (0) 6 : 0.00000000099999999999 0.99999999800000005656 0.00000000099999999999
139 139 (0) 6 : 0.11619571581016557849 0.35451629529439410149 0.52928798889544037554
140 140 (0) 6 : 0.46293513938980213052 0.33459082125608091696 0.20247403935411692477
141 141 (0) 6 : 0.36778978048209959306 0.13126026234525778325 0.50094995717264256818
142 142 (0) 7 : 0.00000000099999999999 0.65923919761438765086 0.34076080138561237742
143 143 (0) 7 : 0.99999999799999994554 0.00000000100000000000 0.00000000100000000000
144 144 (0) 7 : 0.13451689792598117701 0.46911819220577394285 0.39636490986824490790
145 145 (0) 7 : 0.07544416794777737689 0.48801318237629220942 0.43654264967593053859
146 146 (0) 7 : 0.33686014887764803571 0.19246697622826780538 0.47067287489408421441
147 147 (0) 7 : 0.00000000099999999998 0.00000000099999999998 0.99999999799999994554
148 148 (0) 7 : 0.00000000100000000000 0.47899666732743789721 0.52100333167256207556
149 149 (0) 7 : 0.71662025849220101215 0.05556656495133694557 0.22781317655646210474
150 150 (0) 7 : 0.37340920492170037726 0.17986256204615219678 0.44672823303214748147
151 151 (0) 7 : 0.64500550896413633151 0.13529982419953925921 0.21969466683632443704
152 152 (0) 7 : 0.05196982946917461099 0.08653185063171546509 0.86149831989910985452
153 153 (0) 7 : 0.99999999800000005656 0.00000000099999999997 0.00000000099999999997
154 154 (0) 7 : 0.11976186459803857265 0.00000000100000000000 0.88023813440196141400
155 155 (0) 7 : 0.64162823183406136884 0.35837176716593854842 0.00000000100000000000
156 156 (0) 7 : 0.00000000099999999998 0.00000000099999999998 0.99999999800000005656
157 157 (0) 7 : 0.00000000099999999998 0.00000000099999999998 0.99999999799999994554
158 158 (0) 7 : 0.11987129605528848431 0.46456863108021412279 0.41556007286449742066
159 159 (0) 7 : 0.73572947131475840976 0.00279947172042091259 0.26147105696482059178
160 160 (0) 7 : 0.39959559883601220021 0.16976602150122385715 0.43063837966276385938
161 161 (0) 7 : 0.85652826263897563486 0.00000000100000000000 0.14347173636102447669
162 162 (0) 7 : 0.20457124333007722927 0.63562963340366263054 0.15979912326626005692
163 163 (0) 7 : 0.04068767629420697030 0.22957598100081116899 0.72973634270498188847
164 164 (0) 7 : 0.34440207895237273661 0.52300570217554132046 0.13259221887208597068
165 165 (0) 7 : 0.44212466595886124043 0.55787533304113867683 0.00000000099999999999
166 166 (0) 7 : 0.24647752562064600967 0.46411512086531697685 0.28940735351403695796
167 167 (0) 7 : 0.00000000099999999999 0.00000000099999999999 0.99999999799999994554
168 168 (0) 7 : 0.15661650038348645664 0.41361955181472476184 0.42976394780178883703
169 169 (0) 7 : 0.79269415716213564860 0.20721365825737966815 0.00009218458048458521
1 1 (0) 1 : 0.42992147118243734250 0.36287720197753137175 0.20720132684003123025
2 2 (0) 1 : 0.49328763609247072708 0.05118806441920807637 0.45552429948832112716
3 3 (0) 1 : 0.47081501621142818337 0.07833099072378568728 0.45085399306478607384
4 4 (0) 1 : 0.52397808629118092227 0.08530088927345907956 0.39072102443536010918
5 5 (0) 1 : 0.38165857800048252901 0.26631544958015723745 0.35202597241936023353
6 6 (0) 1 : 0.53931207068300313079 0.01787164883733280418 0.44281628047966409278
7 7 (0) 1 : 0.00000000100000000000 0.37038527549635641423 0.62961472350364366957
8 8 (0) 1 : 0.47650354893014706947 0.14257709163161649824 0.38091935943823646005
9 9 (0) 1 : 0.00000000100000000000 0.69706510579267488836 0.30293489320732519543
10 10 (0) 1 : 0.56905894541239165907 0.43094105358760820268 0.00000000100000000000
11 11 (0) 1 : 0.00000000099999999998 0.99999999800000005656 0.00000000099999999998
12 12 (0) 1 : 0.47223616694521647341 0.52697914013925162280 0.00078469291553195063
13 13 (0) 2 : 0.40609610191789785594 0.44474443403236119110 0.14915946404974092521
14 14 (0) 2 : 0.00000000099999999997 0.99999999799999994554 0.00000000099999999997
15 15 (0) 2 : 0.00000000099999999999 0.99999999800000005656 0.00000000099999999999
16 16 (0) 2 : 0.00000000099999999999 0.99999999799999994554 0.00000000099999999999
17 17 (0) 2 : 0.00000000100000000000 0.52810880305549434688 0.47189119594450573691
18 18 (0) 2 : 0.00000000100000000000 0.99999999799999994554 0.00000000100000000000
19 19 (0) 2 : 0.00000000100000000000 0.96290603832291687958 0.03709396067708322503
20 20 (0) 2 : 0.35222251665179665769 0.28347910779146695548 0.36429837555673644234
21 21 (0) 2 : 0.08693158432748400444 0.00000000100000000000 0.91306841467251598221
22 22 (0) 2 : 0.29265960229390158842 0.51759192413175481029 0.18974847357434371231
23 23 (0) 2 : 0.00000022325050805199 0.64703392561908723568 0.35296585113040473969
24 24 (0) 2 : 0.39264031394689913324 0.06598604771421234805 0.54137363833888851872
25 25 (0) 2 : 0.34416498189116701001 0.44434335461695317893 0.21149166349187989433
26 26 (0) 2 : 0.68052595688426764653 0.31947404211573243726 0.00000000100000000000
27 27 (0) 2 : 0.57796299954399665832 0.20607136616860480260 0.21596563428739851132
28 28 (0) 2 : 0.00000000100000000000 0.83958566502381637431 0.16041433397618357071
29 29 (0) 2 : 0.00000000100000000000 0.01453910656722290536 0.98546089243277701364
30 30 (0) 2 : 0.21104594311070709600 0.57619032771916245395 0.21276372917013050556
31 31 (0) 2 : 0.23761595652171840776 0.33423030098423078815 0.42815374249405074858
32 32 (0) 2 : 0.66513920085348943179 0.33486079814651065201 0.00000000100000000000
33 33 (0) 2 : 0.00000000099999999997 0.99999999800000005656 0.00000000099999999997
34 34 (0) 3 : 0.43147468914745124025 0.03178820661298087380 0.53673710423956788595
35 35 (0) 3 : 0.00000000099999999998 0.00000000099999999998 0.99999999799999994554
36 36 (0) 3 : 0.53795452859066694717 0.09411366337602128374 0.36793180803331176909
37 37 (0) 3 : 0.39016165081941128756 0.10953446161200944275 0.50030388756857935295
38 38 (0) 3 : 0.96531317661459725699 0.03468682238540270885 0.00000000100000000000
39 39 (0) 3 : 0.61382722056640681707 0.07210130993047959846 0.31407146950311365385
40 40 (0) 3 : 0.66231601139469242767 0.04143058744314538633 0.29625340116216225539
41 41 (0) 3 : 0.40734993316415790687 0.17281409555785121057 0.41983597127799099358
42 42 (0) 3 : 0.18154216386019239593 0.27930178418181261790 0.53915605195799498617
43 43 (0) 3 : 0.62500660628930471141 0.05298478127282230804 0.32200861243787304300
44 44 (0) 3 : 0.40417843821714383168 0.12822956722894587878 0.46759199455391037281
45 45 (0) 3 : 0.46697378013730761470 0.00000000099999999998 0.53302621886269241358
46 46 (0) 3 : 0.92379644156112450393 0.07620355743887546884 0.00000000100000000000
47 47 (0) 3 : 0.34027093731278662547 0.25488498334276588064 0.40484407934444754940
48 48 (0) 3 : 0.00000000099999999998 0.00000000099999999998 0.99999999800000005656
49 49 (0) 3 : 0.42729257293628342129 0.00000000099999999999 0.57270742606371649597
50 50 (0) 3 : 0.47869142900982208921 0.06595936305058149041 0.45534920793959637875
51 51 (0) 3 : 0.71802423489713640414 0.07220496664467389303 0.20977079845818966120
52 52 (0) 3 : 0.42995251542264850686 0.35060871652416003563 0.21943876805319148526
53 53 (0) 3 : 0.00000000100000000000 0.12403667493553205414 0.87596332406446797414
54 54 (0) 3 : 0.87391477505952352978 0.12608522394047638748 0.00000000099999999999
55 55 (0) 3 : 0.45719113430930369280 0.16113911610238185190 0.38166974958831456632
56 56 (0) 3 : 0.75290913079873278413 0.00000000100000000000 0.24709086820126729966
57 57 (0) 3 : 0.44548211731011438941 0.01793922793683523642 0.53657865475305044356
58 58 (0) 3 : 0.75734695376484306717 0.00000000100000000000 0.24265304523515690560
59 59 (0) 3 : 0.63902834129073637914 0.14904416986425869651 0.21192748884500506312
60 60 (0) 4 : 0.35181992837205311453 0.64818007062794669171 0.00000000100000000000
61 61 (0) 4 : 0.00000000099999999999 0.66190249472505480188 0.33809750427494539293
62 62 (0) 4 : 0.29470897835246256946 0.23127934827807186680 0.47401167336946570252
63 63 (0) 4 : 0.38873188333234837133 0.11391253207865673081 0.49735558458899498113
64 64 (0) 4 : 0.79689106774660389831 0.20290956354955105856 0.00019936870384500269
65 65 (0) 4 : 0.44401335333588570764 0.12798529962433308205 0.42800134703978121031
66 66 (0) 4 : 0.42268261795917388968 0.06909370809208029152 0.50822367394874579105
67 67 (0) 4 : 0.48056458483373054591 0.32041764804325789662 0.19901776712301161298
68 68 (0) 4 : 0.51317485033610177325 0.15798676999648675334 0.32883837966741152892
69 69 (0) 4 : 0.35697228460097041314 0.04013635127274484821 0.60289136412628474559
70 70 (0) 4 : 0.21415606933784894772 0.60776771707079690898 0.17807621359135414330
71 71 (0) 4 : 0.66655521947297957652 0.03172285205782479633 0.30172192846919571041
72 72 (0) 4 : 0.00000000100000000000 0.60095633141310711434 0.39904366758689291395
73 73 (0) 4 : 0.41176169677227258958 0.04232459886532555227 0.54591370436240183039
74 74 (0) 4 : 0.27660394408962191148 0.02651633274415479344 0.69687972316622326385
75 75 (0) 4 : 0.00000000099999999998 0.00000000099999999998 0.99999999799999994554
76 76 (0) 4 : 0.00000000099999999999 0.00000000099999999999 0.99999999799999994554
77 77 (0) 4 : 0.53971362544629464253 0.11072435802056063148 0.34956201653314478150
78 78 (0) 4 : 0.55842258013252943361 0.08133435388131313171 0.36024306598615746244
79 79 (0) 4 : 0.47988316642083733710 0.00000000099999999999 0.52011683257916274670
80 80 (0) 4 : 0.59194725502477241186 0.04828576745111237689 0.35976697752411518350
81 81 (0) 4 : 0.18661614389204392306 0.65564332687289250678 0.15774052923506337587
82 82 (0) 4 : 0.46061071235773642929 0.11786626191503804528 0.42152302572722538665
83 83 (0) 4 : 0.47374557818699719602 0.00000342060405269977 0.52625100120895007549
84 84 (0) 4 : 0.52636332022978948864 0.15759780509711543428 0.31603887467309516035
85 85 (0) 4 : 0.37062717310791898351 0.62937282589208087824 0.00000000100000000000
86 86 (0) 5 : 0.85948996708881852946 0.14051003191118149882 0.00000000100000000000
87 87 (0) 5 : 0.38934872861435965152 0.14815176056320925047 0.46249951082243118128
88 88 (0) 5 : 0.60045647234860888286 0.17230763394589967974 0.22723589370549143740
89 89 (0) 5 : 0.48871064342388437218 0.05429336643695072129 0.45699599013916497592
90 90 (0) 5 : 0.56830679603610811945 0.10644435861920699404 0.32524884534468490038
91 91 (0) 5 : 0.74400111584139438925 0.13194842912913321009 0.12405045502947245617
92 92 (0) 5 : 0.54305675813172982203 0.02023098918017004338 0.43671225268810009990
93 93 (0) 5 : 0.70650763457363674469 0.00000000100000000000 0.29349236442636328359
94 94 (0) 5 : 0.57611758100695509288 0.09413725223947137788 0.32974516675357357087
95 95 (0) 5 : 0.42394490378849425394 0.57605509521150577434 0.00000000100000000000
96 96 (0) 5 : 0.99999999799999994554 0.00000000099999999999 0.00000000099999999999
97 97 (0) 5 : 0.38258633972199218576 0.28689562114144934180 0.33051803913655841693
98 98 (0) 5 : 0.46518931450785572235 0.21519257409397007930 0.31961811139817403182
99 99 (0) 5 : 0.45838904343435232791 0.01642582933501394310 0.52518512723063359715
100 100 (0) 5 : 0.53965189141398239858 0.10606459373374471644 0.35428351485227299600
101 101 (0) 5 : 0.66597306741598438773 0.01753779330584693055 0.31648913927816868519
102 102 (0) 5 : 0.50252972964384967636 0.00000000100000000000 0.49747026935615024090
103 103 (0) 5 : 0.69017550426791951512 0.03739533948134066144 0.27242915625073993446
104 104 (0) 5 : 0.44757704477013765532 0.25639092377332833861 0.29603203145653400608
105 105 (0) 5 : 0.99999999799999994554 0.00000000099999999999 0.00000000099999999999
106 106 (0) 5 : 0.00000000100000000000 0.16569336232187123481 0.83430663667812887674
107 107 (0) 5 : 0.62086162810173062265 0.11686833328127325948 0.26227003861699615950
108 108 (0) 5 : 0.29533852899797746749 0.20879697774151684264 0.49586449326050580089
109 109 (0) 5 : 0.37557332616388072744 0.34274814716731188957 0.28167852666880732748
110 110 (0) 5 : 0.26911805104133407207 0.21462838538437789548 0.51625356357428808796
111 111 (0) 5 : 0.42075161081387396633 0.00000000099999999999 0.57924838818612600644
112 112 (0) 5 : 0.00000000099999999997 0.00000000099999999997 0.99999999799999994554
113 113 (0) 4 : 0.45052086452820638840 0.00000000100000000000 0.54947913447179352886
114 114 (0) 6 : 0.48662335206119045061 0.16532173799686938898 0.34805490994194004939
115 115 (0) 6 : 0.42985220091214970672 0.36416981845168533427 0.20597798063616495901
116 116 (0) 6 : 0.26160729955366957000 0.57408681078783563301 0.16430588965849482475
117 117 (0) 6 : 0.00000000100000000000 0.72867217267900197264 0.27132782632099811115
118 118 (0) 6 : 0.37077976251219790793 0.46090564180344617551 0.16831459568435586105
119 119 (0) 6 : 0.00000000099999999999 0.87794181038010232765 0.12205818861989775614
120 120 (0) 6 : 0.52079814958820080939 0.00000000099999999999 0.47920184941179927440
121 121 (0) 6 : 0.40601986090280750563 0.19043956477069004518 0.40354057432650236592
122 122 (0) 6 : 0.00000000099999999999 0.00000000099999999999 0.99999999799999994554
123 123 (0) 6 : 0.15012730464685372644 0.39972840874825937840 0.45014428660488686740
124 124 (0) 6 : 0.53711249799311389097 0.02803727151344231547 0.43485023049344384560
125 125 (0) 6 : 0.41465081268559861316 0.14764255673781764844 0.43770663057658365513
126 126 (0) 6 : 0.27666504780534423302 0.05675486893445147452 0.66658008326020423695
127 127 (0) 6 : 0.31110862021538499000 0.56793300239469846069 0.12095837738991664645
128 128 (0) 6 : 0.60049174752460221516 0.00000000100000000000 0.39950825147539770210
129 129 (0) 6 : 0.46060121683435045759 0.01643142881175195871 0.52296735435389762880
130 130 (0) 6 : 0.18673035699541565280 0.25952155191609993512 0.55374809108848432881
131 131 (0) 6 : 0.09389651295147771748 0.58216475882020912724 0.32393872822831326630
132 132 (0) 6 : 0.38124322521136777553 0.08432445502081052646 0.53443231976782168413
133 133 (0) 6 : 0.51806962079751261996 0.00000000100000000000 0.48193037820248740832
134 134 (0) 6 : 0.51495995362089563852 0.16127854361802843042 0.32376150276107601433
135 135 (0) 6 : 0.00000000100000000000 0.70818629045866599014 0.29181370854133409365
136 136 (0) 6 : 0.43710004080675479710 0.21621843917068667151 0.34668152002255864241
137 137 (0) 6 : 0.42251139905411549957 0.15608727720465639943 0.42140132374122801773
138 138 (0) 6 : 0.00000000099999999999 0.00000000099999999999 0.99999999799999994554
139 139 (0) 6 : 0.55468837467754150694 0.11846457159146688010 0.32684705373099176562
140 140 (0) 6 : 0.18436974202063383110 0.45999125865272222358 0.35563899932664411185
141 141 (0) 6 : 0.47555448681057971294 0.36738247167988757891 0.15706304150953270815
142 142 (0) 7 : 0.40077575515420515995 0.00000000099999999999 0.59922424384579486834
143 143 (0) 7 : 0.00000000100000000000 0.99999999800000005656 0.00000000100000000000
144 144 (0) 7 : 0.44605124613123686705 0.13804206051025527668 0.41590669335850788402
145 145 (0) 7 : 0.47948378158636589808 0.07924130687310557142 0.44127491154052861377
146 146 (0) 7 : 0.43545324451446348890 0.33535262704146873158 0.22919412844406780727
147 147 (0) 7 : 0.99999999800000005656 0.00000000099999999998 0.00000000099999999998
148 148 (0) 7 : 0.54987464293165067009 0.00000000100000000000 0.45012535606834935820
149 149 (0) 7 : 0.28129113357345403301 0.71870886542654588425 0.00000000100000000000
150 150 (0) 7 : 0.44003540413391417641 0.37322741992420738200 0.18673717594187849711
151 151 (0) 7 : 0.20279677385095895570 0.64338944336405956559 0.15381378278498145096
152 152 (0) 7 : 0.75117504056222472730 0.05351403594118658152 0.19531092349658857321
153 153 (0) 7 : 0.00000000099999999997 0.99999999800000005656 0.00000000099999999997
154 154 (0) 7 : 0.87508706577295103379 0.12233049085422453839 0.00258244337282439703
155 155 (0) 7 : 0.00000000100000000000 0.63395062482183572872 0.36604937417816441059
156 156 (0) 7 : 0.99999999800000005656 0.00000000099999999998 0.00000000099999999998
157 157 (0) 7 : 0.99999999799999994554 0.00000000099999999998 0.00000000099999999998
158 158 (0) 7 : 0.45292356918711790259 0.12098553353196338234 0.42609089728091881222
159 159 (0) 7 : 0.26315078860474439004 0.73684746849105864364 0.00000174290419689295
160 160 (0) 7 : 0.44867855879816254117 0.40050590255362017444 0.15081553864821722888
161 161 (0) 7 : 0.00000000100000000000 0.82648249869026946257 0.17351750030973064898
162 162 (0) 7 : 0.17902915906775132560 0.20248013700100009338 0.61849070393124860878
163 163 (0) 7 : 0.77266176117136331492 0.04863898693904011167 0.17869925188959659423
164 164 (0) 7 : 0.11928099952599582889 0.34279876539625259158 0.53792023507775166280
165 165 (0) 7 : 0.00000000099999999999 0.43964109772667414600 0.56035890127332577126
166 166 (0) 7 : 0.27423538416425835562 0.24399639266732478515 0.48176822316841677596
167 167 (0) 7 : 0.99999999799999994554 0.00000000099999999999 0.00000000099999999999
168 168 (0) 7 : 0.38250096599365340788 0.15167779316738622120 0.46582124083896037092
169 169 (0) 7 : 0.00000075564425319374 0.78603084643948373245 0.21396839791626318106
1 1 (0) 1 : 0.42992147118243734250 0.36287720197753137175 0.20720132684003123025
2 2 (0) 1 : 0.49328763609247072708 0.05118806441920807637 0.45552429948832112716
3 3 (0) 1 : 0.47081501621142818337 0.07833099072378568728 0.45085399306478607384
4 4 (0) 1 : 0.52397808629118092227 0.08530088927345907956 0.39072102443536010918
5 5 (0) 1 : 0.38165857800048252901 0.26631544958015723745 0.35202597241936023353
6 6 (0) 1 : 0.53931207068300313079 0.01787164883733280418 0.44281628047966409278
7 7 (0) 1 : 0.00000000100000000000 0.37038527549635641423 0.62961472350364366957
8 8 (0) 1 : 0.47650354893014706947 0.14257709163161649824 0.38091935943823646005
9 9 (0) 1 : 0.00000000100000000000 0.69706510579267488836 0.30293489320732519543
10 10 (0) 1 : 0.56905894541239165907 0.43094105358760820268 0.00000000100000000000
11 11 (0) 1 : 0.00000000099999999998 0.99999999800000005656 0.00000000099999999998
12 12 (0) 1 : 0.47223616694521647341 0.52697914013925162280 0.00078469291553195063
13 13 (0) 2 : 0.40609610191789785594 0.44474443403236119110 0.14915946404974092521
14 14 (0) 2 : 0.00000000099999999997 0.99999999799999994554 0.00000000099999999997
15 15 (0) 2 : 0.00000000099999999999 0.99999999800000005656 0.00000000099999999999
16 16 (0) 2 : 0.00000000099999999999 0.99999999799999994554 0.00000000099999999999
17 17 (0) 2 : 0.00000000100000000000 0.52810880305549434688 0.47189119594450573691
18 18 (0) 2 : 0.00000000100000000000 0.99999999799999994554 0.00000000100000000000
19 19 (0) 2 : 0.00000000100000000000 0.96290603832291687958 0.03709396067708322503
20 20 (0) 2 : 0.35222251665179665769 0.28347910779146695548 0.36429837555673644234
21 21 (0) 2 : 0.08693158432748400444 0.00000000100000000000 0.91306841467251598221
22 22 (0) 2 : 0.29265960229390158842 0.51759192413175481029 0.18974847357434371231
23 23 (0) 2 : 0.00000022325050805199 0.64703392561908723568 0.35296585113040473969
24 24 (0) 2 : 0.39264031394689913324 0.06598604771421234805 0.54137363833888851872
25 25 (0) 2 : 0.34416498189116701001 0.44434335461695317893 0.21149166349187989433
26 26 (0) 2 : 0.68052595688426764653 0.31947404211573243726 0.00000000100000000000
27 27 (0) 2 : 0.57796299954399665832 0.20607136616860480260 0.21596563428739851132
28 28 (0) 2 : 0.00000000100000000000 0.83958566502381637431 0.16041433397618357071
29 29 (0) 2 : 0.00000000100000000000 0.01453910656722290536 0.98546089243277701364
30 30 (0) 2 : 0.21104594311070709600 0.57619032771916245395 0.21276372917013050556
31 31 (0) 2 : 0.23761595652171840776 0.33423030098423078815 0.42815374249405074858
32 32 (0) 2 : 0.66513920085348943179 0.33486079814651065201 0.00000000100000000000
33 33 (0) 2 : 0.00000000099999999997 0.99999999800000005656 0.00000000099999999997
34 34 (0) 3 : 0.43147468914745124025 0.03178820661298087380 0.53673710423956788595
35 35 (0) 3 : 0.00000000099999999998 0.00000000099999999998 0.99999999799999994554
36 36 (0) 3 : 0.53795452859066694717 0.09411366337602128374 0.36793180803331176909
37 37 (0) 3 : 0.39016165081941128756 0.10953446161200944275 0.50030388756857935295
38 38 (0) 3 : 0.96531317661459725699 0.03468682238540270885 0.00000000100000000000
39 39 (0) 3 : 0.61382722056640681707 0.07210130993047959846 0.31407146950311365385
40 40 (0) 3 : 0.66231601139469242767 0.04143058744314538633 0.29625340116216225539
41 41 (0) 3 : 0.40734993316415790687 0.17281409555785121057 0.41983597127799099358
42 42 (0) 3 : 0.18154216386019239593 0.27930178418181261790 0.53915605195799498617
43 43 (0) 3 : 0.62500660628930471141 0.05298478127282230804 0.32200861243787304300
44 44 (0) 3 : 0.40417843821714383168 0.12822956722894587878 0.46759199455391037281
45 45 (0) 3 : 0.46697378013730761470 0.00000000099999999998 0.53302621886269241358
46 46 (0) 3 : 0.92379644156112450393 0.07620355743887546884 0.00000000100000000000
47 47 (0) 3 : 0.34027093731278662547 0.25488498334276588064 0.40484407934444754940
48 48 (0) 3 : 0.00000000099999999998 0.00000000099999999998 0.99999999800000005656
49 49 (0) 3 : 0.42729257293628342129 0.00000000099999999999 0.57270742606371649597
50 50 (0) 3 : 0.47869142900982208921 0.06595936305058149041 0.45534920793959637875
51 51 (0) 3 : 0.71802423489713640414 0.07220496664467389303 0.20977079845818966120
52 52 (0) 3 : 0.42995251542264850686 0.35060871652416003563 0.21943876805319148526
53 53 (0) 3 : 0.00000000100000000000 0.12403667493553205414 0.87596332406446797414
54 54 (0) 3 : 0.87391477505952352978 0.12608522394047638748 0.00000000099999999999
55 55 (0) 3 : 0.45719113430930369280 0.16113911610238185190 0.38166974958831456632
56 56 (0) 3 : 0.75290913079873278413 0.00000000100000000000 0.24709086820126729966
57 57 (0) 3 : 0.44548211731011438941 0.01793922793683523642 0.53657865475305044356
58 58 (0) 3 : 0.75734695376484306717 0.00000000100000000000 0.24265304523515690560
59 59 (0) 3 : 0.63902834129073637914 0.14904416986425869651 0.21192748884500506312
60 60 (0) 4 : 0.35181992837205311453 0.64818007062794669171 0.00000000100000000000
61 61 (0) 4 : 0.00000000099999999999 0.66190249472505480188 0.33809750427494539293
62 62 (0) 4 : 0.29470897835246256946 0.23127934827807186680 0.47401167336946570252
63 63 (0) 4 : 0.38873188333234837133 0.11391253207865673081 0.49735558458899498113
64 64 (0) 4 : 0.79689106774660389831 0.20290956354955105856 0.00019936870384500269
65 65 (0) 4 : 0.44401335333588570764 0.12798529962433308205 0.42800134703978121031
66 66 (0) 4 : 0.42268261795917388968 0.06909370809208029152 0.50822367394874579105
67 67 (0) 4 : 0.48056458483373054591 0.32041764804325789662 0.19901776712301161298
68 68 (0) 4 : 0.51317485033610177325 0.15798676999648675334 0.32883837966741152892
69 69 (0) 4 : 0.35697228460097041314 0.04013635127274484821 0.60289136412628474559
70 70 (0) 4 : 0.21415606933784894772 0.60776771707079690898 0.17807621359135414330
71 71 (0) 4 : 0.66655521947297957652 0.03172285205782479633 0.30172192846919571041
72 72 (0) 4 : 0.00000000100000000000 0.60095633141310711434 0.39904366758689291395
73 73 (0) 4 : 0.41176169677227258958 0.04232459886532555227 0.54591370436240183039
74 74 (0) 4 : 0.27660394408962191148 0.02651633274415479344 0.69687972316622326385
75 75 (0) 4 : 0.00000000099999999998 0.00000000099999999998 0.99999999799999994554
76 76 (0) 4 : 0.00000000099999999999 0.00000000099999999999 0.99999999799999994554
77 77 (0) 4 : 0.53971362544629464253 0.11072435802056063148 0.34956201653314478150
78 78 (0) 4 : 0.55842258013252943361 0.08133435388131313171 0.36024306598615746244
79 79 (0) 4 : 0.47988316642083733710 0.00000000099999999999 0.52011683257916274670
80 80 (0) 4 : 0.59194725502477241186 0.04828576745111237689 0.35976697752411518350
81 81 (0) 4 : 0.18661614389204392306 0.65564332687289250678 0.15774052923506337587
82 82 (0) 4 : 0.46061071235773642929 0.11786626191503804528 0.42152302572722538665
83 83 (0) 4 : 0.47374557818699719602 0.00000342060405269977 0.52625100120895007549
84 84 (0) 4 : 0.52636332022978948864 0.15759780509711543428 0.31603887467309516035
85 85 (0) 4 : 0.37062717310791898351 0.62937282589208087824 0.00000000100000000000
86 86 (0) 5 : 0.85948996708881852946 0.14051003191118149882 0.00000000100000000000
87 87 (0) 5 : 0.38934872861435965152 0.14815176056320925047 0.46249951082243118128
88 88 (0) 5 : 0.60045647234860888286 0.17230763394589967974 0.22723589370549143740
89 89 (0) 5 : 0.48871064342388437218 0.05429336643695072129 0.45699599013916497592
90 90 (0) 5 : 0.56830679603610811945 0.10644435861920699404 0.32524884534468490038
91 91 (0) 5 : 0.74400111584139438925 0.13194842912913321009 0.12405045502947245617
92 92 (0) 5 : 0.54305675813172982203 0.02023098918017004338 0.43671225268810009990
93 93 (0) 5 : 0.70650763457363674469 0.00000000100000000000 0.29349236442636328359
94 94 (0) 5 : 0.57611758100695509288 0.09413725223947137788 0.32974516675357357087
95 95 (0) 5 : 0.42394490378849425394 0.57605509521150577434 0.00000000100000000000
96 96 (0) 5 : 0.99999999799999994554 0.00000000099999999999 0.00000000099999999999
97 97 (0) 5 : 0.38258633972199218576 0.28689562114144934180 0.33051803913655841693
98 98 (0) 5 : 0.46518931450785572235 0.21519257409397007930 0.31961811139817403182
99 99 (0) 5 : 0.45838904343435232791 0.01642582933501394310 0.52518512723063359715
100 100 (0) 5 : 0.53965189141398239858 0.10606459373374471644 0.35428351485227299600
101 101 (0) 5 : 0.66597306741598438773 0.01753779330584693055 0.31648913927816868519
102 102 (0) 5 : 0.50252972964384967636 0.00000000100000000000 0.49747026935615024090
103 103 (0) 5 : 0.69017550426791951512 0.03739533948134066144 0.27242915625073993446
104 104 (0) 5 : 0.44757704477013765532 0.25639092377332833861 0.29603203145653400608
105 105 (0) 5 : 0.99999999799999994554 0.00000000099999999999 0.00000000099999999999
106 106 (0) 5 : 0.00000000100000000000 0.16569336232187123481 0.83430663667812887674
107 107 (0) 5 : 0.62086162810173062265 0.11686833328127325948 0.26227003861699615950
108 108 (0) 5 : 0.29533852899797746749 0.20879697774151684264 0.49586449326050580089
109 109 (0) 5 : 0.37557332616388072744 0.34274814716731188957 0.28167852666880732748
110 110 (0) 5 : 0.26911805104133407207 0.21462838538437789548 0.51625356357428808796
111 111 (0) 5 : 0.42075161081387396633 0.00000000099999999999 0.57924838818612600644
112 112 (0) 5 : 0.00000000099999999997 0.00000000099999999997 0.99999999799999994554
113 113 (0) 4 : 0.45052086452820638840 0.00000000100000000000 0.54947913447179352886
114 114 (0) 6 : 0.48662335206119045061 0.16532173799686938898 0.34805490994194004939
115 115 (0) 6 : 0.42985220091214970672 0.36416981845168533427 0.20597798063616495901
116 116 (0) 6 : 0.26160729955366957000 0.57408681078783563301 0.16430588965849482475
117 117 (0) 6 : 0.00000000100000000000 0.72867217267900197264 0.27132782632099811115
118 118 (0) 6 : 0.37077976251219790793 0.46090564180344617551 0.16831459568435586105
119 119 (0) 6 : 0.00000000099999999999 0.87794181038010232765 0.12205818861989775614
120 120 (0) 6 : 0.52079814958820080939 0.00000000099999999999 0.47920184941179927440
121 121 (0) 6 : 0.40601986090280750563 0.19043956477069004518 0.40354057432650236592
122 122 (0) 6 : 0.00000000099999999999 0.00000000099999999999 0.99999999799999994554
123 123 (0) 6 : 0.15012730464685372644 0.39972840874825937840 0.45014428660488686740
124 124 (0) 6 : 0.53711249799311389097 0.02803727151344231547 0.43485023049344384560
125 125 (0) 6 : 0.41465081268559861316 0.14764255673781764844 0.43770663057658365513
126 126 (0) 6 : 0.27666504780534423302 0.05675486893445147452 0.66658008326020423695
127 127 (0) 6 : 0.31110862021538499000 0.56793300239469846069 0.12095837738991664645
128 128 (0) 6 : 0.60049174752460221516 0.00000000100000000000 0.39950825147539770210
129 129 (0) 6 : 0.46060121683435045759 0.01643142881175195871 0.52296735435389762880
130 130 (0) 6 : 0.18673035699541565280 0.25952155191609993512 0.55374809108848432881
131 131 (0) 6 : 0.09389651295147771748 0.58216475882020912724 0.32393872822831326630
132 132 (0) 6 : 0.38124322521136777553 0.08432445502081052646 0.53443231976782168413
133 133 (0) 6 : 0.51806962079751261996 0.00000000100000000000 0.48193037820248740832
134 134 (0) 6 : 0.51495995362089563852 0.16127854361802843042 0.32376150276107601433
135 135 (0) 6 : 0.00000000100000000000 0.70818629045866599014 0.29181370854133409365
136 136 (0) 6 : 0.43710004080675479710 0.21621843917068667151 0.34668152002255864241
137 137 (0) 6 : 0.42251139905411549957 0.15608727720465639943 0.42140132374122801773
138 138 (0) 6 : 0.00000000099999999999 0.00000000099999999999 0.99999999799999994554
139 139 (0) 6 : 0.55468837467754150694 0.11846457159146688010 0.32684705373099176562
140 140 (0) 6 : 0.18436974202063383110 0.45999125865272222358 0.35563899932664411185
141 141 (0) 6 : 0.47555448681057971294 0.36738247167988757891 0.15706304150953270815
142 142 (0) 7 : 0.40077575515420515995 0.00000000099999999999 0.59922424384579486834
143 143 (0) 7 : 0.00000000100000000000 0.99999999800000005656 0.00000000100000000000
144 144 (0) 7 : 0.44605124613123686705 0.13804206051025527668 0.41590669335850788402
145 145 (0) 7 : 0.47948378158636589808 0.07924130687310557142 0.44127491154052861377
146 146 (0) 7 : 0.43545324451446348890 0.33535262704146873158 0.22919412844406780727
147 147 (0) 7 : 0.99999999800000005656 0.00000000099999999998 0.00000000099999999998
148 148 (0) 7 : 0.54987464293165067009 0.00000000100000000000 0.45012535606834935820
149 149 (0) 7 : 0.28129113357345403301 0.71870886542654588425 0.00000000100000000000
150 150 (0) 7 : 0.44003540413391417641 0.37322741992420738200 0.18673717594187849711
151 151 (0) 7 : 0.20279677385095895570 0.64338944336405956559 0.15381378278498145096
152 152 (0) 7 : 0.75117504056222472730 0.05351403594118658152 0.19531092349658857321
153 153 (0) 7 : 0.00000000099999999997 0.99999999800000005656 0.00000000099999999997
154 154 (0) 7 : 0.87508706577295103379 0.12233049085422453839 0.00258244337282439703
155 155 (0) 7 : 0.00000000100000000000 0.63395062482183572872 0.36604937417816441059
156 156 (0) 7 : 0.99999999800000005656 0.00000000099999999998 0.00000000099999999998
157 157 (0) 7 : 0.99999999799999994554 0.00000000099999999998 0.00000000099999999998
158 158 (0) 7 : 0.45292356918711790259 0.12098553353196338234 0.42609089728091881222
159 159 (0) 7 : 0.26315078860474439004 0.73684746849105864364 0.00000174290419689295
160 160 (0) 7 : 0.44867855879816254117 0.40050590255362017444 0.15081553864821722888
161 161 (0) 7 : 0.00000000100000000000 0.82648249869026946257 0.17351750030973064898
162 162 (0) 7 : 0.17902915906775132560 0.20248013700100009338 0.61849070393124860878
163 163 (0) 7 : 0.77266176117136331492 0.04863898693904011167 0.17869925188959659423
164 164 (0) 7 : 0.11928099952599582889 0.34279876539625259158 0.53792023507775166280
165 165 (0) 7 : 0.00000000099999999999 0.43964109772667414600 0.56035890127332577126
166 166 (0) 7 : 0.27423538416425835562 0.24399639266732478515 0.48176822316841677596
167 167 (0) 7 : 0.99999999799999994554 0.00000000099999999999 0.00000000099999999999
168 168 (0) 7 : 0.38250096599365340788 0.15167779316738622120 0.46582124083896037092
169 169 (0) 7 : 0.00000075564425319374 0.78603084643948373245 0.21396839791626318106
1 1 (0) 1 : 0.34386465552775685728 0.30788382862333624201 0.34825151584890695622
2 2 (0) 1 : 0.63216465155199563775 0.32916206305800349563 0.03867328539000092907
3 3 (0) 1 : 0.95924886337950909798 0.00000000100000000000 0.04075113562049093724
4 4 (0) 1 : 0.00000000100000000000 0.92751352259227970443 0.07248647640772042100
5 5 (0) 1 : 0.32964847440285577340 0.40964051687283331571 0.26071100872431091089
6 6 (0) 1 : 0.00014894265070596166 0.95289839171762658054 0.04695266563166741042
7 7 (0) 1 : 0.66154259797165260171 0.00000000099999999999 0.33845740102834748209
8 8 (0) 1 : 0.92031991099736121242 0.00000000100000000000 0.07968008800263874647
9 9 (0) 1 : 0.00000004395091311889 0.26840548690126120324 0.73159446914782577664
10 10 (0) 1 : 0.00000000100000000000 0.61652691602986164909 0.38347308297013826817
11 11 (0) 1 : 0.00000000099999999998 0.00000000099999999998 0.99999999799999994554
12 12 (0) 1 : 0.14517750157304623593 0.32707901142935885686 0.52774348699759487946
13 13 (0) 2 : 0.14534699467928999250 0.40283979086881466225 0.45181321445189526198
14 14 (0) 2 : 0.00000000099999999997 0.00000000099999999997 0.99999999799999994554
15 15 (0) 2 : 0.00000000099999999999 0.00000000099999999999 0.99999999800000005656
16 16 (0) 2 : 0.00000000099999999999 0.00000000099999999999 0.99999999799999994554
17 17 (0) 2 : 0.48769404944587951833 0.00000000100000000000 0.51230594955412045444
18 18 (0) 2 : 0.00000000100000000000 0.00000000100000000000 0.99999999800000005656
19 19 (0) 2 : 0.04588742816801950203 0.00000000100000000000 0.95411257083198053319
20 20 (0) 2 : 0.54647880714619101461 0.18354229143757397336 0.26997890141623515081
21 21 (0) 2 : 0.22544677276014904455 0.77455321979730185067 0.00000000744254903517
22 22 (0) 2 : 0.23608339533320216175 0.25282941263062241877 0.51108719203617536397
23 23 (0) 2 : 0.29146002373236251648 0.06456955466632106899 0.64397042160131645616
24 24 (0) 2 : 0.99999999799999994554 0.00000000099999999999 0.00000000099999999999
25 25 (0) 2 : 0.35357728181279540758 0.21085780428918154961 0.43556491389802304282
26 26 (0) 2 : 0.27479190947614168250 0.42079991384336729032 0.30440817668049102718
27 27 (0) 2 : 0.30135641707443755477 0.50311652253397687318 0.19552706039158551654
28 28 (0) 2 : 0.16869098616089095444 0.00000000100000000000 0.83130901283910907384
29 29 (0) 2 : 0.99999999799999994554 0.00000000100000000000 0.00000000100000000000
30 30 (0) 2 : 0.44457474353759640628 0.00000045190601543441 0.55542480455638820747
31 31 (0) 2 : 0.43871943862421852733 0.23013538751479969968 0.33114517386098168972
32 32 (0) 2 : 0.00000000100000000000 0.67187780720452783267 0.32812219179547219561
33 33 (0) 2 : 0.00000000099999999997 0.00000000099999999997 0.99999999800000005656
34 34 (0) 3 : 0.74462195970466382722 0.23868482710081162512 0.01669321319452463093
35 35 (0) 3 : 0.99107549037530762170 0.00000000099999999999 0.00892450862469242739
36 36 (0) 3 : 0.39695148285132336730 0.51189119209860212134 0.09115732505007452524
37 37 (0) 3 : 0.55042472158555100226 0.34212710824348124827 0.10744817017096769396
38 38 (0) 3 : 0.30202903591046692533 0.65869344642283900182 0.03927751766669421857
39 39 (0) 3 : 0.36664293826864158277 0.57376324341362339165 0.05959381831773497701
40 40 (0) 3 : 0.33436990573870056798 0.63029095673300172820 0.03533913752829760668
41 41 (0) 3 : 0.44718459936717264158 0.38448731699015825658 0.16832808364266918510
42 42 (0) 3 : 0.44903035035197885749 0.26845336232639566143 0.28251628732162559210
43 43 (0) 3 : 0.00000000099999999999 0.99999999800000005656 0.00000000099999999999
44 44 (0) 3 : 0.42591412735956191149 0.44535909417047458980 0.12872677846996352646
45 45 (0) 3 : 0.99999999800000005656 0.00000000099999999998 0.00000000099999999998
46 46 (0) 3 : 0.25136952586334460058 0.68881584868633405350 0.05981462545032131123
47 47 (0) 3 : 0.38019536607561132957 0.37053830941736592974 0.24926632450702285171
48 48 (0) 3 : 0.71914570863340199214 0.26432935426724407657 0.01652493709935394517
49 49 (0) 3 : 0.66022443514749229454 0.33977556385250773374 0.00000000099999999999
50 50 (0) 3 : 0.37176958739125515185 0.56865955400540257880 0.05957085860334228322
51 51 (0) 3 : 0.00000000100000000000 0.94702125357066346822 0.05297874542933651842
52 52 (0) 3 : 0.33390102754646494576 0.32625714511560405251 0.33984182733793105724
53 53 (0) 3 : 0.45383470116267449201 0.39105972173506081679 0.15510557710226474670
54 54 (0) 3 : 0.00000000099999999999 0.89042792083651678414 0.10957207816348323026
55 55 (0) 3 : 0.56301035221213890924 0.29106277487310378005 0.14592687291475733846
56 56 (0) 3 : 0.24486361579150761614 0.75513638320849230112 0.00000000100000000000
57 57 (0) 3 : 0.54129871166071463762 0.43716358922325920799 0.02153769911602620990
58 58 (0) 3 : 0.46256647871755179890 0.53743352028244817387 0.00000000099999999999
59 59 (0) 3 : 0.00000000099999999999 0.87270978670133525501 0.12729021229866463449
60 60 (0) 4 : 0.10563593005387944546 0.26256597857160490772 0.63179809137451570233
61 61 (0) 4 : 0.15960661767669939715 0.16095155223334431382 0.67944183008995628903
62 62 (0) 4 : 0.29577371562826793028 0.46168053440213563388 0.24254574996959643585
63 63 (0) 4 : 0.50984435639055625256 0.38366155846861388357 0.10649408514082976673
64 64 (0) 4 : 0.00000000100000000000 0.80043722195969246869 0.19956277704030755960
65 65 (0) 4 : 0.10359470459239651652 0.76571135814287760724 0.13069393726472580686
66 66 (0) 4 : 0.00000000100000000000 0.95142405399574536684 0.04857594500425468226
67 67 (0) 4 : 0.33274158992081537267 0.35606410177756520063 0.31119430830161948220
68 68 (0) 4 : 0.39714265470382731360 0.45395743883041261846 0.14889990646576015121
69 69 (0) 4 : 0.99999999799999994554 0.00000000099999999999 0.00000000099999999999
70 70 (0) 4 : 0.00000000100000000000 0.38803152102672205936 0.61196847797327802443
71 71 (0) 4 : 0.31964057858763139652 0.65770383682854205443 0.02265558458382654905
72 72 (0) 4 : 0.41147053556248125439 0.00000000100000000000 0.58852946343751866287
73 73 (0) 4 : 0.58336681728181882800 0.38433459628772465022 0.03229858643045652872
74 74 (0) 4 : 0.48417699193251295675 0.49508416727082121822 0.02073884079666582850
75 75 (0) 4 : 0.62577910501170586066 0.35983379248396768491 0.01438710250432659148
76 76 (0) 4 : 0.97776879617002054879 0.00000000100000000000 0.02223120282997937888
77 77 (0) 4 : 0.40942130883574195943 0.48794403710762251913 0.10263465405663557695
78 78 (0) 4 : 0.57798355640970988656 0.35054761971214026817 0.07146882387814981752
79 79 (0) 4 : 0.59071970155301534167 0.40928029744698452008 0.00000000099999999999
80 80 (0) 4 : 0.35940107088173417482 0.59419668909036793547 0.04640224002789800073
81 81 (0) 4 : 0.05375788000958096891 0.27909721577533946890 0.66714490421507954832
82 82 (0) 4 : 0.69190450847713236282 0.21015125663495498598 0.09794423488791277610
83 83 (0) 4 : 0.56195236388396740956 0.43804763511603256321 0.00000000100000000000
84 84 (0) 4 : 0.32854093088195962524 0.52462909775599786411 0.14682997136204248290
85 85 (0) 4 : 0.00000000100000000000 0.36853746500081008275 0.63146253399918994553
86 86 (0) 5 : 0.00000000100000000000 0.85876230887974802641 0.14123769012025205738
87 87 (0) 5 : 0.37891398847358226387 0.47265133573000972511 0.14843467579640801102
88 88 (0) 5 : 0.15459443635854264176 0.67347860652295510331 0.17192695711850228268
89 89 (0) 5 : 0.62758683696229622395 0.31849971266473825482 0.05391345037296563919
90 90 (0) 5 : 0.59570217043177486893 0.31637937347844685698 0.08791845608977832960
91 91 (0) 5 : 0.32881357181827186587 0.55463288331434834610 0.11655354486737976027
92 92 (0) 5 : 0.50263612452898043248 0.48677855437301958963 0.01058532109800002299
93 93 (0) 5 : 0.62536986073714706524 0.37463012075896401365 0.00000001850388897272
94 94 (0) 5 : 0.28462956461785210438 0.61837022266473995469 0.09700021271740795481
95 95 (0) 5 : 0.00000000100000000000 0.43906014969746742782 0.56093984930253260046
96 96 (0) 5 : 0.33500137966493548358 0.66499861933506454470 0.00000000099999999999
97 97 (0) 5 : 0.40513320880113307121 0.31897674487339044980 0.27589004632547664553
98 98 (0) 5 : 0.35886264909534559830 0.43416591634501355834 0.20697143455964089886
99 99 (0) 5 : 0.56140672880685338342 0.42356052689819034818 0.01503274429495617646
100 100 (0) 5 : 0.24447361505437453788 0.64455804085311818596 0.11096834409250740106
101 101 (0) 5 : 0.35915462073331044790 0.63459667072543723965 0.00624870854125238531
102 102 (0) 5 : 0.45962196150748774182 0.54037803749251211993 0.00000000100000000000
103 103 (0) 5 : 0.00000021372462886541 0.96962614069690455931 0.03037364557846665772
104 104 (0) 5 : 0.46079261722047237804 0.29655474514140528486 0.24265263763812233710
105 105 (0) 5 : 0.31920427519254879201 0.68079537746907636819 0.00000034733837485451
106 106 (0) 5 : 0.83331566989375371879 0.00000000100000000000 0.16668432910624644827
107 107 (0) 5 : 0.47867475464322950529 0.41650835393198437639 0.10481689142478613219
108 108 (0) 5 : 0.61228401197617610130 0.18331054543361702258 0.20440544259020684836
109 109 (0) 5 : 0.68257392987705300946 0.00000000100000000000 0.31742606912294701882
110 110 (0) 5 : 0.63675842397426585251 0.15792570733515715053 0.20531586869057705247
111 111 (0) 5 : 0.00000000107052376746 0.99999999792947624755 0.00000000099999999999
112 112 (0) 5 : 0.99999999800000005656 0.00000000099999999997 0.00000000099999999997
113 113 (0) 4 : 0.49002134772808864094 0.50997865127191133183 0.00000000100000000000
114 114 (0) 6 : 0.43131350917464966743 0.41313475474537902921 0.15555173607997133112
115 115 (0) 6 : 0.00000000100000000000 0.62837313638928338211 0.37162686261071664617
116 116 (0) 6 : 0.30115895029416356321 0.13256513227416485967 0.56627591743167160487
117 117 (0) 6 : 0.28663317897141299406 0.00000000100000000000 0.71336682002858697871
118 118 (0) 6 : 0.14598727439787712035 0.40158019955848223148 0.45243252604364070368
119 119 (0) 6 : 0.10520085249731414567 0.00000000100000000000 0.89479914650268588261
120 120 (0) 6 : 0.36234961015950556407 0.63765038884049440870 0.00000000099999999999
121 121 (0) 6 : 0.28978854784994334537 0.51680415339183216616 0.19340729875822446071
122 122 (0) 6 : 0.63159878030904281765 0.36840121869095709961 0.00000000100000000000
123 123 (0) 6 : 0.61331605800395894157 0.00000000100000000000 0.38668394099604119774
124 124 (0) 6 : 0.42091918113575171878 0.56087348007413606599 0.01820733879011236095
125 125 (0) 6 : 0.60818095013256412429 0.25461015706918299628 0.13720889279825287943
126 126 (0) 6 : 0.75641666427588916122 0.20755549485144103583 0.03602784087266974744
127 127 (0) 6 : 0.23061634417716025958 0.21360197153516119473 0.55578168428767860121
128 128 (0) 6 : 0.50008663266746444798 0.49991336633253541377 0.00000000100000000000
129 129 (0) 6 : 0.54655946425045887072 0.43705624594592729082 0.01638428980361385581
130 130 (0) 6 : 0.75445081580767925367 0.00000000100000000000 0.24554918319232080237
131 131 (0) 6 : 0.10141965992200356605 0.30370008449517266191 0.59488025558282375815
132 132 (0) 6 : 0.46041928132685544517 0.44472598851476463633 0.09485473015837991850
133 133 (0) 6 : 0.99999999799999994554 0.00000000099999999999 0.00000000099999999999
134 134 (0) 6 : 0.16674324515014501968 0.67498190680327418978 0.15827484804658081829
135 135 (0) 6 : 0.10204680059535779779 0.18959321633707784671 0.70835998306756442489
136 136 (0) 6 : 0.24996285287410904830 0.52803638103216032906 0.22200076609373051162
137 137 (0) 6 : 0.68361461514027921371 0.16722253294300437609 0.14916285191671627142
138 138 (0) 6 : 0.99999999800000005656 0.00000000100000000000 0.00000000100000000000
139 139 (0) 6 : 0.21132647632650716774 0.67570947541985293405 0.11296404825363992597
140 140 (0) 6 : 0.19896717201419439336 0.34050242839569544451 0.46053039959011016213
141 141 (0) 6 : 0.38755178145391322442 0.26173356423130578197 0.35071465431478099362
142 142 (0) 7 : 0.53793138528676143206 0.46206861371323854071 0.00000000100000000000
143 143 (0) 7 : 0.00037965667075477900 0.00000000100000000000 0.99962034232924523725
144 144 (0) 7 : 0.40379927526062647791 0.45546503484282768737 0.14073568989654583472
145 145 (0) 7 : 0.32308831212050148629 0.59324987953696750598 0.08366180834253103549
146 146 (0) 7 : 0.28862739093568551274 0.38111104910423870828 0.33026155996007577897
147 147 (0) 7 : 0.18529541122774087492 0.81470458777225918112 0.00000000099999999998
148 148 (0) 7 : 0.40987896631321790730 0.59012103268678206547 0.00000000100000000000
149 149 (0) 7 : 0.00000000099999999999 0.29477529398219470824 0.70522470501780520902
150 150 (0) 7 : 0.43366414448601697806 0.20928061686833382415 0.35705523864564919778
151 151 (0) 7 : 0.00002276316531795762 0.34879178199926108572 0.65118545483542089602
152 152 (0) 7 : 0.28128934293244617360 0.67778958045482107231 0.04092107661273285124
153 153 (0) 7 : 0.00000000099999999997 0.00000000099999999997 0.99999999799999994554
154 154 (0) 7 : 0.29712800708716069487 0.59862765570117171254 0.10424433721166763422
155 155 (0) 7 : 0.37573329947349060065 0.00000000100000000000 0.62426669952650948314
156 156 (0) 7 : 0.00000003081988849180 0.99999996818011138711 0.00000000100000000000
157 157 (0) 7 : 0.00000000099999999998 0.99999999799999994554 0.00000000099999999998
158 158 (0) 7 : 0.30906924661510831731 0.57124746154592054292 0.11968329183897109813
159 159 (0) 7 : 0.00000000100000000000 0.28342611760849378832 0.71657388139150612894
160 160 (0) 7 : 0.17687133263471738198 0.42848326427054878041 0.39464540309473378210
161 161 (0) 7 : 0.19951241064711555673 0.00000000099999999999 0.80048758835288436053
162 162 (0) 7 : 0.52002515729843801218 0.28285301888179509300 0.19712182381976703360
163 163 (0) 7 : 0.00000000100000000000 0.94968223602577994669 0.05031776297422003302
164 164 (0) 7 : 0.45618855620998766121 0.20749276615222228548 0.33631867763778994229
165 165 (0) 7 : 0.55541320021423246089 0.00000000099999999999 0.44458679878576751188
166 166 (0) 7 : 0.41303111693394972681 0.34391238497983356304 0.24305649808621668240
167 167 (0) 7 : 0.00000000099999999999 0.99999999800000005656 0.00000000099999999999
168 168 (0) 7 : 0.40269883176008519632 0.44687949644478169864 0.15042167179513299402
169 169 (0) 7 : 0.24636306777776628696 0.00000000100000000000 0.75363693122223374132
1 1 (0) 1 : 0.27643920863357029916 0.35370185534026460372 0.36985893602616520814
2 2 (0) 1 : 0.36296323009081032929 0.05185319182816423844 0.58518357808102539064
3 3 (0) 1 : 0.32514397539706146878 0.08101134281547950344 0.59384468178745897227
4 4 (0) 1 : 0.40526460943140413251 0.07994006038088799504 0.51479533018770795572
5 5 (0) 1 : 0.37916396530450036106 0.25563767122073055571 0.36519836347476902771
6 6 (0) 1 : 0.37328349333203192373 0.01698357582006514155 0.60973293084790292085
7 7 (0) 1 : 0.67468457405406401239 0.32531542494593601589 0.00000000099999999999
8 8 (0) 1 : 0.99431306596230584205 0.00568693303769424435 0.00000000100000000000
9 9 (0) 1 : 0.33558054307970258678 0.66441945592029738599 0.00000000100000000000
10 10 (0) 1 : 0.00439349733409045290 0.49337383306176085807 0.50223266960414869597
11 11 (0) 1 : 0.00000000099999999998 0.99999999800000005656 0.00000000099999999998
12 12 (0) 1 : 0.00000000100000000000 0.52936407277691210904 0.47063592622308786373
13 13 (0) 2 : 0.06520713313080656048 0.45823449989585873787 0.47655836697333459062
14 14 (0) 2 : 0.00000000099999999997 0.99999999799999994554 0.00000000099999999997
15 15 (0) 2 : 0.00000000099999999999 0.99999999800000005656 0.00000000099999999999
16 16 (0) 2 : 0.00000000099999999999 0.99999999799999994554 0.00000000099999999999
17 17 (0) 2 : 0.35244729477929442885 0.52667581278538799783 0.12087689243531751782
18 18 (0) 2 : 0.00000000100000000000 0.99578916185711796594 0.00421083714288199729
19 19 (0) 2 : 0.04157311020504124432 0.95842688879495874232 0.00000000100000000000
20 20 (0) 2 : 0.26340690772888153415 0.28117795336094070224 0.45541513891017787463
21 21 (0) 2 : 0.35337088780624864581 0.00000000100000000000 0.64662911119375132696
22 22 (0) 2 : 0.11995834832665612513 0.52195102567780138347 0.35809062599554247752
23 23 (0) 2 : 0.18562851158324422673 0.64652944747009688520 0.16784204094665883256
24 24 (0) 2 : 0.42578017378964710948 0.06725261510915572782 0.50696721110119724596
25 25 (0) 2 : 0.23392350469668030111 0.44042811839151146946 0.32564837691180820167
26 26 (0) 2 : 0.00000000223391402669 0.32878184369941737542 0.67121815406666851533
27 27 (0) 2 : 0.15444510030627739416 0.21234778025574485572 0.63320711943797780563
28 28 (0) 2 : 0.16684810447755576979 0.83315189452244431401 0.00000000100000000000
29 29 (0) 2 : 0.54223124421988388999 0.04130852682301133783 0.41646022895710477219
30 30 (0) 2 : 0.45108654874939729806 0.54891345025060256368 0.00000000100000000000
31 31 (0) 2 : 0.38764756838428710006 0.32721830784191791031 0.28513412377379504514
32 32 (0) 2 : 0.00000000100000000000 0.33661437571330143914 0.66338562328669847812
33 33 (0) 2 : 0.00000000099999999997 0.99999999799999994554 0.00000000099999999997
34 34 (0) 3 : 0.49166178728669140963 0.02497608696879459814 0.48336212574451392632
35 35 (0) 3 : 0.99999999800000005656 0.00000000099999999997 0.00000000099999999997
36 36 (0) 3 : 0.24864391706019176032 0.10005441155427020894 0.65130167138553807238
37 37 (0) 3 : 0.45385166453465453085 0.10342342642166309219 0.44272490904368250186
38 38 (0) 3 : 0.00000000100000000000 0.05826103371186953928 0.94173896528813050288
39 39 (0) 3 : 0.32893382431339213134 0.06998802203474455141 0.60107815365186334500
40 40 (0) 3 : 0.30668858415152899788 0.04731577341572610479 0.64599564243274487652
41 41 (0) 3 : 0.33505415325011322913 0.17496490891621807595 0.48998093783366869491
42 42 (0) 3 : 0.77714961876858701384 0.22285038023141298669 0.00000000099999999999
43 43 (0) 3 : 0.28113336452969150958 0.05868956009044849070 0.66017707537986003441
44 44 (0) 3 : 0.46553656088494344001 0.11774969487626471554 0.41671374423879198323
45 45 (0) 3 : 0.43228819636202936438 0.00000000099999999998 0.56771180263797071941
46 46 (0) 3 : 0.00000003641779871441 0.08660171614249830008 0.91339824743970299270
47 47 (0) 3 : 0.31754255611627835165 0.25149232109599117813 0.43096512278773041471
48 48 (0) 3 : 0.99999999799999994554 0.00000000099999999998 0.00000000099999999998
49 49 (0) 3 : 0.48372264916592383477 0.00000000099999999999 0.51627734983407624902
50 50 (0) 3 : 0.29107031235816488435 0.06874190936518041750 0.64018777827665473978
51 51 (0) 3 : 0.18684510634378084792 0.08202127429700757644 0.73113361935921150625
52 52 (0) 3 : 0.17413011976288633731 0.35306212623773380876 0.47280775399937974290
53 53 (0) 3 : 0.51487672283563201692 0.13285111008632416452 0.35227216707804392959
54 54 (0) 3 : 0.00000000100000000000 0.13985059902217938932 0.86014939997782069447
55 55 (0) 3 : 0.34631087638411833796 0.15926224058473043010 0.49442688303115117643
56 56 (0) 3 : 0.19757585723984738557 0.00000000100000000000 0.80242414176015264271
57 57 (0) 3 : 0.49241095389270533866 0.00373220316369700118 0.50385684294359767144
58 58 (0) 3 : 0.00000000099999999999 0.00000000099999999999 0.99999999800000005656
59 59 (0) 3 : 0.00000000100000000000 0.16573380195021636396 0.83426619704978366432
60 60 (0) 4 : 0.00000000100000000000 0.64015296698514423390 0.35984703201485584989
61 61 (0) 4 : 0.33229470223806523155 0.66770529676193468571 0.00000000100000000000
62 62 (0) 4 : 0.35576075546724622578 0.23480234840874344981 0.40943689612401035216
63 63 (0) 4 : 0.59226045353655121239 0.08956049723646132554 0.31817904922698747594
64 64 (0) 4 : 0.00000000100000000000 0.20344622368727657835 0.79655377531272353320
65 65 (0) 4 : 0.29429624481141247738 0.12957785897547485776 0.57612589621311260935
66 66 (0) 4 : 0.37272717406530303519 0.07413473247923917098 0.55313809345545772445
67 67 (0) 4 : 0.17333837767606546931 0.32029369377602429081 0.50636792854791035090
68 68 (0) 4 : 0.31677611117027687504 0.15409093682940219749 0.52913295200032095522
69 69 (0) 4 : 0.99999999799999994554 0.00000000099999999998 0.00000000099999999998
70 70 (0) 4 : 0.00000000626982291194 0.61717432439290509372 0.38282566933727202318
71 71 (0) 4 : 0.32863201089888216533 0.03301116318382088521 0.63835682591729703272
72 72 (0) 4 : 0.24093490005328971337 0.59323560221682292148 0.16582949772988744841
73 73 (0) 4 : 0.49231598351408145664 0.02898561210420922893 0.47869840438170935260
74 74 (0) 4 : 0.78162236280292030077 0.00000000100000000000 0.21837763619707958873
75 75 (0) 4 : 0.99999999799999994554 0.00000000099999999997 0.00000000099999999997
76 76 (0) 4 : 0.55916445940174241969 0.04282694398282099052 0.39800859661543674939
77 77 (0) 4 : 0.48705425382982425742 0.09126501412047145767 0.42168073204970418777
78 78 (0) 4 : 0.41743909456393984980 0.06663994965774594492 0.51592095577831431630
79 79 (0) 4 : 0.34012403495924464769 0.00000000099999999999 0.65987596404075532508
80 80 (0) 4 : 0.35928742378504335830 0.04782654016029434796 0.59288603605466239088
81 81 (0) 4 : 0.17193700212359958046 0.64954993207894329288 0.17851306579745715442
82 82 (0) 4 : 0.46304123175771960685 0.10373451862300180071 0.43322424961927863407
83 83 (0) 4 : 0.33313511479906321444 0.00000000100000000000 0.66686488420093670282
84 84 (0) 4 : 0.21328043771636764903 0.15706967411365069243 0.62964988816998146426
85 85 (0) 4 : 0.00000000100000000000 0.63783177163478332883 0.36216822736521658843
86 86 (0) 5 : 0.00000000099999999999 0.14926277716434016574 0.85073722183565991806
87 87 (0) 5 : 0.41401658489352011205 0.14035893612672292741 0.44562447897975693278
88 88 (0) 5 : 0.17506179523454712399 0.17721194322057978732 0.64772626154487311645
89 89 (0) 5 : 0.20023611117798131853 0.05645248242335278860 0.74331140639866588593
90 90 (0) 5 : 0.11457420790742393890 0.11216507801488553864 0.77326071407769048083
91 91 (0) 5 : 0.10346595753196896617 0.14247906174156416137 0.75405498072646681695
92 92 (0) 5 : 0.37072410523307702812 0.01788776749183714626 0.61138812727508584643
93 93 (0) 5 : 0.19758149480385284180 0.00987299625726082396 0.79254550893888620067
94 94 (0) 5 : 0.33700512481743211124 0.09128877131636171927 0.57170610386620623888
95 95 (0) 5 : 0.00000000100000000000 0.57616616552636323867 0.42383383347363678961
96 96 (0) 5 : 0.23218288429658093253 0.00000000100000000000 0.76781711470341895698
97 97 (0) 5 : 0.40387076725227544216 0.26405139794448234669 0.33207783480324221115
98 98 (0) 5 : 0.40513373356822507398 0.19860045766182746196 0.39626580876994738079
99 99 (0) 5 : 0.38940027718610703555 0.02144805905106031418 0.58915166376283256700
100 100 (0) 5 : 0.15778119759495307095 0.12208511121850362802 0.72013369118654313450
101 101 (0) 5 : 0.32689551240568348600 0.01284398525672897189 0.66026050233758759589
102 102 (0) 5 : 0.46654622155116071136 0.00000000100000000000 0.53345377744883926141
103 103 (0) 5 : 0.20938517789759386600 0.04779401609421767699 0.74282080600818845006
104 104 (0) 5 : 0.18600081014282418557 0.25966508033915425280 0.55433410951802153388
105 105 (0) 5 : 0.00000000099999999999 0.00000000099999999999 0.99999999799999994554
106 106 (0) 5 : 0.59185858634593890848 0.16013614021524127939 0.24800527343881986764
107 107 (0) 5 : 0.19964108566058524907 0.12116081444576778936 0.67919809989364698932
108 108 (0) 5 : 0.39115127199125354629 0.20886282097725736295 0.39998590703148911851
109 109 (0) 5 : 0.21936360812024049971 0.34126970800266104300 0.43936668387709837402
110 110 (0) 5 : 0.73991963785633929618 0.20206103232513467072 0.05801932981852604004
111 111 (0) 5 : 0.41900868661274898175 0.00000000099999999999 0.58099131238725110205
112 112 (0) 5 : 0.57283270953516629564 0.00000000099999999998 0.42716728946483384366
113 113 (0) 4 : 0.46584035360139874893 0.00000000337763548810 0.53415964302096574645
114 114 (0) 6 : 0.29096228952021691017 0.16319744143777106804 0.54584026904201199404
115 115 (0) 6 : 0.12196638965293314649 0.36982810133703847288 0.50820550901002836675
116 116 (0) 6 : 0.18106814182641220445 0.56613157810600500675 0.25280028006758287207
117 117 (0) 6 : 0.28675960852262116774 0.71324039047737874952 0.00000000100000000000
118 118 (0) 6 : 0.00000640955584236299 0.47962227388619094182 0.52037131655796664553
119 119 (0) 6 : 0.12303309067885449812 0.87696690832114554404 0.00000000100000000000
120 120 (0) 6 : 0.46614847477562659783 0.00000000099999999999 0.53385152422437343045
121 121 (0) 6 : 0.34960133334786580583 0.19088393812328011134 0.45951472852885411058
122 122 (0) 6 : 0.57759501768311394265 0.00000000100000000000 0.42240498131688614114
123 123 (0) 6 : 0.49581027780128456017 0.38714016575055326674 0.11704955644816227023
124 124 (0) 6 : 0.47621987473302579419 0.00682721150937986177 0.51695291375759444552
125 125 (0) 6 : 0.44363916259763058747 0.13339644820336227227 0.42296438919900719577
126 126 (0) 6 : 0.53025310350067766940 0.05754425311106574348 0.41220264338825646222
127 127 (0) 6 : 0.19259122217174751146 0.55151075182276865227 0.25589802600548378075
128 128 (0) 6 : 0.36900564260957557927 0.00000000100000000000 0.63099435639042444901
129 129 (0) 6 : 0.49577535688410812043 0.00213969869052760796 0.50208494442536422131
130 130 (0) 6 : 0.64018384602828048990 0.23822066950622317050 0.12159548446549631184
131 131 (0) 6 : 0.00000000100000000000 0.61834312550028192046 0.38165687349971810782
132 132 (0) 6 : 0.41289084328940806046 0.08850078641807043733 0.49860837029252147445
133 133 (0) 6 : 0.24615765467151240475 0.00000000100000000000 0.75384234432848751251
134 134 (0) 6 : 0.12805789686766150259 0.16213197970835613315 0.70981012342398219772
135 135 (0) 6 : 0.30264762459400007533 0.69735237440599984193 0.00000000100000000000
136 136 (0) 6 : 0.26479648841672109860 0.21759192121900941541 0.51761159036426962476
137 137 (0) 6 : 0.37152107249426757907 0.15084958808446080614 0.47762933942127155929
138 138 (0) 6 : 0.64476735117530692420 0.02453153812493492208 0.33070111069975827167
139 139 (0) 6 : 0.30448081083811129322 0.11212076182383082235 0.58339842733805780117
140 140 (0) 6 : 0.32935795592709871116 0.45281481156515374087 0.21782723250774752022
141 141 (0) 6 : 0.15934638253797683838 0.36233543842252946554 0.47831817903949369608
142 142 (0) 7 : 0.42327243451208906855 0.00000000100000000000 0.57672756448791095973
143 143 (0) 7 : 0.00209802156878140071 0.99790197743121844542 0.00000000100000000000
144 144 (0) 7 : 0.32821895019101521296 0.14323827319141654857 0.52854277661756832174
145 145 (0) 7 : 0.48826746187898384388 0.06675370925142791456 0.44497882886958828319
146 146 (0) 7 : 0.16221004555827348015 0.33776458338210679777 0.50002537105961974984
147 147 (0) 7 : 0.00000000099999999998 0.00000000099999999998 0.99999999799999994554
148 148 (0) 7 : 0.40247322703254917453 0.00000000100000000000 0.59752677196745074273
149 149 (0) 7 : 0.00000000100000000000 0.71512358948880938581 0.28487640951119075350
150 150 (0) 7 : 0.13580386136360100835 0.37430383263284938700 0.48989230600354960465
151 151 (0) 7 : 0.14289557410833403361 0.63752130943075802083 0.21958311646090794556
152 152 (0) 7 : 0.23430704472342184230 0.04986601629460968299 0.71582693898196847471
153 153 (0) 7 : 0.00000000099999999996 0.99999999800000005656 0.00000000099999999996
154 154 (0) 7 : 0.00000000100000000000 0.12830263582407508416 0.87169736317592483310
155 155 (0) 7 : 0.39897519191345598433 0.60102480708654393293 0.00000000100000000000
156 156 (0) 7 : 0.00000000099999999999 0.00000000099999999999 0.99999999800000005656
157 157 (0) 7 : 0.00000000099999999999 0.00000000099999999999 0.99999999800000005656
158 158 (0) 7 : 0.19262644421609878553 0.13455612607060427055 0.67281742971329694392
159 159 (0) 7 : 0.08265555779720828999 0.71975318838199797700 0.19759125382079373301
160 160 (0) 7 : 0.13493919640398080451 0.39599196424867305621 0.46906883934734627806
161 161 (0) 7 : 0.19555345760699582858 0.80444654139300408868 0.00000000100000000000
162 162 (0) 7 : 0.85371952577962362252 0.14628047322037635025 0.00000000100000000000
163 163 (0) 7 : 0.20148885159763421648 0.04868384369685038043 0.74982730470551539614
164 164 (0) 7 : 0.45638856252561355031 0.33130306076373333690 0.21230837671065302952
165 165 (0) 7 : 0.60368488675232589991 0.39631511224767390633 0.00000000099999999999
166 166 (0) 7 : 0.53526515206969615956 0.22218670919506319783 0.24254813873524064261
167 167 (0) 7 : 0.00000000100000000000 0.00000000100000000000 0.99999999800000005656
168 168 (0) 7 : 0.47165129414807466235 0.14364048450715388716 0.38470822134477145049
169 169 (0) 7 : 0.25760067979060791155 0.74239931920939195020 0.00000000100000000000
