1.0000	0.9956	0.9856	0.9862	0.9954	0.9851	0.9953	0.9956	0.9773	0.9953	0.9955	0.9954	0.9851	0.9973	0.9891	0.9866	0.9851	0.9851	0.9973	0.9852
0.9956	1.0000	0.9838	0.9844	0.9989	0.9833	0.9985	0.9994	0.9790	0.9985	0.9992	0.9989	0.9833	0.9961	0.9914	0.9849	0.9833	0.9833	0.9960	0.9834
0.9856	0.9838	1.0000	0.9988	0.9838	0.9987	0.9838	0.9838	0.9660	0.9837	0.9838	0.9837	0.9988	0.9861	0.9776	0.9985	0.9990	0.9989	0.9863	0.9989
0.9862	0.9844	0.9988	1.0000	0.9845	0.9982	0.9844	0.9845	0.9666	0.9844	0.9845	0.9844	0.9982	0.9868	0.9783	0.9993	0.9981	0.9982	0.9869	0.9981
0.9954	0.9989	0.9838	0.9845	1.0000	0.9834	0.9990	0.9991	0.9789	0.9991	0.9994	0.9998	0.9833	0.9961	0.9913	0.9849	0.9833	0.9833	0.9960	0.9834
0.9851	0.9833	0.9987	0.9982	0.9834	1.0000	0.9833	0.9834	0.9655	0.9833	0.9833	0.9833	0.9998	0.9857	0.9772	0.9977	0.9992	0.9996	0.9859	0.9992
0.9953	0.9985	0.9838	0.9844	0.9990	0.9833	1.0000	0.9986	0.9789	0.9998	0.9988	0.9990	0.9833	0.9960	0.9912	0.9849	0.9833	0.9833	0.9958	0.9834
0.9956	0.9994	0.9838	0.9845	0.9991	0.9834	0.9986	1.0000	0.9789	0.9987	0.9996	0.9991	0.9833	0.9962	0.9914	0.9849	0.9833	0.9833	0.9961	0.9834
0.9773	0.9790	0.9660	0.9666	0.9789	0.9655	0.9789	0.9789	1.0000	0.9790	0.9789	0.9790	0.9655	0.9768	0.9847	0.9670	0.9655	0.9655	0.9767	0.9656
0.9953	0.9985	0.9837	0.9844	0.9991	0.9833	0.9998	0.9987	0.9790	1.0000	0.9989	0.9991	0.9832	0.9960	0.9913	0.9848	0.9832	0.9832	0.9958	0.9833
0.9955	0.9992	0.9838	0.9845	0.9994	0.9833	0.9988	0.9996	0.9789	0.9989	1.0000	0.9994	0.9833	0.9962	0.9914	0.9849	0.9833	0.9833	0.9960	0.9834
0.9954	0.9989	0.9837	0.9844	0.9998	0.9833	0.9990	0.9991	0.9790	0.9991	0.9994	1.0000	0.9833	0.9961	0.9914	0.9848	0.9833	0.9833	0.9959	0.9834
0.9851	0.9833	0.9988	0.9982	0.9833	0.9998	0.9833	0.9833	0.9655	0.9832	0.9833	0.9833	1.0000	0.9857	0.9772	0.9977	0.9993	0.9997	0.9858	0.9992
0.9973	0.9961	0.9861	0.9868	0.9961	0.9857	0.9960	0.9962	0.9768	0.9960	0.9962	0.9961	0.9857	1.0000	0.9892	0.9872	0.9857	0.9857	0.9996	0.9858
0.9891	0.9914	0.9776	0.9783	0.9913	0.9772	0.9912	0.9914	0.9847	0.9913	0.9914	0.9914	0.9772	0.9892	1.0000	0.9787	0.9772	0.9772	0.9891	0.9772
0.9866	0.9849	0.9985	0.9993	0.9849	0.9977	0.9849	0.9849	0.9670	0.9848	0.9849	0.9848	0.9977	0.9872	0.9787	1.0000	0.9978	0.9978	0.9874	0.9978
0.9851	0.9833	0.9990	0.9981	0.9833	0.9992	0.9833	0.9833	0.9655	0.9832	0.9833	0.9833	0.9993	0.9857	0.9772	0.9978	1.0000	0.9996	0.9858	0.9996
0.9851	0.9833	0.9989	0.9982	0.9833	0.9996	0.9833	0.9833	0.9655	0.9832	0.9833	0.9833	0.9997	0.9857	0.9772	0.9978	0.9996	1.0000	0.9858	0.9995
0.9973	0.9960	0.9863	0.9869	0.9960	0.9859	0.9958	0.9961	0.9767	0.9958	0.9960	0.9959	0.9858	0.9996	0.9891	0.9874	0.9858	0.9858	1.0000	0.9859
0.9852	0.9834	0.9989	0.9981	0.9834	0.9992	0.9834	0.9834	0.9656	0.9833	0.9834	0.9834	0.9992	0.9858	0.9772	0.9978	0.9996	0.9995	0.9859	1.0000
