1.0000	0.7037	0.7042	0.7042	0.7039	0.7039	0.7039	0.7038	0.7038	0.7042	0.7042	0.7043	0.7038	0.7045	0.7039	0.7045	0.7045	0.7038	0.7038	0.7038
0.7037	1.0000	0.9962	0.9962	0.9816	0.9977	0.9817	0.9979	0.9979	0.9728	0.9804	0.9928	0.9978	0.9925	0.9952	0.9924	0.9936	0.9985	0.9985	0.9981
0.7042	0.9962	1.0000	1.0000	0.9817	0.9958	0.9818	0.9962	0.9967	0.9735	0.9813	0.9938	0.9957	0.9959	0.9964	0.9957	0.9966	0.9958	0.9958	0.9972
0.7042	0.9962	1.0000	1.0000	0.9817	0.9958	0.9818	0.9962	0.9967	0.9735	0.9813	0.9938	0.9957	0.9959	0.9964	0.9957	0.9966	0.9958	0.9958	0.9972
0.7039	0.9816	0.9817	0.9817	1.0000	0.9819	0.9996	0.9822	0.9822	0.9835	0.9948	0.9842	0.9821	0.9805	0.9809	0.9805	0.9807	0.9818	0.9818	0.9817
0.7039	0.9977	0.9958	0.9958	0.9819	1.0000	0.9819	0.9980	0.9978	0.9731	0.9806	0.9929	0.9979	0.9923	0.9941	0.9922	0.9934	0.9981	0.9981	0.9969
0.7039	0.9817	0.9818	0.9818	0.9996	0.9819	1.0000	0.9823	0.9823	0.9835	0.9949	0.9844	0.9822	0.9806	0.9811	0.9807	0.9809	0.9819	0.9819	0.9818
0.7038	0.9979	0.9962	0.9962	0.9822	0.9980	0.9823	1.0000	0.9990	0.9735	0.9810	0.9931	0.9990	0.9925	0.9945	0.9924	0.9936	0.9983	0.9983	0.9977
0.7038	0.9979	0.9967	0.9967	0.9822	0.9978	0.9823	0.9990	1.0000	0.9735	0.9811	0.9934	0.9986	0.9930	0.9952	0.9928	0.9940	0.9980	0.9980	0.9981
0.7042	0.9728	0.9735	0.9735	0.9835	0.9731	0.9835	0.9735	0.9735	1.0000	0.9840	0.9754	0.9733	0.9730	0.9729	0.9731	0.9730	0.9731	0.9731	0.9731
0.7042	0.9804	0.9813	0.9813	0.9948	0.9806	0.9949	0.9810	0.9811	0.9840	1.0000	0.9839	0.9807	0.9808	0.9807	0.9809	0.9807	0.9804	0.9804	0.9808
0.7043	0.9928	0.9938	0.9938	0.9842	0.9929	0.9844	0.9931	0.9934	0.9754	0.9839	1.0000	0.9926	0.9922	0.9930	0.9923	0.9924	0.9926	0.9926	0.9932
0.7038	0.9978	0.9957	0.9957	0.9821	0.9979	0.9822	0.9990	0.9986	0.9733	0.9807	0.9926	1.0000	0.9920	0.9941	0.9918	0.9932	0.9985	0.9985	0.9973
0.7045	0.9925	0.9959	0.9959	0.9805	0.9923	0.9806	0.9925	0.9930	0.9730	0.9808	0.9922	0.9920	1.0000	0.9945	0.9989	0.9979	0.9921	0.9921	0.9935
0.7039	0.9952	0.9964	0.9964	0.9809	0.9941	0.9811	0.9945	0.9952	0.9729	0.9807	0.9930	0.9941	0.9945	1.0000	0.9945	0.9948	0.9942	0.9942	0.9964
0.7045	0.9924	0.9957	0.9957	0.9805	0.9922	0.9807	0.9924	0.9928	0.9731	0.9809	0.9923	0.9918	0.9989	0.9945	1.0000	0.9977	0.9919	0.9919	0.9934
0.7045	0.9936	0.9966	0.9966	0.9807	0.9934	0.9809	0.9936	0.9940	0.9730	0.9807	0.9924	0.9932	0.9979	0.9948	0.9977	1.0000	0.9933	0.9933	0.9945
0.7038	0.9985	0.9958	0.9958	0.9818	0.9981	0.9819	0.9983	0.9980	0.9731	0.9804	0.9926	0.9985	0.9921	0.9942	0.9919	0.9933	1.0000	1.0000	0.9974
0.7038	0.9985	0.9958	0.9958	0.9818	0.9981	0.9819	0.9983	0.9980	0.9731	0.9804	0.9926	0.9985	0.9921	0.9942	0.9919	0.9933	1.0000	1.0000	0.9974
0.7038	0.9981	0.9972	0.9972	0.9817	0.9969	0.9818	0.9977	0.9981	0.9731	0.9808	0.9932	0.9973	0.9935	0.9964	0.9934	0.9945	0.9974	0.9974	1.0000
