-------------------------------------------------------------------------------
 L       Percentage of nodes in the largest component
 D       Percentage of nodes in components of size at most 3 [-div option]
 R       Percentage of nodes not in L or D: 100 - L -D
 S       Percentage of nodes that are singletons
 E       Fraction of edges retained (input graph has 380)
 cce     Expected size of component, nodewise [ sum(sz^2) / sum^2(sz) ]
 EW      Edge weight traits (mean, median and IQR)
 ND      Node degree traits [mean, median and IQR]
 CCF     Clustering coefficient (scale 1-100)
 eff     Induced component efficiency relative to start graph (scale 1-1000)
Total number of nodes: 20
----------------------------------------------------------------------------------------------
  L   D   R   S     E     cce  EWmean   EWmed   EWiqr  NDmean   NDmed  NDiqr CCF  eff  Cutoff 
----------------------------------------------------------------------------------------------
100   0   0   0 1.000      20    0.96    0.99    0.02    19.0    19.5    0.5   -    -     0.50
100   0   0   0 1.000      20    0.96    0.99    0.02    19.0    19.5    0.5   -    -     0.51
100   0   0   0 1.000      20    0.96    0.99    0.02    19.0    19.5    0.5   -    -     0.52
100   0   0   0 1.000      20    0.96    0.99    0.02    19.0    19.5    0.5   -    -     0.53
100   0   0   0 1.000      20    0.96    0.99    0.02    19.0    19.5    0.5   -    -     0.54
100   0   0   0 1.000      20    0.96    0.99    0.02    19.0    19.5    0.5   -    -     0.55
100   0   0   0 1.000      20    0.96    0.99    0.02    19.0    19.5    0.5   -    -     0.56
100   0   0   0 1.000      20    0.96    0.99    0.02    19.0    19.5    0.5   -    -     0.57
100   0   0   0 1.000      20    0.96    0.99    0.02    19.0    19.5    0.5   -    -     0.58
100   0   0   0 1.000      20    0.96    0.99    0.02    19.0    19.5    0.5   -    -     0.59
100   0   0   0 1.000      20    0.96    0.99    0.02    19.0    19.5    0.5   -    -     0.60
100   0   0   0 1.000      20    0.96    0.99    0.02    19.0    19.5    0.5   -    -     0.61
100   0   0   0 1.000      20    0.96    0.99    0.02    19.0    19.5    0.5   -    -     0.62
100   0   0   0 1.000      20    0.96    0.99    0.02    19.0    19.5    0.5   -    -     0.63
100   0   0   0 1.000      20    0.96    0.99    0.02    19.0    19.5    0.5   -    -     0.64
100   0   0   0 1.000      20    0.96    0.99    0.02    19.0    19.5    0.5   -    -     0.65
100   0   0   0 1.000      20    0.96    0.99    0.02    19.0    19.5    0.5   -    -     0.66
100   0   0   0 1.000      20    0.96    0.99    0.02    19.0    19.5    0.5   -    -     0.67
100   0   0   0 1.000      20    0.96    0.99    0.02    19.0    19.5    0.5   -    -     0.68
100   0   0   0 1.000      20    0.96    0.99    0.02    19.0    19.5    0.5   -    -     0.69
100   0   0   0 1.000      20    0.96    0.99    0.02    19.0    19.5    0.5   -    -     0.70
 95   5   0   5 0.900      18    0.99    0.99    0.01    17.1    18.5    0.5   -    -     0.71
 95   5   0   5 0.900      18    0.99    0.99    0.01    17.1    18.5    0.5   -    -     0.72
 95   5   0   5 0.900      18    0.99    0.99    0.01    17.1    18.5    0.5   -    -     0.73
 95   5   0   5 0.900      18    0.99    0.99    0.01    17.1    18.5    0.5   -    -     0.74
 95   5   0   5 0.900      18    0.99    0.99    0.01    17.1    18.5    0.5   -    -     0.75
 95   5   0   5 0.900      18    0.99    0.99    0.01    17.1    18.5    0.5   -    -     0.76
 95   5   0   5 0.900      18    0.99    0.99    0.01    17.1    18.5    0.5   -    -     0.77
 95   5   0   5 0.900      18    0.99    0.99    0.01    17.1    18.5    0.5   -    -     0.78
 95   5   0   5 0.900      18    0.99    0.99    0.01    17.1    18.5    0.5   -    -     0.79
 95   5   0   5 0.900      18    0.99    0.99    0.01    17.1    18.5    0.5   -    -     0.80
 95   5   0   5 0.900      18    0.99    0.99    0.01    17.1    18.5    0.5   -    -     0.81
 95   5   0   5 0.900      18    0.99    0.99    0.01    17.1    18.5    0.5   -    -     0.82
 95   5   0   5 0.900      18    0.99    0.99    0.01    17.1    18.5    0.5   -    -     0.83
 95   5   0   5 0.900      18    0.99    0.99    0.01    17.1    18.5    0.5   -    -     0.84
 95   5   0   5 0.900      18    0.99    0.99    0.01    17.1    18.5    0.5   -    -     0.85
 95   5   0   5 0.900      18    0.99    0.99    0.01    17.1    18.5    0.5   -    -     0.86
 95   5   0   5 0.900      18    0.99    0.99    0.01    17.1    18.5    0.5   -    -     0.87
 95   5   0   5 0.900      18    0.99    0.99    0.01    17.1    18.5    0.5   -    -     0.88
 95   5   0   5 0.900      18    0.99    0.99    0.01    17.1    18.5    0.5   -    -     0.89
 95   5   0   5 0.900      18    0.99    0.99    0.01    17.1    18.5    0.5   -    -     0.90
 95   5   0   5 0.900      18    0.99    0.99    0.01    17.1    18.5    0.5   -    -     0.91
 95   5   0   5 0.900      18    0.99    0.99    0.01    17.1    18.5    0.5   -    -     0.92
 95   5   0   5 0.900      18    0.99    0.99    0.01    17.1    18.5    0.5   -    -     0.93
 95   5   0   5 0.900      18    0.99    0.99    0.01    17.1    18.5    0.5   -    -     0.94
 95   5   0   5 0.900      18    0.99    0.99    0.01    17.1    18.5    0.5   -    -     0.95
 95   5   0   5 0.900      18    0.99    0.99    0.01    17.1    18.5    0.5   -    -     0.96
 95   5   0   5 0.900      18    0.99    0.99    0.01    17.1    18.5    0.5   -    -     0.97
 95   5   0   5 0.821      18    0.99    0.99    0.01    15.6    17.5    0.5   -    -     0.98
 75  25   0  10 0.568      12    1.00    1.00    0.00    10.8    14.5    0.5   -    -     0.99
---------------------------------------------------------------------------------------------
