1 1 (0) 1 : 0.16591110230971928274 0.00000000099999999999 0.00000000099999999999 0.31282826135825780867 0.00000000099999999999 0.21929682961458119017 0.16642921556803472183 0.00000000146088592266 0.13553458568852103094 0.00000000099999999999
2 2 (0) 1 : 0.15470979046662203249 0.31748475631097822225 0.00000026322714695001 0.00000000099999999998 0.00000000099999999998 0.14967246250104121463 0.28556427600479333817 0.09256391181866417683 0.00000000099999999998 0.00000453667075401900
3 3 (0) 1 : 0.21480619863701702621 0.16114504760791287241 0.28136526566007402650 0.00000000099999999998 0.19313279492421378536 0.14955037158516937268 0.00000000099999999998 0.00000000099999999998 0.00000031758561290579 0.00000000099999999998
4 4 (0) 1 : 0.00000000099999999981 0.00000000099999999981 0.00000000099999999981 0.00000000099999999981 0.00000000099999999981 0.00000000099999999981 0.00000000099999999981 0.00000000099999999981 0.99999999099999992147 0.00000000099999999981
5 5 (0) 1 : 0.38809236447650413693 0.00000000099999999997 0.24190649791359819520 0.00000000099999999997 0.00000000099999999997 0.23268461585109750933 0.00000000099999999997 0.13731651575880043925 0.00000000099999999997 0.00000000099999999997
6 6 (0) 1 : 0.16226217893919492319 0.00000000099999999997 0.00000000099999999997 0.00000000099999999997 0.21655622787839973187 0.36422930425054073078 0.00000000099999999997 0.00000000099999999997 0.25695228293186472834 0.00000000099999999997
7 7 (0) 1 : 0.00000000099999999993 0.00000000099999999993 0.76669795442841359723 0.00000000099999999993 0.00000000099999999993 0.00000000099999999993 0.00000000099999999993 0.00000000099999999993 0.00000000099999999993 0.23330203757158657352
8 8 (0) 1 : 0.00000000099999999997 0.00000000099999999997 0.00000000099999999997 0.00000000099999999997 0.00000000099999999997 0.00000000099999999997 0.00000000099999999997 0.00000000099999999997 0.99999999099999992147 0.00000000099999999997
9 9 (0) 1 : 0.00000000099999999998 0.00000000099999999998 0.00000000099999999998 0.00000000099999999998 0.00000000099999999998 0.00000000099999999998 0.00000000099999999998 0.99999999100000003249 0.00000000099999999998 0.00000000099999999998
10 10 (0) 1 : 0.37960813926364089799 0.00000000099999999999 0.00000000099999999999 0.00000000099999999999 0.00000000099999999999 0.00000000099999999999 0.51706408907221645954 0.00000001229634326027 0.00000359553090528827 0.10332415883689397007
11 11 (0) 1 : 0.00000000099999999988 0.00000000099999999988 0.00000000099999999988 0.00000000099999999988 0.00000000099999999988 0.00000000099999999988 0.00000000099999999988 0.00000000099999999988 0.00000000099999999988 0.99999999099999992147
12 12 (0) 1 : 0.99999952689994597854 0.00000000099999999998 0.00000000099999999998 0.00000000099999999998 0.00000000099999999998 0.00000000099999999998 0.00000000099999999998 0.00000000099999999998 0.00000000099999999998 0.00000046510005417599
13 13 (0) 2 : 0.00000000099999999996 0.56808324857520098305 0.00000000099999999996 0.43174717700527659447 0.00000000099999999996 0.00000000099999999996 0.00000000099999999996 0.00016956741952258911 0.00000000099999999996 0.00000000099999999996
14 14 (0) 2 : 0.00000000099999999982 0.00000000099999999982 0.00000000099999999982 0.00000000099999999982 0.00000000099999999982 0.00000000099999999982 0.00000000099999999982 0.00000000099999999982 0.00000000099999999982 0.99999999100000003249
15 15 (0) 2 : 0.00000000099999999992 0.00000000099999999992 0.00000000099999999992 0.00000000099999999992 0.00000000099999999992 0.00000000099999999992 0.00000000099999999992 0.00000000099999999992 0.00000000099999999992 0.99999999099999992147
16 16 (0) 2 : 0.00000000099999999994 0.00000000099999999994 0.00000000099999999994 0.43046765267882619588 0.00000000099999999994 0.00000000099999999994 0.00000000099999999994 0.00000000099999999994 0.00000000099999999994 0.56953233932117375282
17 17 (0) 2 : 0.00000000099999999998 0.33656268903939245973 0.00000000099999999998 0.00000000099999999998 0.10842574139450000814 0.00000000099999999998 0.00000000099999999998 0.00000000099999999998 0.00000000099999999998 0.55501156256610739703
18 18 (0) 2 : 0.20994709462576952030 0.00000000099999999994 0.00000000099999999994 0.27973861297882918198 0.00000000099999999994 0.00000000099999999994 0.00000000099999999994 0.00000000099999999994 0.00000000099999999994 0.51031428539540113487
19 19 (0) 2 : 0.00000000099999999995 0.00000000099999999995 0.00000000099999999995 0.99999999100000014352 0.00000000099999999995 0.00000000099999999995 0.00000000099999999995 0.00000000099999999995 0.00000000099999999995 0.00000000099999999995
20 20 (0) 2 : 0.00000000099999999996 0.00000000099999999996 0.73748191690511166740 0.00000000099999999996 0.00000000099999999996 0.00000000099999999996 0.00000000099999999996 0.26251807509488855885 0.00000000099999999996 0.00000000099999999996
21 21 (0) 2 : 0.16167636290999515269 0.00000000100000000000 0.00000000918204301024 0.00000000100000000000 0.82917577362160688192 0.00914777790326681654 0.00000000100000000000 0.00000000100000000000 0.00000007138308808227 0.00000000100000000000
22 22 (0) 2 : 0.19080849148545872551 0.00000000099999999995 0.00000000099999999995 0.24668333715751464275 0.00000000099999999995 0.00000000099999999995 0.00000000099999999995 0.56250816435702666318 0.00000000099999999995 0.00000000099999999995
23 23 (0) 2 : 0.00004461260023785586 0.23770685558572246521 0.17063048079683573732 0.01781395631088908069 0.00000000099999999999 0.01508303789033669552 0.00000000099999999999 0.00000000099999999999 0.00000000099999999999 0.55872105281597828075
24 24 (0) 2 : 0.00000000099999999991 0.32835803033944294116 0.67164196166055711856 0.00000000099999999991 0.00000000099999999991 0.00000000099999999991 0.00000000099999999991 0.00000000099999999991 0.00000000099999999991 0.00000000099999999991
25 25 (0) 2 : 0.26441793050704193169 0.00000000099999999998 0.35807830364651827004 0.25480510115725302223 0.00111891869389361010 0.00000000099999999998 0.00000000099999999998 0.08458648839833871058 0.00020850642028621264 0.03678474817666837343
26 26 (0) 2 : 0.99999999100000014352 0.00000000099999999984 0.00000000099999999984 0.00000000099999999984 0.00000000099999999984 0.00000000099999999984 0.00000000099999999984 0.00000000099999999984 0.00000000099999999984 0.00000000099999999984
27 27 (0) 2 : 0.25049058877227070585 0.10548474577301227006 0.00000000099999999998 0.06360688947656090164 0.10202303513221656905 0.10172687945144780197 0.15224455031873043720 0.22442330807576119089 0.00000000099999999998 0.00000000099999999998
28 28 (0) 2 : 0.00000000099999999998 0.21781564603294642501 0.00000000099999999998 0.00000000099999999998 0.00000000099999999998 0.00000000099999999998 0.00000000099999999998 0.00000000099999999998 0.00000000099999999998 0.78218434596705366246
29 29 (0) 2 : 0.30784151381317648166 0.11348066525541712635 0.00000000201259232409 0.00000000099999999998 0.00000000099999999998 0.00000000099999999998 0.00000000099999999998 0.00000000099999999998 0.57867781291881392747 0.00000000099999999998
30 30 (0) 2 : 0.00000000099999999999 0.20829568478617763172 0.00000000099999999999 0.26466851523511153443 0.00000000099999999999 0.00000032937388221893 0.00000000099999999999 0.00000000099999999999 0.20442064851962105099 0.32261481708520739486
31 31 (0) 2 : 0.00000000099999999998 0.00000000099999999998 0.19251007898476191205 0.00000000099999999998 0.07878249275328770562 0.09047725220568633708 0.26765551962788985962 0.06190631615964341250 0.00000000099999999998 0.30866833626873080298
32 32 (0) 2 : 0.15849872993499442009 0.15880579429802169078 0.00000000099999999999 0.03059424163701869939 0.00000000099999999999 0.00000000099999999999 0.38397431422116773403 0.08353333981527483187 0.00000000099999999999 0.18459357609352253227
33 33 (0) 2 : 0.00000000099999999965 0.00000000099999999965 0.00000000099999999965 0.99999999100000014352 0.00000000099999999965 0.00000000099999999965 0.00000000099999999965 0.00000000099999999965 0.00000000099999999965 0.00000000099999999965
34 34 (0) 3 : 0.00000000099999999981 0.00000000099999999981 0.00000000099999999981 0.00000000099999999981 0.00000000099999999981 0.99999999100000014352 0.00000000099999999981 0.00000000099999999981 0.00000000099999999981 0.00000000099999999981
35 35 (0) 3 : 0.00000000099999999988 0.00000000099999999988 0.99999999100000014352 0.00000000099999999988 0.00000000099999999988 0.00000000099999999988 0.00000000099999999988 0.00000000099999999988 0.00000000099999999988 0.00000000099999999988
36 36 (0) 3 : 0.17221809315951025487 0.00000000099999999998 0.20110746521555089572 0.00000000099999999998 0.00000000099999999998 0.08728208420295098524 0.53939235142198782569 0.00000000099999999998 0.00000000099999999998 0.00000000099999999998
37 37 (0) 3 : 0.00000000099999999991 0.00000000099999999991 0.00000000099999999991 0.00000000099999999991 0.00000000099999999991 0.00000000099999999991 0.00000000099999999991 0.00000000099999999991 0.99999999099999992147 0.00000000099999999991
38 38 (0) 3 : 0.00000000099999999997 0.31412647798209375472 0.00000000099999999997 0.00000000099999999997 0.00000000099999999997 0.00000000099999999997 0.31819853187336910594 0.19143416385940362212 0.17624082028513340936 0.00000000099999999997
39 39 (0) 3 : 0.00000000099999999996 0.00000000099999999996 0.00000000099999999996 0.10715966540162459586 0.50508320205623202792 0.00000000099999999996 0.00000000099999999996 0.00000000099999999996 0.38775712554214336603 0.00000000099999999996
40 40 (0) 3 : 0.00000000099999999997 0.20824111314721588384 0.00000000099999999997 0.00000000099999999997 0.00000000099999999997 0.30343857992374256849 0.33412320121675098683 0.15419709971229045298 0.00000000099999999997 0.00000000099999999997
41 41 (0) 3 : 0.00000000099999999997 0.14062035527303312632 0.19056053508015721731 0.18117864336982347773 0.00000000099999999997 0.19536173033697576407 0.18794854162048052482 0.10433019031953000288 0.00000000099999999997 0.00000000099999999997
42 42 (0) 3 : 0.00000000099999999998 0.00000000099999999998 0.00000000099999999998 0.21533423359865827562 0.09953218430205591771 0.23558167166026955375 0.00536625748125701182 0.00000000099999999998 0.37000570543794408795 0.07417994351981498091
43 43 (0) 3 : 0.13034240063441854263 0.00000000108423363911 0.00000000099999999998 0.00000000099999999998 0.19704989545937026674 0.21493804722713136246 0.45766965059484621126 0.00000000099999999998 0.00000000099999999998 0.00000000099999999998
44 44 (0) 3 : 0.00000000099999999995 0.54320505539272889717 0.00000000099999999995 0.15953624943948460646 0.00000000099999999995 0.29725868816778677761 0.00000000099999999995 0.00000000099999999995 0.00000000099999999995 0.00000000099999999995
45 45 (0) 3 : 0.00000000099999999983 0.99999999100000014352 0.00000000099999999983 0.00000000099999999983 0.00000000099999999983 0.00000000099999999983 0.00000000099999999983 0.00000000099999999983 0.00000000099999999983 0.00000000099999999983
46 46 (0) 3 : 0.00000000099999999998 0.23796460599882787723 0.00000000330258487397 0.00000000099999999998 0.36775852773291300979 0.00000000099999999998 0.33387517921744302996 0.00000000099999999998 0.00000000099999999998 0.06040167874823128974
47 47 (0) 3 : 0.00000000099999999998 0.30401522643017070413 0.00000000099999999998 0.31491385018288142739 0.00000000099999999998 0.27478951312592969636 0.00000000099999999998 0.00000000099999999998 0.10628140426101813365 0.00000000099999999998
48 48 (0) 3 : 0.00000000099999999979 0.00000000099999999979 0.00000000099999999979 0.00000000099999999979 0.00000000099999999979 0.99999999100000003249 0.00000000099999999979 0.00000000099999999979 0.00000000099999999979 0.00000000099999999979
49 49 (0) 3 : 0.00000000099999999981 0.99999999100000025454 0.00000000099999999981 0.00000000099999999981 0.00000000099999999981 0.00000000099999999981 0.00000000099999999981 0.00000000099999999981 0.00000000099999999981 0.00000000099999999981
50 50 (0) 3 : 0.09162267447391370112 0.00000095586575657007 0.12233085887519595802 0.00000000099999999999 0.11667410442085329736 0.15370427863926200418 0.40801322303959741689 0.10765390168542114668 0.00000000099999999999 0.00000000099999999999
51 51 (0) 3 : 0.00000069726957805838 0.00000000099999999998 0.00000000099999999998 0.00261053815231332073 0.26190191932032985678 0.14890425472922505512 0.36626517858970097929 0.22031740793885279395 0.00000000099999999998 0.00000000099999999998
52 52 (0) 3 : 0.00000000099999999997 0.00000000099999999997 0.35693154894779960395 0.00000000099999999997 0.00000000099999999997 0.00000000099999999997 0.34821716409876679599 0.00000000099999999997 0.00000000099999999997 0.29485127995343346496
53 53 (0) 3 : 0.00000000099999999988 0.00000000099999999988 0.00000000099999999988 0.00000000099999999988 0.99999999100000003249 0.00000000099999999988 0.00000000099999999988 0.00000000099999999988 0.00000000099999999988 0.00000000099999999988
54 54 (0) 3 : 0.32084954654648967232 0.19326848076899502682 0.00000000099999999997 0.00000000099999999997 0.00000000099999999997 0.00355924286137797958 0.33025847709183492329 0.15201230739115514923 0.00005194134014733278 0.00000000099999999997
55 55 (0) 3 : 0.00000000099999999997 0.47947565863954993981 0.00000000099999999997 0.00000000099999999997 0.00000000099999999997 0.00303306527020754356 0.00000000099999999997 0.00000000099999999997 0.37196485983681071286 0.14552641025343179826
56 56 (0) 3 : 0.00000000099999999997 0.12134666553292655644 0.00000000099999999997 0.00000000099999999997 0.19373767105405217959 0.00408408225545907940 0.25603145903296242736 0.13630551208469121605 0.28849460603990839669 0.00000000099999999997
57 57 (0) 3 : 0.00000000099999999980 0.00000000099999999980 0.00000000099999999980 0.00000000099999999980 0.00000000099999999980 0.00000000099999999980 0.00000000099999999980 0.00000000099999999980 0.99999999100000003249 0.00000000099999999980
58 58 (0) 3 : 0.00000000099999999981 0.99999999100000014352 0.00000000099999999981 0.00000000099999999981 0.00000000099999999981 0.00000000099999999981 0.00000000099999999981 0.00000000099999999981 0.00000000099999999981 0.00000000099999999981
59 59 (0) 3 : 0.00000000099999999997 0.00000000099999999997 0.00000000099999999997 0.09407503311025848525 0.39618429738759081138 0.00000000099999999997 0.37674209991304691281 0.13299856358910375209 0.00000000099999999997 0.00000000099999999997
60 60 (0) 4 : 0.28820806448224212115 0.00000000099999999998 0.00000000099999999998 0.49428962775685053588 0.00000000099999999998 0.00000000099999999998 0.00000000099999999998 0.21739914535569138110 0.00000017643387497692 0.00010298097134115953
61 61 (0) 4 : 0.00000000099999999983 0.00000000099999999983 0.00000000099999999983 0.99999999100000014352 0.00000000099999999983 0.00000000099999999983 0.00000000099999999983 0.00000000099999999983 0.00000000099999999983 0.00000000099999999983
62 62 (0) 4 : 0.00000000099999999995 0.00000000099999999995 0.00000000099999999995 0.00000000099999999995 0.75302269028019541697 0.00000000099999999995 0.00000000099999999995 0.00000000099999999995 0.00000000099999999995 0.24697730171980478153
63 63 (0) 4 : 0.22964835896829979833 0.00000000099999999999 0.07692233412371264623 0.00000000099999999999 0.15287115205646778504 0.28397663074162260433 0.00000000099999999999 0.00000000124948271219 0.25658151886041452583 0.00000000099999999999
64 64 (0) 4 : 0.00000000099999999993 0.00000000099999999993 0.00000000099999999993 0.00000000099999999993 0.00000000099999999993 0.00000000099999999993 0.84596054221165228881 0.00000000099999999993 0.00000000099999999993 0.15403944978834774315
65 65 (0) 4 : 0.00000000099999999985 0.00000000099999999985 0.00000000099999999985 0.00000000099999999985 0.99999999100000003249 0.00000000099999999985 0.00000000099999999985 0.00000000099999999985 0.00000000099999999985 0.00000000099999999985
66 66 (0) 4 : 0.00000000099999999998 0.00000000099999999998 0.00000000099999999998 0.10260599935450183395 0.00000000099999999998 0.00000000099999999998 0.53796228086972730509 0.00000000099999999998 0.35943171277577073974 0.00000000099999999998
67 67 (0) 4 : 0.00000000099999999999 0.26763588749754790852 0.00000001332222685648 0.00000000099999999999 0.00000000099999999999 0.00000000099999999999 0.15012862937922108464 0.00000000099999999999 0.27625401926352699533 0.30598144553747702590
68 68 (0) 4 : 0.00049153695343242187 0.00000000099999999999 0.00000000099999999999 0.04898549693566251612 0.39382259066182689899 0.00000000099999999999 0.00000000099999999999 0.20873797814310959819 0.34796239230596837100 0.00000000099999999999
69 69 (0) 4 : 0.15811975076595549683 0.23026577064586384314 0.00000000102685287351 0.00000000099999999998 0.24431451404011822470 0.01646493909654107857 0.00000000099999999998 0.00000000099999999998 0.35083502042466857551 0.00000000099999999998
70 70 (0) 4 : 0.31632673384925358295 0.00000000099999999998 0.00000000099999999998 0.29682767597535270054 0.00000000099999999998 0.14967289600707484043 0.00000595376858029618 0.05915323443683311727 0.00000000099999999998 0.17801350196290555150
71 71 (0) 4 : 0.00000000099999999999 0.14816126784993602361 0.00012959507321267757 0.06959141477721014768 0.22712001152973598783 0.00095660127608670229 0.30613577638448341567 0.11301332746384408490 0.13489200364549078226 0.00000000099999999999
72 72 (0) 4 : 0.00000000099999999996 0.27784849282615142751 0.00000000099999999996 0.00000000099999999996 0.00000000099999999996 0.00000000099999999996 0.00000000099999999996 0.18774921981467371235 0.00000000099999999996 0.53440228035917458627
73 73 (0) 4 : 0.10948944495525805842 0.22216543769630861527 0.00000024214652114038 0.00000000099999999999 0.00000000099999999999 0.25589291377959338947 0.19283614134278900809 0.00000000099999999999 0.18059481198968449500 0.03902100508984522598
74 74 (0) 4 : 0.00000000099999999994 0.00000000099999999994 0.00000000099999999994 0.00000000099999999994 0.00000000099999999994 0.99999999100000014352 0.00000000099999999994 0.00000000099999999994 0.00000000099999999994 0.00000000099999999994
75 75 (0) 4 : 0.00000000099999999979 0.00000000099999999979 0.00000000099999999979 0.00000000099999999979 0.00000000099999999979 0.99999999100000014352 0.00000000099999999979 0.00000000099999999979 0.00000000099999999979 0.00000000099999999979
76 76 (0) 4 : 0.00000000099999999999 0.10146209606752622234 0.29611715269591482036 0.00000000099999999999 0.23817764929700321885 0.30374990170653726196 0.00000000257459295807 0.00045806856659008258 0.00000000099999999999 0.06003512609183549870
77 77 (0) 4 : 0.16419325864016204308 0.18732576021843874714 0.00000000100000000000 0.00000000100000000000 0.00000000100000000000 0.15175843116650164499 0.03678113235976164519 0.10952447914718330124 0.35041693052189021307 0.00000000494606230741
78 78 (0) 4 : 0.00000000099999999998 0.04853522473277981086 0.36819236850453312959 0.00000000099999999998 0.19139280770053712644 0.09215781096366379432 0.00000010179099500741 0.13970870497157900081 0.16001297833591204833 0.00000000099999999998
79 79 (0) 4 : 0.00000000099999999996 0.00000000099999999996 0.47960128098190640822 0.00000000099999999996 0.00000000099999999996 0.52039871101809365150 0.00000000099999999996 0.00000000099999999996 0.00000000099999999996 0.00000000099999999996
80 80 (0) 4 : 0.06527587014740870996 0.23113854461104102467 0.00000002985103778405 0.00000000099999999998 0.00000000099999999998 0.00000000099999999998 0.31570254902481514891 0.13642260427939967293 0.25146039808629738754 0.00000000099999999998
81 81 (0) 4 : 0.09836195029895009045 0.00000000099999999998 0.00000000099999999998 0.34177964979954938984 0.00000000099999999998 0.27894689116886656199 0.00000000099999999998 0.00000000507406228555 0.00000000099999999998 0.28091149865857173440
82 82 (0) 4 : 0.00000000099999999998 0.00000000099999999998 0.00000000099999999998 0.00000000099999999998 0.00000000099999999998 0.99999999100000014352 0.00000000099999999998 0.00000000099999999998 0.00000000099999999998 0.00000000099999999998
83 83 (0) 4 : 0.00000000099999999997 0.00000000099999999997 0.00000000099999999997 0.00000000099999999997 0.47542439216128645763 0.00000000099999999997 0.26083390424989233436 0.00000000099999999997 0.26374169658882107292 0.00000000099999999997
84 84 (0) 4 : 0.00000000099999999999 0.12149464652244751361 0.00512973425283071941 0.00000000099999999999 0.15198132171263145640 0.07613201720369883185 0.24995852440927834870 0.00000000099999999999 0.25358314818526739298 0.14172060471384576030
85 85 (0) 4 : 0.54455881913658077398 0.00000000099999999996 0.00000000099999999996 0.45544115909144905485 0.00000000099999999996 0.00000000099999999996 0.00000000099999999996 0.00000001477197026544 0.00000000099999999996 0.00000000099999999996
86 86 (0) 5 : 0.52374053342041593240 0.00000000099999999994 0.00000000099999999994 0.00000000099999999994 0.00000000099999999994 0.00000000099999999994 0.47625945857958418284 0.00000000099999999994 0.00000000099999999994 0.00000000099999999994
87 87 (0) 5 : 0.00081484232054818975 0.18198185946691131099 0.00000608573680803041 0.00000000099999999999 0.00000000099999999999 0.29205149458562501552 0.13099978465748762790 0.21319049478808868581 0.11220696226794399375 0.06874847417658701276
88 88 (0) 5 : 0.22225391554398857274 0.07521697922479607390 0.00033446512558050117 0.13842737497376067513 0.14342120328747992586 0.12910730346130333546 0.29123875538309096367 0.00000000099999999999 0.00000000099999999999 0.00000000099999999999
89 89 (0) 5 : 0.38081494701558571414 0.00000015675235676842 0.00000000600636891620 0.00000000099999999998 0.00000000099999999998 0.16060264544140723242 0.00000000099999999998 0.00000000099999999998 0.45858223978428130918 0.00000000099999999998
90 90 (0) 5 : 0.20014874499532936403 0.07756961125844195892 0.37938852055833244270 0.00000000099999999997 0.29671446013165808653 0.00000000127602909355 0.00000000099999999997 0.04617865778020906198 0.00000000099999999997 0.00000000099999999997
91 91 (0) 5 : 0.00000000099999999998 0.32157941383930432888 0.00000000099999999998 0.08338887847948703302 0.00000000099999999998 0.12938949497905291586 0.10404868635331533666 0.11368224863775766575 0.24791127371108268029 0.00000000099999999998
92 92 (0) 5 : 0.00000000099999999997 0.00000005902968724889 0.36402221165758696930 0.00000000099999999997 0.00000000099999999997 0.18853416295033670336 0.44744356036238891461 0.00000000099999999997 0.00000000099999999997 0.00000000099999999997
93 93 (0) 5 : 0.00000000099999999981 0.99999999100000025454 0.00000000099999999981 0.00000000099999999981 0.00000000099999999981 0.00000000099999999981 0.00000000099999999981 0.00000000099999999981 0.00000000099999999981 0.00000000099999999981
94 94 (0) 5 : 0.00000000099999999998 0.00000000099999999998 0.00000000099999999998 0.03442864528005489672 0.00000000099999999998 0.15965119711253678014 0.31595640196371077568 0.15722982342754457386 0.33273392721615291379 0.00000000099999999998
95 95 (0) 5 : 0.69754300871838004205 0.00000000099999999995 0.00000000099999999995 0.00000000099999999995 0.00000000099999999995 0.00000000099999999995 0.00000000099999999995 0.00000000099999999995 0.00000000099999999995 0.30245698328162035073
96 96 (0) 5 : 0.00000000099999999995 0.40281545624089193369 0.00000000099999999995 0.00000000099999999995 0.59718430084777551770 0.00000000099999999995 0.00000000099999999995 0.00000000099999999995 0.00000023591133247776 0.00000000099999999995
97 97 (0) 5 : 0.00000000099999999990 0.00000000099999999990 0.00000000099999999990 0.00000000099999999990 0.00000000099999999990 0.00000000099999999990 0.00000000099999999990 0.00000000099999999990 0.85565935374565094129 0.14434063825434897965
98 98 (0) 5 : 0.00000000099999999997 0.00000000099999999997 0.00000000099999999997 0.35648251142281711656 0.00000000099999999997 0.00000000099999999997 0.64351748057718283214 0.00000000099999999997 0.00000000099999999997 0.00000000099999999997
99 99 (0) 5 : 0.12024589686047523762 0.39517917823297382673 0.00000000099999999997 0.00000000099999999997 0.48457491790655099484 0.00000000099999999997 0.00000000099999999997 0.00000000099999999997 0.00000000099999999997 0.00000000099999999997
100 100 (0) 5 : 0.00000000099999999996 0.00000000099999999996 0.58638497895699481788 0.00000000099999999996 0.00000000099999999996 0.00000000099999999996 0.41361501304300535287 0.00000000099999999996 0.00000000099999999996 0.00000000099999999996
101 101 (0) 5 : 0.00000000099999999998 0.25125250988857961154 0.00000000099999999998 0.00000000099999999998 0.24331249983970559825 0.08727043222024104263 0.41699530307715443334 0.00000000099999999998 0.00000000099999999998 0.00116924997431946281
102 102 (0) 5 : 0.00000000099999999991 0.00000000099999999991 0.00000000099999999991 0.00000000099999999991 0.00000000099999999991 0.99999999100000014352 0.00000000099999999991 0.00000000099999999991 0.00000000099999999991 0.00000000099999999991
103 103 (0) 5 : 0.00000000495352803509 0.23893592614813471964 0.00000000099999999999 0.00000019941978789610 0.24630695953508738305 0.16403479201663218046 0.30432543141758505723 0.00185369519792725340 0.00000000099999999999 0.04454298931131762951
104 104 (0) 5 : 0.00000000099999999984 0.00000000099999999984 0.00000000099999999984 0.00000000099999999984 0.00000000099999999984 0.00000000099999999984 0.00000000099999999984 0.99999999099999992147 0.00000000099999999984 0.00000000099999999984
105 105 (0) 5 : 0.00000000099999999991 0.00000000099999999991 0.00000000099999999991 0.00000000099999999991 0.00000000099999999991 0.00000000099999999991 0.99999999099999992147 0.00000000099999999991 0.00000000099999999991 0.00000000099999999991
106 106 (0) 5 : 0.00000000099999999989 0.00000000099999999989 0.99999999100000014352 0.00000000099999999989 0.00000000099999999989 0.00000000099999999989 0.00000000099999999989 0.00000000099999999989 0.00000000099999999989 0.00000000099999999989
107 107 (0) 5 : 0.00000000099999999989 0.00000000099999999989 0.00000000099999999989 0.00000000099999999989 0.99999999100000003249 0.00000000099999999989 0.00000000099999999989 0.00000000099999999989 0.00000000099999999989 0.00000000099999999989
108 108 (0) 5 : 0.00000000099999999997 0.27021941342107458350 0.40411565711516678201 0.19156621581807745103 0.00000000099999999997 0.13409870764568126988 0.00000000099999999997 0.00000000099999999997 0.00000000099999999997 0.00000000099999999997
109 109 (0) 5 : 0.00000000099999999998 0.68280665984734179030 0.00000000099999999998 0.00000000099999999998 0.00000000099999999998 0.00000000099999999998 0.00000000099999999998 0.00000000099999999998 0.00000000099999999998 0.31719333215265838044
110 110 (0) 5 : 0.00000000099999999999 0.34593169585934729904 0.09948117194002795149 0.25705358085389301559 0.00000000099999999999 0.00000000099999999999 0.02579555838882542293 0.00000000099999999999 0.27173798795790621297 0.00000000099999999999
111 111 (0) 5 : 0.00000000099999999996 0.18500898710158589222 0.00000000099999999996 0.00000000099999999996 0.14992893009378738256 0.15941346455873670052 0.28169315012185480729 0.22395546312403519229 0.00000000099999999996 0.00000000099999999996
112 112 (0) 5 : 0.00000000099999999986 0.00000000099999999986 0.00000000099999999986 0.00000000099999999986 0.99999999100000003249 0.00000000099999999986 0.00000000099999999986 0.00000000099999999986 0.00000000099999999986 0.00000000099999999986
113 113 (0) 4 : 0.00000000099999999998 0.20944461122812782494 0.00000000099999999998 0.00000000099999999998 0.00000000099999999998 0.32790063866820812200 0.00000000099999999998 0.00000000099999999998 0.46265474310366405675 0.00000000099999999998
114 114 (0) 6 : 0.00000000099999999986 0.00000000099999999986 0.99999999100000014352 0.00000000099999999986 0.00000000099999999986 0.00000000099999999986 0.00000000099999999986 0.00000000099999999986 0.00000000099999999986 0.00000000099999999986
115 115 (0) 6 : 0.00000000099999999995 0.00000000099999999995 0.00000000099999999995 0.00000000099999999995 0.00000000099999999995 0.00000000099999999995 0.62351920933738824715 0.00000000099999999995 0.00000000099999999995 0.37648078266261164604
116 116 (0) 6 : 0.30835485355765629434 0.00000000099999999999 0.29709948902684846228 0.00000000099999999999 0.00000003631483141050 0.00000000099999999999 0.00000111539613464251 0.00000286304488284414 0.00000328684901953677 0.39453835281062688001
117 117 (0) 6 : 0.00000000099999999993 0.00000000099999999993 0.00000000099999999993 0.00000000099999999993 0.00000000099999999993 0.00000000099999999993 0.00000000099999999993 0.00000000099999999993 0.28930354307623418197 0.71069644892376582224
118 118 (0) 6 : 0.99999999100000025454 0.00000000099999999977 0.00000000099999999977 0.00000000099999999977 0.00000000099999999977 0.00000000099999999977 0.00000000099999999977 0.00000000099999999977 0.00000000099999999977 0.00000000099999999977
119 119 (0) 6 : 0.29856481667806328284 0.00000000099999999992 0.00000000099999999992 0.35306954306129034737 0.00000000099999999992 0.00000000099999999992 0.00000000099999999992 0.00000000099999999992 0.00000000099999999992 0.34836563326064634571
120 120 (0) 6 : 0.00000863055703522001 0.00000000099999999997 0.00003893648312114461 0.00000000099999999997 0.00000000099999999997 0.22133645248084660162 0.54116237368136588248 0.00000000099999999997 0.23745360179763122521 0.00000000099999999997
121 121 (0) 6 : 0.00000000099999999999 0.00000000099999999999 0.00000000099999999999 0.16724100038700717707 0.00000000099999999999 0.24044747816693604059 0.44031830469379745763 0.14554641258615816368 0.00644679916610111509 0.00000000099999999999
122 122 (0) 6 : 0.00000000099999999986 0.00000000099999999986 0.00000000099999999986 0.00000000099999999986 0.00000000099999999986 0.99999999100000003249 0.00000000099999999986 0.00000000099999999986 0.00000000099999999986 0.00000000099999999986
123 123 (0) 6 : 0.00000000099999999997 0.14077225685661981514 0.33277995955163358621 0.00000000099999999997 0.00000000099999999997 0.00000000099999999997 0.00000000099999999997 0.00000000099999999997 0.18508933178007577758 0.34135844581167074097
124 124 (0) 6 : 0.00000000099999999998 0.20525477591974600200 0.00000000099999999998 0.00000000099999999998 0.23562721400756092560 0.11074384284873570183 0.28945749695140077229 0.15891666487953251541 0.00000000139302408480 0.00000000099999999998
125 125 (0) 6 : 0.29178789664826765282 0.53047428084637027190 0.00000000099999999997 0.00000000099999999997 0.00000000099999999997 0.17773781550536218998 0.00000000099999999997 0.00000000099999999997 0.00000000099999999997 0.00000000099999999997
126 126 (0) 6 : 0.00000000099999999995 0.00000000099999999995 0.63414243273803772016 0.00000000099999999995 0.00000000099999999995 0.36585755926196245058 0.00000000099999999995 0.00000000099999999995 0.00000000099999999995 0.00000000099999999995
127 127 (0) 6 : 0.00000000099999999997 0.22655377853570726754 0.00000000099999999997 0.20384233221397193847 0.00000000099999999997 0.00000000099999999997 0.00000000099999999997 0.00000000099999999997 0.23538262076362528874 0.33422126248669542514
128 128 (0) 6 : 0.00000000099999999988 0.00000000099999999988 0.00000000099999999988 0.00000000099999999988 0.00000000099999999988 0.00000000099999999988 0.00000000099999999988 0.00000000099999999988 0.99999999099999992147 0.00000000099999999988
129 129 (0) 6 : 0.00000000099999999994 0.00000000099999999994 0.43780587910282797726 0.00000000099999999994 0.00000000099999999994 0.00000000099999999994 0.00000000099999999994 0.00000000099999999994 0.56219411289717180491 0.00000000099999999994
130 130 (0) 6 : 0.00000000099999999999 0.30725138705331844768 0.00000000099999999999 0.00000000099999999999 0.00000000099999999999 0.29905878123070250840 0.10598556132975933686 0.00000000099999999999 0.00000008880876732787 0.28770417657745228635
131 131 (0) 6 : 0.60161277956493830477 0.00000000099999999994 0.00000000099999999994 0.39838721243506175496 0.00000000099999999994 0.00000000099999999994 0.00000000099999999994 0.00000000099999999994 0.00000000099999999994 0.00000000099999999994
132 132 (0) 6 : 0.00000000099999999995 0.34734292656951176737 0.00000000099999999995 0.18021654670679496113 0.47244051972369321968 0.00000000099999999995 0.00000000099999999995 0.00000000099999999995 0.00000000099999999995 0.00000000099999999995
133 133 (0) 6 : 0.00000000099999999994 0.99999999100000025454 0.00000000099999999994 0.00000000099999999994 0.00000000099999999994 0.00000000099999999994 0.00000000099999999994 0.00000000099999999994 0.00000000099999999994 0.00000000099999999994
134 134 (0) 6 : 0.00000000099999999996 0.00000000099999999996 0.00000000099999999996 0.00000000099999999996 0.43460938301496787606 0.17763519768805552390 0.00000000099999999996 0.38775541229697663148 0.00000000099999999996 0.00000000099999999996
135 135 (0) 6 : 0.00000000099999999990 0.00000000099999999990 0.00000000099999999990 0.99999999100000014352 0.00000000099999999990 0.00000000099999999990 0.00000000099999999990 0.00000000099999999990 0.00000000099999999990 0.00000000099999999990
136 136 (0) 6 : 0.12405190547404784662 0.09703255492475473809 0.26546378662047981356 0.00000000100000000000 0.17162911271524630696 0.00000000100000000000 0.00000000159492088157 0.14823605199090869600 0.14546690633875747345 0.04811967834088431983
137 137 (0) 6 : 0.21435811258732570539 0.13595800183102488279 0.22006006290245674895 0.07724146904956474824 0.00736799955638689757 0.14440831219922486972 0.00000000100000000000 0.00000000100000000000 0.20060603887401604051 0.00000000100000000000
138 138 (0) 6 : 0.00000000099999999998 0.00000000099999999998 0.39897780961372275588 0.00000000099999999998 0.23477342891926039625 0.15676756598533253539 0.00000000341269395952 0.00000000099999999998 0.20948118706899046537 0.00000000099999999998
139 139 (0) 6 : 0.06527465356340302061 0.00000000099999999998 0.00000000099999999998 0.00000000099999999998 0.15520343062897939967 0.00000000099999999998 0.36523169836790003728 0.00000000099999999998 0.32021081743640139594 0.09407939500331624627
140 140 (0) 6 : 0.00000000099999999998 0.00000000099999999998 0.00000000099999999998 0.44561812141564793865 0.00000000099999999998 0.00000000099999999998 0.00000000099999999998 0.20816605129347257042 0.34621582021221125602 0.00000000107866811970
141 141 (0) 6 : 0.74765037393585509484 0.00000000099999999997 0.00000000099999999997 0.00000000099999999997 0.00000000099999999997 0.00000000099999999997 0.17435470794290308660 0.00000000099999999997 0.00000000099999999997 0.07799491112124186387
142 142 (0) 7 : 0.06738632082699505532 0.00000000099999999997 0.20340889916150825534 0.00000000099999999997 0.29519536090686243623 0.36138947117655767505 0.00000004480926045180 0.00000000099999999997 0.07261989911881620852 0.00000000099999999997
143 143 (0) 7 : 0.00000000099999999978 0.00000000099999999978 0.00000000099999999978 0.99999999100000014352 0.00000000099999999978 0.00000000099999999978 0.00000000099999999978 0.00000000099999999978 0.00000000099999999978 0.00000000099999999978
144 144 (0) 7 : 0.00000000099999999988 0.00000000099999999988 0.99999999100000014352 0.00000000099999999988 0.00000000099999999988 0.00000000099999999988 0.00000000099999999988 0.00000000099999999988 0.00000000099999999988 0.00000000099999999988
145 145 (0) 7 : 0.00000000099999999996 0.19597619872048135936 0.00000000099999999996 0.15541011483799041515 0.00000000633936742187 0.00000000099999999996 0.43474517890393926667 0.00000000099999999996 0.21386849619822156932 0.00000000099999999996
146 146 (0) 7 : 0.00000000099999999966 0.00000000099999999966 0.00000000099999999966 0.00000000099999999966 0.00000000099999999966 0.00000000099999999966 0.00000000099999999966 0.99999999100000003249 0.00000000099999999966 0.00000000099999999966
147 147 (0) 7 : 0.00000000099999999980 0.00000000099999999980 0.00000000099999999980 0.00000000099999999980 0.99999999100000014352 0.00000000099999999980 0.00000000099999999980 0.00000000099999999980 0.00000000099999999980 0.00000000099999999980
148 148 (0) 7 : 0.11939436798373638526 0.00000000099999999997 0.00002974408585625119 0.00000000099999999997 0.01559514206284522142 0.19662749937698498215 0.31042712359669044631 0.00000000099999999997 0.35792611889388664670 0.00000000099999999997
149 149 (0) 7 : 0.10514023420910835471 0.04952472569520408041 0.00000000099999999999 0.37195763055708408462 0.00000000099999999999 0.00001068069143453320 0.10501999870212426480 0.00000000099999999999 0.03930002548168951004 0.32904670166335509007
150 150 (0) 7 : 0.99999999100000025454 0.00000000099999999985 0.00000000099999999985 0.00000000099999999985 0.00000000099999999985 0.00000000099999999985 0.00000000099999999985 0.00000000099999999985 0.00000000099999999985 0.00000000099999999985
151 151 (0) 7 : 0.00000000099999999974 0.00000000099999999974 0.00000000099999999974 0.00000000099999999974 0.00000000099999999974 0.00000000099999999974 0.00000000099999999974 0.99999999100000003249 0.00000000099999999974 0.00000000099999999974
152 152 (0) 7 : 0.09039998217821614002 0.16614339876947203933 0.04551890059518730325 0.02371902425994625724 0.00000000100000000000 0.26372102968158223080 0.33188444870856004254 0.00000000100000000000 0.07861321280703581493 0.00000000100000000000
153 153 (0) 7 : 0.00000000099999999981 0.00000000099999999981 0.00000000099999999981 0.00000000099999999981 0.00000000099999999981 0.00000000099999999981 0.00000000099999999981 0.00000000099999999981 0.00000000099999999981 0.99999999099999992147
154 154 (0) 7 : 0.00000000099999999992 0.61386320153110007780 0.00000000099999999992 0.00000000099999999992 0.00000000099999999992 0.00000000099999999992 0.00000000099999999992 0.38613679046890025948 0.00000000099999999992 0.00000000099999999992
155 155 (0) 7 : 0.00000000099999999995 0.00000000099999999995 0.00000000099999999995 0.00000000099999999995 0.00000000099999999995 0.00000000099999999995 0.00000000099999999995 0.00000000099999999995 0.37555786758221826327 0.62444212441778179645
156 156 (0) 7 : 0.00000000099999999984 0.00000000099999999984 0.00000000099999999984 0.00000000099999999984 0.00000000099999999984 0.00000000099999999984 0.99999999099999992147 0.00000000099999999984 0.00000000099999999984 0.00000000099999999984
157 157 (0) 7 : 0.00000000099999999985 0.00000000099999999985 0.00000000099999999985 0.00000000099999999985 0.00000000099999999985 0.00000000099999999985 0.99999999099999992147 0.00000000099999999985 0.00000000099999999985 0.00000000099999999985
158 158 (0) 7 : 0.19123126731971154535 0.00000000099999999999 0.03368579214907763825 0.07675451085261236761 0.21503649922796824745 0.19818171331954842485 0.25923152106928532001 0.02587869306179656909 0.00000000099999999999 0.00000000099999999999
159 159 (0) 7 : 0.08476992204784174201 0.00000000099999999999 0.00000000099999999999 0.00000000099999999999 0.00000000099999999999 0.07556610108533820536 0.18100857244842935567 0.00000000099999999999 0.01070016486509054940 0.64795523455330017448
160 160 (0) 7 : 0.21364617958743134518 0.17438136163369696852 0.00454521181850083521 0.10383944797170670260 0.06126623360307979077 0.00000000100000000000 0.09942678250757214231 0.04356493283368525343 0.11461960873500039171 0.18471024030932661764
161 161 (0) 7 : 0.00000000099999999994 0.00000000099999999994 0.00000000099999999994 0.00000000099999999994 0.00000000099999999994 0.12873241560910389514 0.00000000099999999994 0.00000000099999999994 0.00000000099999999994 0.87126757639089613683
162 162 (0) 7 : 0.00000000099999999999 0.22239114520365887984 0.14905212137034862252 0.07892293177329029463 0.00000000099999999999 0.12294681580614019722 0.10382279860678501893 0.00000000099999999999 0.20147834480016146852 0.12138583943961560319
163 163 (0) 7 : 0.00000000099999999991 0.00000000099999999991 0.00000000099999999991 0.00000000099999999991 0.00000000099999999991 0.00000000099999999991 0.99999999099999992147 0.00000000099999999991 0.00000000099999999991 0.00000000099999999991
164 164 (0) 7 : 0.00000000099999999999 0.00000000099999999999 0.24713225097834504163 0.18593332335634873975 0.19098817155260489065 0.13594756007911928952 0.00471935215052195559 0.10617822926946700324 0.00625730541012578089 0.12284380520346704913
165 165 (0) 7 : 0.00000000099999999997 0.00000000099999999997 0.08916188413758417697 0.00000000099999999997 0.03246900268429738640 0.18386166960060851272 0.00000000099999999997 0.00000000099999999997 0.27846170980909218384 0.41604572876841777740
166 166 (0) 7 : 0.00000000099999999998 0.07376308415948733266 0.00000000099999999998 0.00000000099999999998 0.32727175099680161363 0.00000000099999999998 0.01936310994240798486 0.00000000099999999998 0.33279987534902827351 0.24680217455227471124
167 167 (0) 7 : 0.00000000099999999995 0.17195485200220184119 0.00000000099999999995 0.00000000099999999995 0.00000000099999999995 0.26502645397696211749 0.30871941787238099675 0.25429927014845493671 0.00000000099999999995 0.00000000099999999995
168 168 (0) 7 : 0.00000000099999999996 0.00000000099999999996 0.32907061857473424160 0.00000000099999999996 0.35408243251502147242 0.00000000099999999996 0.00162035859927890766 0.31522658431096545195 0.00000000099999999996 0.00000000099999999996
169 169 (0) 7 : 0.00000000099999999998 0.18311309570477649067 0.00000000099999999998 0.25832934121060191490 0.00000000099999999998 0.00000000099999999998 0.00000000099999999998 0.00000000099999999998 0.00000037641587780565 0.55855718066874360250
1 1 (0) 1 : 0.00002873954567098454 0.16949042189296326111 0.00000000099999999997 0.00000000099999999997 0.45112994355911273381 0.37935088900225327757 0.00000000099999999997 0.00000000099999999997 0.00000000099999999997 0.00000000099999999997
2 2 (0) 1 : 0.00000000099999999996 0.08099819779636603656 0.41223328532243597166 0.00000000099999999996 0.00000000099999999996 0.00000000099999999996 0.21797776714609964910 0.28879074373509838747 0.00000000099999999996 0.00000000099999999996
3 3 (0) 1 : 0.00000000099999999998 0.15487120353747030332 0.00000000099999999998 0.18715573435133958657 0.16847206485560822786 0.00000000099999999998 0.00000000099999999998 0.33612004106787207736 0.15338031196205115236 0.00000064022565865159
4 4 (0) 1 : 0.00000000099999999983 0.00000000099999999983 0.99999999100000014352 0.00000000099999999983 0.00000000099999999983 0.00000000099999999983 0.00000000099999999983 0.00000000099999999983 0.00000000099999999983 0.00000000099999999983
5 5 (0) 1 : 0.00000000099999999997 0.29525348170349396959 0.00000000099999999997 0.00000000099999999997 0.00000000099999999997 0.00000000099999999997 0.00000000099999999997 0.00000000099999999997 0.33897155315873134240 0.36577495813777449740
6 6 (0) 1 : 0.00000000099999999998 0.11099683754835344696 0.18106668712783594022 0.21361632553766790599 0.25274928294168147458 0.00000000099999999998 0.00000000099999999998 0.13232768498104136023 0.00000000099999999998 0.10924317786341991576
7 7 (0) 1 : 0.27386797591853878631 0.00000000099999999998 0.00000000099999999998 0.00000000099999999998 0.23840201305137914689 0.00000000099999999998 0.00000000099999999998 0.00000000099999999998 0.20998207319213632593 0.27774793183794571627
8 8 (0) 1 : 0.00000000099999999998 0.00000000099999999998 0.00000000099999999998 0.00000000099999999998 0.00000000099999999998 0.15240718027934432866 0.00000000099999999998 0.84759279206072424273 0.00000002065993145009 0.00000000099999999998
9 9 (0) 1 : 0.39089450042628071103 0.34538370156073833206 0.00000000099999999999 0.00000000099999999999 0.00000000099999999999 0.00000446635360092674 0.26371714105308419196 0.00000018560629588275 0.00000000099999999999 0.00000000099999999999
10 10 (0) 1 : 0.15744900899631655844 0.00025319877601197679 0.16364218060320528947 0.00000000100000000000 0.21011603586864424642 0.00000000100000000000 0.02431228896810302964 0.00000000100000000000 0.44422728278771878019 0.00000000100000000000
11 11 (0) 1 : 0.99999999100000025454 0.00000000099999999991 0.00000000099999999991 0.00000000099999999991 0.00000000099999999991 0.00000000099999999991 0.00000000099999999991 0.00000000099999999991 0.00000000099999999991 0.00000000099999999991
12 12 (0) 1 : 0.00000000099999999998 0.00000000099999999998 0.00000000099999999998 0.00000000099999999998 0.00000000099999999998 0.28179905951178707557 0.00000000099999999998 0.00000000099999999998 0.71820093248821270659 0.00000000099999999998
13 13 (0) 2 : 0.00000000099999999990 0.00000000099999999990 0.00000000099999999990 0.00000000099999999990 0.00000000099999999990 0.99999999100000003249 0.00000000099999999990 0.00000000099999999990 0.00000000099999999990 0.00000000099999999990
14 14 (0) 2 : 0.99999999100000014352 0.00000000099999999986 0.00000000099999999986 0.00000000099999999986 0.00000000099999999986 0.00000000099999999986 0.00000000099999999986 0.00000000099999999986 0.00000000099999999986 0.00000000099999999986
15 15 (0) 2 : 0.77465189562448788507 0.00000000099999999995 0.00000000099999999995 0.00000000099999999995 0.00000000099999999995 0.22534809637551239669 0.00000000099999999995 0.00000000099999999995 0.00000000099999999995 0.00000000099999999995
16 16 (0) 2 : 0.99999999100000014352 0.00000000099999999993 0.00000000099999999993 0.00000000099999999993 0.00000000099999999993 0.00000000099999999993 0.00000000099999999993 0.00000000099999999993 0.00000000099999999993 0.00000000099999999993
17 17 (0) 2 : 0.50616974680174353640 0.00000000099999999996 0.00000000099999999996 0.00000000099999999996 0.00000000099999999996 0.00000000099999999996 0.00000000099999999996 0.49383024519825680088 0.00000000099999999996 0.00000000099999999996
18 18 (0) 2 : 0.74587310652793747945 0.00000000099999999994 0.00000000099999999994 0.00000000099999999994 0.00000000099999999994 0.00000000099999999994 0.00000000099999999994 0.00000000099999999994 0.25412688547206280232 0.00000000099999999994
19 19 (0) 2 : 0.82168949767540644391 0.00000003832667950082 0.00000000099999999998 0.00000000099999999998 0.00000000099999999998 0.00000000099999999998 0.00000000099999999998 0.00000000099999999998 0.17831045699791411852 0.00000000099999999998
20 20 (0) 2 : 0.10348166659716483140 0.17410495101177772548 0.13437816127599058746 0.00000000099999999999 0.00000000099999999999 0.00239589039215079179 0.00000000099999999999 0.14785803435835453978 0.20346207900213672537 0.23431921436242472701
21 21 (0) 2 : 0.00000000099999999999 0.00000021386740975031 0.00000000099999999999 0.00000000228647920526 0.99999977684611118800 0.00000000099999999999 0.00000000099999999999 0.00000000099999999999 0.00000000099999999999 0.00000000099999999999
22 22 (0) 2 : 0.11220539677481576601 0.00000000099999999996 0.00000000099999999996 0.00000000099999999996 0.00000000099999999996 0.34741595226380733719 0.00000000099999999996 0.00000000099999999996 0.54037863082876347320 0.00000001413261329184
23 23 (0) 2 : 0.43826658654602418386 0.26781972142270815684 0.00000000099999999999 0.00000000099999999999 0.00000000099999999999 0.00000000099999999999 0.00000000099999999999 0.29391368503126780176 0.00000000099999999999 0.00000000099999999999
24 24 (0) 2 : 0.00042780652512856425 0.00000000099999999996 0.00000000099999999996 0.00000000099999999996 0.00000000099999999996 0.00000000099999999996 0.39006792570967702138 0.60950426076519448326 0.00000000099999999996 0.00000000099999999996
25 25 (0) 2 : 0.32393129446033636087 0.14803150749536791997 0.00000000099999999999 0.15963033800859979805 0.00000000099999999999 0.00000000099999999999 0.13267293935035276431 0.23573391568534321494 0.00000000099999999999 0.00000000099999999999
26 26 (0) 2 : 0.00000000099999999993 0.00000000099999999993 0.00000000099999999993 0.00000000099999999993 0.00000000099999999993 0.34286026933719149223 0.00000000099999999993 0.00000000099999999993 0.65713972266280828993 0.00000000099999999993
27 27 (0) 2 : 0.00000000099999999996 0.00000000099999999996 0.00000000099999999996 0.36092986780362107391 0.00000000099999999996 0.00000000099999999996 0.00000000099999999996 0.00000000099999999996 0.63907012419637876377 0.00000000099999999996
28 28 (0) 2 : 0.46672164495587092903 0.00000000099999999998 0.00000000099999999998 0.00000000099999999998 0.00000000099999999998 0.35558094949462548673 0.10250783248313259655 0.00000000099999999998 0.07518956706637087983 0.00000000099999999998
29 29 (0) 2 : 0.00000000099999999999 0.15487649727131827526 0.00000000099999999999 0.00000000099999999999 0.16446775109626443623 0.00000000099999999999 0.00000000099999999999 0.01872486909662242696 0.29667406202282575745 0.36525681551296912408
30 30 (0) 2 : 0.41819179581870435936 0.00000000099999999999 0.00000000099999999999 0.00000000099999999999 0.00000000099999999999 0.12895207543183867527 0.00000000099999999999 0.23430608917838058325 0.11667150569433087925 0.10187852887674535285
31 31 (0) 2 : 0.28422623063945262611 0.00000000099999999998 0.28855235707420429092 0.00000000099999999998 0.00000000099999999998 0.00000000099999999998 0.00000000099999999998 0.00000000099999999998 0.04677614834764233509 0.38044525793870087593
32 32 (0) 2 : 0.15883085365985261106 0.00000000099999999998 0.37173527425664493196 0.08314172104332698265 0.00000000099999999998 0.00646422260407454163 0.07055192069714644187 0.00000000099999999998 0.30927600373895458574 0.00000000099999999998
33 33 (0) 2 : 0.99999999100000014352 0.00000000099999999990 0.00000000099999999990 0.00000000099999999990 0.00000000099999999990 0.00000000099999999990 0.00000000099999999990 0.00000000099999999990 0.00000000099999999990 0.00000000099999999990
34 34 (0) 3 : 0.00000000099999999998 0.00000000099999999998 0.14778202205048915352 0.00000000099999999998 0.23446933431439603845 0.00000000099999999998 0.00000000099999999998 0.07757712489701196201 0.25620709153829251958 0.28396442219981032906
35 35 (0) 3 : 0.00000000099999999978 0.00000000099999999978 0.00000000099999999978 0.00000000099999999978 0.00000000099999999978 0.00000000099999999978 0.00000000099999999978 0.00000000099999999978 0.00000000099999999978 0.99999999099999992147
36 36 (0) 3 : 0.00000000099999999995 0.23989281853023089464 0.00000000099999999995 0.00000000099999999995 0.76010717346976908182 0.00000000099999999995 0.00000000099999999995 0.00000000099999999995 0.00000000099999999995 0.00000000099999999995
37 37 (0) 3 : 0.00000000099999999998 0.00000000099999999998 0.30149275078272341766 0.00000000099999999998 0.22632772649620735983 0.21212443506608338883 0.00000000099999999998 0.14903943503908756441 0.00000000099999999998 0.11101564761589842456
38 38 (0) 3 : 0.00000000099999999999 0.00000000099999999999 0.33728843354350374062 0.00000000099999999999 0.07797501389762361013 0.02172853936319003865 0.15196181765897784355 0.35403625554762624406 0.05700993598907840715 0.00000000099999999999
39 39 (0) 3 : 0.00078144153095953070 0.00000000099999999998 0.37049074732504028162 0.36043165359879836274 0.26829615154520186637 0.00000000099999999998 0.00000000099999999998 0.00000000099999999998 0.00000000099999999998 0.00000000099999999998
40 40 (0) 3 : 0.00000000099999999998 0.00000000099999999998 0.00000000099999999998 0.00000000439799409616 0.20907961299341326633 0.00000000099999999998 0.47806542174419652813 0.00000000099999999998 0.15230083348937556442 0.16055412237502061923
41 41 (0) 3 : 0.06727712670503141479 0.00000000099999999999 0.00000000099999999999 0.00000000099999999999 0.25266389286660706492 0.00000000099999999999 0.13560576948232175298 0.00000000099999999999 0.23952532608351892462 0.30492787986252073429
42 42 (0) 3 : 0.28307086817457710604 0.00000000099999999998 0.00000000099999999998 0.00019235816713567829 0.29581042846360761089 0.00000000099999999998 0.00000000099999999998 0.25840758520701706535 0.00000000099999999998 0.16251875498766260586
43 43 (0) 3 : 0.00000000099999999979 0.00000000099999999979 0.00000000099999999979 0.00000000099999999979 0.00000000099999999979 0.00000000099999999979 0.99999999099999992147 0.00000000099999999979 0.00000000099999999979 0.00000000099999999979
44 44 (0) 3 : 0.00000000099999999997 0.00000000099999999997 0.00000000099999999997 0.00000000099999999997 0.11032876292280620334 0.26891756726085996876 0.00000510511301540137 0.28433550299542348361 0.00000000099999999997 0.33641305670789500848
45 45 (0) 3 : 0.00000000099999999995 0.00000000099999999995 0.00000000465203338490 0.11565282284883970920 0.00000000099999999995 0.00000000099999999995 0.24778947814921509218 0.39566286476473727651 0.00000000099999999995 0.24089482458517461061
46 46 (0) 3 : 0.00000000099999999997 0.00000000099999999997 0.34028933579846937230 0.26213893062013621238 0.00017062481370910660 0.06819034874043262973 0.23694598346980910719 0.09226477255744351680 0.00000000099999999997 0.00000000099999999997
47 47 (0) 3 : 0.00000000099999999997 0.00000000099999999997 0.00000000099999999997 0.19396833372613575541 0.00000000099999999997 0.29329328585505481941 0.00000000099999999997 0.12335730665458743971 0.15611236867941563622 0.23326870008480635188
48 48 (0) 3 : 0.00000000099999999983 0.00000000099999999983 0.00000000099999999983 0.00000000099999999983 0.00000000099999999983 0.00000000099999999983 0.00000000099999999983 0.00000000099999999983 0.00000000099999999983 0.99999999100000003249
49 49 (0) 3 : 0.00000000099999999985 0.00000000099999999985 0.00000000099999999985 0.00000000099999999985 0.00000000099999999985 0.00000000099999999985 0.00000000099999999985 0.99999999099999992147 0.00000000099999999985 0.00000000099999999985
50 50 (0) 3 : 0.05510694270403699441 0.00000000099999999999 0.08156124930973808473 0.16007935773403825230 0.19413200171773897784 0.00000000099999999999 0.19344925320851349970 0.16402817581646747525 0.04486955000383353181 0.10677346750563322664
51 51 (0) 3 : 0.00000000099999999989 0.00000000099999999989 0.99999999100000003249 0.00000000099999999989 0.00000000099999999989 0.00000000099999999989 0.00000000099999999989 0.00000000099999999989 0.00000000099999999989 0.00000000099999999989
52 52 (0) 3 : 0.29796558286372248903 0.00000000099999999994 0.00000000099999999994 0.00000000099999999994 0.00000000099999999994 0.00000000099999999994 0.70203440913627745967 0.00000000099999999994 0.00000000099999999994 0.00000000099999999994
53 53 (0) 3 : 0.07376764002870733750 0.08221321439090961691 0.08354398397907857043 0.23934300019656665204 0.00000000099999999999 0.00000000099999999999 0.00000000099999999999 0.23606417412817468082 0.03120602886397372266 0.25386195541258926855
54 54 (0) 3 : 0.00000000099999999992 0.00000000099999999992 0.00000000099999999992 0.00000000099999999992 0.64039283169069693979 0.35960716030930323095 0.00000000099999999992 0.00000000099999999992 0.00000000099999999992 0.00000000099999999992
55 55 (0) 3 : 0.00000000099999999996 0.32833517253248906131 0.00000000099999999996 0.00000000099999999996 0.00000000099999999996 0.00000000099999999996 0.00000000099999999996 0.67166481946751077636 0.00000000099999999996 0.00000000099999999996
56 56 (0) 3 : 0.00000000099999999997 0.00000000099999999997 0.09691357651892446023 0.21514278471396236503 0.32605370669475464140 0.00000000099999999997 0.06934390470000048601 0.23216881469769518054 0.06037720867466284808 0.00000000099999999997
57 57 (0) 3 : 0.00000000099999999995 0.19664720723721407225 0.26636094393368120459 0.00000000099999999995 0.30688130525043932906 0.00000000099999999995 0.00000000099999999995 0.23011053757866550828 0.00000000099999999995 0.00000000099999999995
58 58 (0) 3 : 0.00000000099999999986 0.00000000099999999986 0.00000000099999999986 0.00000000099999999986 0.00000000099999999986 0.00000000099999999986 0.99999999099999992147 0.00000000099999999986 0.00000000099999999986 0.00000000099999999986
59 59 (0) 3 : 0.00000000099999999981 0.00000000099999999981 0.00000000099999999981 0.99999999100000003249 0.00000000099999999981 0.00000000099999999981 0.00000000099999999981 0.00000000099999999981 0.00000000099999999981 0.00000000099999999981
60 60 (0) 4 : 0.39859872653920691565 0.00000000099999999996 0.34948865757092928419 0.00000000099999999996 0.00000000099999999996 0.25191260888986383160 0.00000000099999999996 0.00000000099999999996 0.00000000099999999996 0.00000000099999999996
61 61 (0) 4 : 0.35787271636852491241 0.00000000099999999992 0.00000000099999999992 0.00000000099999999992 0.00000000099999999992 0.42966908969343703406 0.00000000099999999992 0.00000000099999999992 0.00000000099999999992 0.21245818693803789068
62 62 (0) 4 : 0.19022658505878672908 0.00000000099999999998 0.00000000099999999998 0.34554028202950426429 0.00000000099999999998 0.00000000099999999998 0.28701161551647341730 0.02399915807650790378 0.00000000099999999998 0.15322235431872782696
63 63 (0) 4 : 0.00000000099999999994 0.00000000099999999994 0.00000000099999999994 0.00000000099999999994 0.75224442671393565440 0.24775556528606443307 0.00000000099999999994 0.00000000099999999994 0.00000000099999999994 0.00000000099999999994
64 64 (0) 4 : 0.16000001597687421584 0.00000000099999999997 0.23558637125433090631 0.00000000099999999997 0.29922343194664335897 0.00000000099999999997 0.30519017482215160531 0.00000000099999999997 0.00000000099999999997 0.00000000099999999997
65 65 (0) 4 : 0.00000000099999999984 0.00000000099999999984 0.00000000099999999984 0.99999999100000003249 0.00000000099999999984 0.00000000099999999984 0.00000000099999999984 0.00000000099999999984 0.00000000099999999984 0.00000000099999999984
66 66 (0) 4 : 0.00011548167181502023 0.00000000099999999997 0.42798009686128757334 0.00000000099999999997 0.00000000099999999997 0.00000000099999999997 0.36626367015213007194 0.00000000099999999997 0.00000000099999999997 0.20564074531476742025
67 67 (0) 4 : 0.21281085183551737283 0.00000000099999999998 0.15018898526221094447 0.00000000099999999998 0.00000000099999999998 0.15939319061150777901 0.10665279382071649050 0.37095417347004744357 0.00000000099999999998 0.00000000099999999998
68 68 (0) 4 : 0.00000000099999999987 0.00000000099999999987 0.00000000099999999987 0.99999999100000003249 0.00000000099999999987 0.00000000099999999987 0.00000000099999999987 0.00000000099999999987 0.00000000099999999987 0.00000000099999999987
69 69 (0) 4 : 0.00000000099999999987 0.00000000099999999987 0.00000000099999999987 0.00000000099999999987 0.99999999100000003249 0.00000000099999999987 0.00000000099999999987 0.00000000099999999987 0.00000000099999999987 0.00000000099999999987
70 70 (0) 4 : 0.19097694561366007626 0.00000000099999999995 0.00000000099999999995 0.00000000099999999995 0.00000000099999999995 0.41811964340320340039 0.14232926140295182327 0.00000000099999999995 0.24857414358018464773 0.00000000099999999995
71 71 (0) 4 : 0.00000000099999999999 0.00000000099999999999 0.21985326526340889797 0.15851059354189628303 0.00000000099999999999 0.00000000099999999999 0.28000010973610428566 0.11030608090741321481 0.11701355382095214586 0.11431639273022510539
72 72 (0) 4 : 0.59875480352231702508 0.00000000099999999994 0.00000000099999999994 0.00000000099999999994 0.00000000099999999994 0.00000000099999999994 0.00000000099999999994 0.40124518847768314567 0.00000000099999999994 0.00000000099999999994
73 73 (0) 4 : 0.00000000099999999997 0.00000000099999999997 0.00000000099999999997 0.00000000099999999997 0.22220527323225139349 0.00000000099999999997 0.00000000099999999997 0.38390262639961969526 0.21223391773027724949 0.18165817663785180369
74 74 (0) 4 : 0.00000000099999999995 0.00000000099999999995 0.00000000099999999995 0.00000000099999999995 0.00000000099999999995 0.00000000099999999995 0.00000000099999999995 0.00000000099999999995 0.00000000099999999995 0.99999999100000003249
75 75 (0) 4 : 0.00000000099999999978 0.00000000099999999978 0.00000000099999999978 0.00000000099999999978 0.00000000099999999978 0.00000000099999999978 0.00000000099999999978 0.00000000099999999978 0.00000000099999999978 0.99999999100000003249
76 76 (0) 4 : 0.00000000099999999997 0.00000000099999999997 0.00000000099999999997 0.00000000099999999997 0.00000000099999999997 0.00000000099999999997 0.00000000099999999997 0.42564597997738656820 0.00000000099999999997 0.57435401202261326947
77 77 (0) 4 : 0.00000000099999999999 0.07973628172926537638 0.00000000099999999999 0.00000000099999999999 0.40318863885244266010 0.00000000099999999999 0.00000000099999999999 0.00000000099999999999 0.33507947778095276137 0.18199559563733899714
78 78 (0) 4 : 0.00000000099999999994 0.00000000099999999994 0.00000000099999999994 0.00000000099999999994 0.65604538412151536253 0.00000000099999999994 0.00000000099999999994 0.00000000099999999994 0.34395460787848464168 0.00000000099999999994
79 79 (0) 4 : 0.00000000099999999998 0.00000000099999999998 0.15329810460893086854 0.00000000099999999998 0.20729474812999276745 0.00000000099999999998 0.00000000099999999998 0.23045650441576487344 0.07387667804507283553 0.33507395980023862991
80 80 (0) 4 : 0.00000000099999999999 0.08260546241166195902 0.27465902197190300571 0.22807429716337154768 0.24520132754461462787 0.00000000099999999999 0.00000000099999999999 0.16945987910150639433 0.00000000780694258481 0.00000000099999999999
81 81 (0) 4 : 0.43753473143673105028 0.00000000099999999999 0.12797378813370877126 0.07904305431639792323 0.00000000099999999999 0.22167520430794873665 0.00000000099999999999 0.00000000099999999999 0.02181007035346453973 0.11196314745174898442
82 82 (0) 4 : 0.00000000100000000000 0.00000000100000000000 0.20517182012446386064 0.00000150966965629683 0.49676273296266909574 0.00000000100000000000 0.00000000100000000000 0.00000002173442257314 0.29361303377746167387 0.00445087773132667782
83 83 (0) 4 : 0.00000000099999999997 0.00000000099999999997 0.29262718132463250154 0.00000000099999999997 0.00000000099999999997 0.00000000099999999997 0.00000000099999999997 0.57483413860850629540 0.13253867306686101246 0.00000000099999999997
84 84 (0) 4 : 0.00000000099999999997 0.26474470616264578204 0.44487081884552842626 0.00000000099999999997 0.00000000099999999997 0.00000000099999999997 0.00000000099999999997 0.29038446799182593416 0.00000000099999999997 0.00000000099999999997
85 85 (0) 4 : 0.27230253361113021526 0.22985808953457179116 0.00000000099999999998 0.21796712327206335669 0.00000000099999999998 0.27987224758223472332 0.00000000099999999998 0.00000000099999999998 0.00000000099999999998 0.00000000099999999998
86 86 (0) 5 : 0.00000000099999999999 0.00000000099999999999 0.21110294431800877279 0.07998408632514755756 0.13130893083686220879 0.09139289957233213968 0.20353377074671766267 0.00000000099999999999 0.28267736420093159122 0.00000000099999999999
87 87 (0) 5 : 0.05012205439158040621 0.00000004314588599211 0.00000000100000000000 0.00000000100000000000 0.24839622239607531129 0.13817618483390109452 0.00000000808689712566 0.16645551414212783614 0.00535788554010292913 0.39149208546342934012
88 88 (0) 5 : 0.00790487622423872646 0.04344645006788237090 0.32564205068858914638 0.12984510735041873697 0.00000000099999999999 0.13653185915056700872 0.15823278223819664534 0.08524875154911049080 0.02691156736693734938 0.08623655436405947006
89 89 (0) 5 : 0.00000000099999999998 0.08424319589776665951 0.00000000099999999998 0.00000000099999999998 0.44025468332154882312 0.00000000099999999998 0.00000000099999999998 0.29905198749597411423 0.17645012728471051733 0.00000000099999999998
90 90 (0) 5 : 0.00000000099999999993 0.00000000099999999993 0.00000000099999999993 0.60725979277415353952 0.00000000099999999993 0.00000000099999999993 0.00000000099999999993 0.00000000099999999993 0.39274019922584652020 0.00000000099999999993
91 91 (0) 5 : 0.12215452200055107457 0.00000000099999999998 0.00000000099999999998 0.00000000099999999998 0.14011729410236586912 0.00000000099999999998 0.17164496045011737313 0.53488253797708362747 0.03120068020505231340 0.00000000126482980184
92 92 (0) 5 : 0.00000000099999999997 0.00000000099999999997 0.56696576006861032493 0.00000000099999999997 0.00000000099999999997 0.00000000099999999997 0.00000000099999999997 0.00000000099999999997 0.00000000099999999997 0.43303423193138990133
93 93 (0) 5 : 0.00000000099999999983 0.00000000099999999983 0.00000000099999999983 0.00000000099999999983 0.00000000099999999983 0.00000000099999999983 0.00000000099999999983 0.99999999099999992147 0.00000000099999999983 0.00000000099999999983
94 94 (0) 5 : 0.06650132255408619519 0.00000000099999999997 0.46004551382481534416 0.00000000099999999997 0.41571320431562958087 0.00000000099999999997 0.00000000099999999997 0.00000000099999999997 0.00000000099999999997 0.05773995330546898702
95 95 (0) 5 : 0.00000000099999999975 0.99999999100000025454 0.00000000099999999975 0.00000000099999999975 0.00000000099999999975 0.00000000099999999975 0.00000000099999999975 0.00000000099999999975 0.00000000099999999975 0.00000000099999999975
96 96 (0) 5 : 0.00000000099999999984 0.00000000099999999984 0.00000000099999999984 0.99999999100000003249 0.00000000099999999984 0.00000000099999999984 0.00000000099999999984 0.00000000099999999984 0.00000000099999999984 0.00000000099999999984
97 97 (0) 5 : 0.20187325151347229601 0.15861548996441204862 0.10661768301914960333 0.00000000099999999997 0.19371912419165387975 0.00000000099999999997 0.00000000099999999997 0.33917444631131232757 0.00000000099999999997 0.00000000099999999997
98 98 (0) 5 : 0.00000000099999999994 0.00000000099999999994 0.00000000099999999994 0.00000000099999999994 0.00000000099999999994 0.00000000099999999994 0.99999999100000003249 0.00000000099999999994 0.00000000099999999994 0.00000000099999999994
99 99 (0) 5 : 0.00000000099999999994 0.00000000099999999994 0.00000000099999999994 0.00000000099999999994 0.00000000099999999994 0.00000000099999999994 0.00000000099999999994 0.99999999100000003249 0.00000000099999999994 0.00000000099999999994
100 100 (0) 5 : 0.00000000099999999980 0.00000000099999999980 0.00000000099999999980 0.00000000099999999980 0.00000000099999999980 0.00000000099999999980 0.99999999099999992147 0.00000000099999999980 0.00000000099999999980 0.00000000099999999980
101 101 (0) 5 : 0.00000000099999999992 0.00000000099999999992 0.00000000099999999992 0.00000000099999999992 0.99999999100000014352 0.00000000099999999992 0.00000000099999999992 0.00000000099999999992 0.00000000099999999992 0.00000000099999999992
102 102 (0) 5 : 0.00000000099999999999 0.00000000099999999999 0.00000000099999999999 0.00000278740237572589 0.26701788893691436044 0.03784620396085730532 0.21793060231827299233 0.00000000166037373949 0.00000711674779238169 0.47719539597341337211
103 103 (0) 5 : 0.00000000099999999989 0.00000000099999999989 0.00000000099999999989 0.00000000099999999989 0.00000000099999999989 0.00000000099999999989 0.99999999099999992147 0.00000000099999999989 0.00000000099999999989 0.00000000099999999989
104 104 (0) 5 : 0.10128457160565983164 0.17737212746362246429 0.14533935935660355354 0.06879582824812066622 0.00000000099999999999 0.00000000099999999999 0.27315986778777340271 0.02503622658626394534 0.14676233717791428712 0.06224967977404190222
105 105 (0) 5 : 0.00000000099999999995 0.00000000099999999995 0.54947796724891384557 0.00000000099999999995 0.00000000099999999995 0.12542831681321228721 0.00000000099999999995 0.32509370893787398193 0.00000000099999999995 0.00000000099999999995
106 106 (0) 5 : 0.00000000099999999995 0.26424181380468869662 0.00000000099999999995 0.00000000099999999995 0.00000000099999999995 0.00000000099999999995 0.00000000099999999995 0.00000000099999999995 0.00000000099999999995 0.73575817819531108555
107 107 (0) 5 : 0.00000000099999999980 0.00000000099999999980 0.00000000099999999980 0.99999999100000003249 0.00000000099999999980 0.00000000099999999980 0.00000000099999999980 0.00000000099999999980 0.00000000099999999980 0.00000000099999999980
108 108 (0) 5 : 0.00000000099999999998 0.22862804632789598958 0.00000000099999999998 0.06658280570021357647 0.00000000099999999998 0.20231633906817955704 0.00000000099999999998 0.13803711144976255065 0.00000000099999999998 0.36443569245394846767
109 109 (0) 5 : 0.17893114021776140854 0.00000000099999999998 0.00000000099999999998 0.00000000099999999998 0.00000000099999999998 0.24088124963635035303 0.00000000099999999998 0.58018760314588813110 0.00000000099999999998 0.00000000099999999998
110 110 (0) 5 : 0.21418281975663364114 0.00000000099999999999 0.11770162543308450298 0.00017056763968192315 0.19132723467226572800 0.00209789400494458846 0.00000000099999999999 0.41230500945863746143 0.00000000099999999999 0.06221484603475233022
111 111 (0) 5 : 0.00000000099999999997 0.00000000099999999997 0.28077182638101755296 0.00000000099999999997 0.18481793761462700365 0.00000000099999999997 0.19363880801031810308 0.00000000099999999997 0.00000000099999999997 0.34077142199403737122
112 112 (0) 5 : 0.00000000099999999992 0.00000000099999999992 0.00000000099999999992 0.00000000099999999992 0.00000000099999999992 0.00000000099999999992 0.00000000099999999992 0.67472007740047079682 0.00000000099999999992 0.32527991459952920739
113 113 (0) 4 : 0.00000000099999999998 0.00000000099999999998 0.00000000099999999998 0.00000000099999999998 0.00000000099999999998 0.09366877182277828784 0.45781675288856821249 0.01305377853975830428 0.00000000099999999998 0.43546069074889509620
114 114 (0) 6 : 0.00000000099999999998 0.20608552990483272604 0.00000000099999999998 0.00000000099999999998 0.30313062895394410345 0.06353425676409907297 0.42724957837712407294 0.00000000099999999998 0.00000000099999999998 0.00000000099999999998
115 115 (0) 6 : 0.32538205488264382303 0.00000000099999999995 0.67461793711735618118 0.00000000099999999995 0.00000000099999999995 0.00000000099999999995 0.00000000099999999995 0.00000000099999999995 0.00000000099999999995 0.00000000099999999995
116 116 (0) 6 : 0.00000000099999999973 0.99999999100000014352 0.00000000099999999973 0.00000000099999999973 0.00000000099999999973 0.00000000099999999973 0.00000000099999999973 0.00000000099999999973 0.00000000099999999973 0.00000000099999999973
117 117 (0) 6 : 0.67658988529387575905 0.00000000099999999995 0.00000000099999999995 0.00000000099999999995 0.00000000099999999995 0.00000000099999999995 0.00000000099999999995 0.32341010670612441169 0.00000000099999999995 0.00000000099999999995
118 118 (0) 6 : 0.00000000099999999970 0.99999999100000025454 0.00000000099999999970 0.00000000099999999970 0.00000000099999999970 0.00000000099999999970 0.00000000099999999970 0.00000000099999999970 0.00000000099999999970 0.00000000099999999970
119 119 (0) 6 : 0.58746706427783679239 0.41253292772216343387 0.00000000099999999990 0.00000000099999999990 0.00000000099999999990 0.00000000099999999990 0.00000000099999999990 0.00000000099999999990 0.00000000099999999990 0.00000000099999999990
120 120 (0) 6 : 0.00000000099999999986 0.00000000099999999986 0.00000000099999999986 0.00000000099999999986 0.99999999100000003249 0.00000000099999999986 0.00000000099999999986 0.00000000099999999986 0.00000000099999999986 0.00000000099999999986
121 121 (0) 6 : 0.13290403659500135691 0.00000000099999999997 0.58779574016648572510 0.00000000099999999997 0.00000000099999999997 0.00000000099999999997 0.00000000099999999997 0.00000000099999999997 0.00000000099999999997 0.27930021623851319923
122 122 (0) 6 : 0.00000000099999999996 0.00000000099999999996 0.00000000099999999996 0.00000000099999999996 0.00000000099999999996 0.10086669725573033096 0.00000000099999999996 0.50956862639949562777 0.00000000099999999996 0.38956466934477412822
123 123 (0) 6 : 0.25717013958870205137 0.21918131586922801057 0.20535108810165536575 0.00000000099999999998 0.12105148145241823032 0.00000000099999999998 0.00000000099999999998 0.01784613839212686320 0.00000000099999999998 0.17939983259586966824
124 124 (0) 6 : 0.00000000099999999996 0.00000000099999999996 0.67843538419847115861 0.00000000099999999996 0.32156460780152890111 0.00000000099999999996 0.00000000099999999996 0.00000000099999999996 0.00000000099999999996 0.00000000099999999996
125 125 (0) 6 : 0.00000000099999999998 0.00000000099999999998 0.00000000099999999998 0.00000000099999999998 0.28537550744127487823 0.12859870836452463871 0.00000000099999999998 0.34570674013929009183 0.24031903805491022785 0.00000000099999999998
126 126 (0) 6 : 0.00000000099999999997 0.25121791232265633376 0.09224479608036195710 0.00000000099999999997 0.17242654527670028819 0.00000000099999999997 0.00000000099999999997 0.00000000099999999997 0.00000000099999999997 0.48411074032028156289
127 127 (0) 6 : 0.00000000099999999976 0.00000000099999999976 0.00000000099999999976 0.00000000099999999976 0.00000000099999999976 0.99999999100000003249 0.00000000099999999976 0.00000000099999999976 0.00000000099999999976 0.00000000099999999976
128 128 (0) 6 : 0.00000000099999999994 0.00000000099999999994 0.28497501001658037678 0.00000000099999999994 0.00000000099999999994 0.00000000099999999994 0.00000000099999999994 0.71502498198341957192 0.00000000099999999994 0.00000000099999999994
129 129 (0) 6 : 0.00000000099999999999 0.00000000099999999999 0.48171840351044609152 0.00000000099999999999 0.25574146295476696267 0.04583715468151756262 0.00000000099999999999 0.01659192755593447838 0.04735109136897288490 0.15275995592836208448
130 130 (0) 6 : 0.25286321853692711459 0.00000000099999999996 0.00000000099999999996 0.00000000099999999996 0.23386807950598506589 0.00000000099999999996 0.00000000099999999996 0.27483617349292249754 0.00000000099999999996 0.23843252246416513085
131 131 (0) 6 : 0.31670105320841818175 0.36447532242510805034 0.00000000099999999995 0.31882361736647391037 0.00000000099999999995 0.00000000099999999995 0.00000000099999999995 0.00000000099999999995 0.00000000099999999995 0.00000000099999999995
132 132 (0) 6 : 0.00000000099999999998 0.00000000099999999998 0.00000000099999999998 0.26282388945138046576 0.00000000099999999998 0.00000000099999999998 0.30333301144711366515 0.00000000099999999998 0.13972842955139089249 0.29411466355011495200
133 133 (0) 6 : 0.00000000099999999993 0.00000000099999999993 0.00000000099999999993 0.00000000099999999993 0.00000000099999999993 0.00000000099999999993 0.00000000099999999993 0.99999999099999992147 0.00000000099999999993 0.00000000099999999993
134 134 (0) 6 : 0.06936895542066395803 0.03995941487494755751 0.22129282079709117204 0.34820305491096720241 0.04265486053590106935 0.01178114752337365047 0.00000000099999999999 0.12110128422499617795 0.00000000099999999999 0.14563845971205929830
135 135 (0) 6 : 0.51373276883003438087 0.00000000099999999996 0.00000000099999999996 0.00000000099999999996 0.00000000099999999996 0.19839098763036078221 0.28787623653960492387 0.00000000099999999996 0.00000000099999999996 0.00000000099999999996
136 136 (0) 6 : 0.05672014001454390997 0.14208459721778943230 0.30228794002915643224 0.00000000099999999999 0.00000000099999999999 0.00000000099999999999 0.17634944179066602832 0.03878159820581384559 0.12741361611630450112 0.15636266362572581734
137 137 (0) 6 : 0.00000000099999999999 0.14637924919986097794 0.24344885814069733287 0.00000000099999999999 0.00000000099999999999 0.20694192753618101399 0.00000020821619853999 0.04197781507027606440 0.00000000099999999999 0.36125193783678616333
138 138 (0) 6 : 0.00000000099999999996 0.00000000099999999996 0.35553242017418135168 0.00000000099999999996 0.00000000099999999996 0.00000000099999999996 0.00000000099999999996 0.00000000099999999996 0.00000000099999999996 0.64446757182581848600
139 139 (0) 6 : 0.00000000099999999999 0.09084015897790646832 0.16763138943880309673 0.00000000099999999999 0.29823422731575449651 0.13401096912486909485 0.19751933329303306142 0.11176391784963363163 0.00000000099999999999 0.00000000099999999999
140 140 (0) 6 : 0.29297072759922121454 0.00000000099999999998 0.16381905467301619006 0.00000000099999999998 0.00000000099999999998 0.15969774152491925112 0.09255526748696071837 0.00000000099999999998 0.13781818697563888443 0.15313901774024371583
141 141 (0) 6 : 0.00000000099999999975 0.00000000099999999975 0.00000000099999999975 0.00000000099999999975 0.00000000099999999975 0.00000000099999999975 0.00000000099999999975 0.00000000099999999975 0.99999999099999992147 0.00000000099999999975
142 142 (0) 7 : 0.00000000099999999998 0.00000000099999999998 0.00000000099999999998 0.31954319287516519399 0.00000000099999999998 0.00000000099999999998 0.01852998822608306964 0.26470686267894505406 0.00000000099999999998 0.39721995021980666118
143 143 (0) 7 : 0.40896243287288824853 0.00000000099999999988 0.00000000099999999988 0.00000000099999999988 0.00000000099999999988 0.59103755912711175569 0.00000000099999999988 0.00000000099999999988 0.00000000099999999988 0.00000000099999999988
144 144 (0) 7 : 0.00000000099999999998 0.00000000099999999998 0.06400204619397187322 0.17798579880556344990 0.21563424459940164213 0.25056381084764345335 0.04569452400468742431 0.00000000099999999998 0.00000000099999999998 0.24611957154873218001
145 145 (0) 7 : 0.02495702366358931723 0.00000000099999999997 0.53127552902565133852 0.00000000099999999997 0.00000000099999999997 0.00000000099999999997 0.44376744031075937569 0.00000000099999999997 0.00000000099999999997 0.00000000099999999997
146 146 (0) 7 : 0.00000000099999999975 0.00000000099999999975 0.00000000099999999975 0.00000000099999999975 0.00000000099999999975 0.00000000099999999975 0.00000000099999999975 0.00000000099999999975 0.99999999099999992147 0.00000000099999999975
147 147 (0) 7 : 0.00000000099999999989 0.00000000099999999989 0.00000000099999999989 0.45185968612929128252 0.00000000099999999989 0.00000000099999999989 0.00000000099999999989 0.54814030587070861067 0.00000000099999999989 0.00000000099999999989
148 148 (0) 7 : 0.00000000099999999997 0.00000000099999999997 0.61758613056171474121 0.00000000099999999997 0.00000000107449830919 0.00000000099999999997 0.38241386136378707761 0.00000000099999999997 0.00000000099999999997 0.00000000099999999997
149 149 (0) 7 : 0.00000000099999999968 0.00000000099999999968 0.00000000099999999968 0.00000000099999999968 0.00000000099999999968 0.99999999100000014352 0.00000000099999999968 0.00000000099999999968 0.00000000099999999968 0.00000000099999999968
150 150 (0) 7 : 0.00000000099999999979 0.00000000099999999979 0.00000000099999999979 0.00000000099999999979 0.00000000099999999979 0.00000000099999999979 0.00000000099999999979 0.00000000099999999979 0.99999999099999992147 0.00000000099999999979
151 151 (0) 7 : 0.46381925231071297056 0.00000000099999999999 0.12259957645216548738 0.00000000099999999999 0.14846414523394665941 0.14082238925824636100 0.00000000099999999999 0.00000000099999999999 0.12429463174492859368 0.00000000099999999999
152 152 (0) 7 : 0.00000000099999999996 0.00000000099999999996 0.00000000099999999996 0.00000000099999999996 0.00000000099999999996 0.00000000099999999996 0.99999999100000003249 0.00000000099999999996 0.00000000099999999996 0.00000000099999999996
153 153 (0) 7 : 0.76129651790005226086 0.00000000099999999988 0.00000000099999999988 0.00000000099999999988 0.00000000099999999988 0.23870347409994796539 0.00000000099999999988 0.00000000099999999988 0.00000000099999999988 0.00000000099999999988
154 154 (0) 7 : 0.03613852133645224785 0.00000000099999999996 0.00000000099999999996 0.00000000099999999996 0.00000000099999999996 0.00000000099999999996 0.46212986559355589966 0.50173160606999189781 0.00000000099999999996 0.00000000099999999996
155 155 (0) 7 : 0.44206125211530650221 0.23465109471113743123 0.00000000099999999997 0.00000000099999999997 0.00000000099999999997 0.00000000099999999997 0.00000000099999999997 0.00000000099999999997 0.14920368039346307287 0.17408396678009308012
156 156 (0) 7 : 0.00000000099999999982 0.00000000099999999982 0.99999999100000014352 0.00000000099999999982 0.00000000099999999982 0.00000000099999999982 0.00000000099999999982 0.00000000099999999982 0.00000000099999999982 0.00000000099999999982
157 157 (0) 7 : 0.00000000099999999984 0.00000000099999999984 0.00000000099999999984 0.00000000099999999984 0.99999999100000003249 0.00000000099999999984 0.00000000099999999984 0.00000000099999999984 0.00000000099999999984 0.00000000099999999984
158 158 (0) 7 : 0.00000000099999999998 0.15241600378995290299 0.24922385318112111330 0.00000000099999999998 0.00000000099999999998 0.10752239033388508171 0.23672403303140909792 0.00000000099999999998 0.00000000099999999998 0.25411371466363186222
159 159 (0) 7 : 0.58146500514603360887 0.13551210809934713386 0.28302287975461931646 0.00000000099999999999 0.00000000099999999999 0.00000000099999999999 0.00000000099999999999 0.00000000099999999999 0.00000000099999999999 0.00000000099999999999
160 160 (0) 7 : 0.00000069662672045508 0.21248150461891171514 0.00000000099999999998 0.00000063425863207286 0.20683582704610353753 0.37758982198266893837 0.00000000099999999998 0.20309151146696341472 0.00000000099999999998 0.00000000099999999998
161 161 (0) 7 : 0.71254489244989771546 0.00000000099999999994 0.00000000099999999994 0.00000000099999999994 0.00000000099999999994 0.00000000099999999994 0.00000000099999999994 0.00000000099999999994 0.28745509955010245529 0.00000000099999999994
162 162 (0) 7 : 0.17501452736959843826 0.00000000099999999995 0.00000000099999999995 0.00000000099999999995 0.64094147605621276664 0.00000000099999999995 0.00000000099999999995 0.00000000099999999995 0.00000000099999999995 0.18404398957418896532
163 163 (0) 7 : 0.00000000099999999997 0.09043629861188419439 0.51292896462184733863 0.00000000099999999997 0.39663472976626851230 0.00000000099999999997 0.00000000099999999997 0.00000000099999999997 0.00000000099999999997 0.00000000099999999997
164 164 (0) 7 : 0.33641878607506470189 0.00000000099999999998 0.00000000099999999998 0.00000000099999999998 0.35556378391969545305 0.00000000099999999998 0.00000000099999999998 0.00000000099999999998 0.00000000099999999998 0.30801742300523982099
165 165 (0) 7 : 0.34552262828033625253 0.12932451214583157162 0.00000018594441225386 0.00000000099999999999 0.17448007858840242079 0.01810291944076892687 0.00000000099999999999 0.08536920347798616915 0.03916938913377605858 0.20803108098848632768
166 166 (0) 7 : 0.23440000722226461694 0.00000000099999999996 0.00000000099999999996 0.25974576704031587804 0.38912997848915914512 0.00000000099999999996 0.11672424124826043246 0.00000000099999999996 0.00000000099999999996 0.00000000099999999996
167 167 (0) 7 : 0.00000000099999999997 0.02600858294762907127 0.23842616995771445665 0.00000003848997780474 0.32986994318123308290 0.00000000099999999997 0.40569525827066610368 0.00000000315277943266 0.00000000099999999997 0.00000000099999999997
168 168 (0) 7 : 0.07547206752479257430 0.00000000099999999998 0.00000000099999999998 0.41094198962545641640 0.00000000099999999998 0.00000000099999999998 0.26483241573430377214 0.00000000099999999998 0.00000000099999999998 0.24875352111544732359
169 169 (0) 7 : 0.60423092631823338561 0.08025609226098810722 0.00000000099999999998 0.14405306818479812758 0.00291436837995948236 0.16854553985602113708 0.00000000099999999998 0.00000000099999999998 0.00000000099999999998 0.00000000099999999998
