-------------------------------------------------------------------------------
 L       Percentage of nodes in the largest component
 D       Percentage of nodes in components of size at most 3 [-div option]
 R       Percentage of nodes not in L or D: 100 - L -D
 S       Percentage of nodes that are singletons
 E       Fraction of edges retained (input graph has 380)
 cce     Expected size of component, nodewise [ sum(sz^2) / sum^2(sz) ]
 EW      Edge weight traits (mean, median and IQR)
 ND      Node degree traits [mean, median and IQR]
 CCF     Clustering coefficient (scale 1-100)
 eff     Induced component efficiency relative to start graph (scale 1-1000)
Total number of nodes: 20
----------------------------------------------------------------------------------------------
  L   D   R   S     E     cce  EWmean   EWmed   EWiqr  NDmean   NDmed  NDiqr CCF  eff  Cutoff 
----------------------------------------------------------------------------------------------
100   0   0   0 0.547      20    0.56    0.55    0.06    10.4    10.5    4.5   -    -     0.50
100   0   0   0 0.500      20    0.57    0.55    0.05     9.5    10.5    5.5   -    -     0.51
 95   5   0   5 0.416      18    0.58    0.57    0.05     7.9     8.5    4.5   -    -     0.52
 95   5   0   5 0.379      18    0.58    0.57    0.04     7.2     7.5    3.5   -    -     0.53
 95   5   0   5 0.316      18    0.59    0.58    0.04     6.0     5.5    3.5   -    -     0.54
 95   5   0   5 0.279      18    0.60    0.59    0.03     5.3     4.5    2.5   -    -     0.55
 90  10   0  10 0.221      16    0.61    0.59    0.03     4.2     3.5    2.5   -    -     0.56
 90  10   0  10 0.195      16    0.62    0.59    0.03     3.7     3.5    3.5   -    -     0.57
 80  20   0  10 0.174      13    0.62    0.59    0.03     3.3     3.5    2.5   -    -     0.58
 70  30   0  10 0.100      10    0.65    0.62    0.03     1.9     1.5    1.5   -    -     0.59
 50  50   0  40 0.063       6    0.69    0.62    0.01     1.2     1.5    2.5   -    -     0.60
 50  50   0  40 0.063       6    0.69    0.62    0.01     1.2     1.5    2.5   -    -     0.61
 25  75   0  65 0.032       2    0.76    0.65    0.37     0.6     0.5    1.5   -    -     0.62
 20  80   0  70 0.026       2    0.79    0.68    0.37     0.5     0.5    1.5   -    -     0.63
  0 100   0  70 0.016       1    0.89    1.00    0.16     0.3     0.5    1.5   -    -     0.64
  0 100   0  70 0.016       1    0.89    1.00    0.16     0.3     0.5    1.5   -    -     0.65
  0 100   0  70 0.016       1    0.89    1.00    0.16     0.3     0.5    1.5   -    -     0.66
  0 100   0  70 0.016       1    0.89    1.00    0.16     0.3     0.5    1.5   -    -     0.67
  0 100   0  80 0.011       1    1.00    1.00    0.00     0.2     0.5    0.5   -    -     0.68
  0 100   0  80 0.011       1    1.00    1.00    0.00     0.2     0.5    0.5   -    -     0.69
  0 100   0  80 0.011       1    1.00    1.00    0.00     0.2     0.5    0.5   -    -     0.70
  0 100   0  80 0.011       1    1.00    1.00    0.00     0.2     0.5    0.5   -    -     0.71
  0 100   0  80 0.011       1    1.00    1.00    0.00     0.2     0.5    0.5   -    -     0.72
  0 100   0  80 0.011       1    1.00    1.00    0.00     0.2     0.5    0.5   -    -     0.73
  0 100   0  80 0.011       1    1.00    1.00    0.00     0.2     0.5    0.5   -    -     0.74
  0 100   0  80 0.011       1    1.00    1.00    0.00     0.2     0.5    0.5   -    -     0.75
  0 100   0  80 0.011       1    1.00    1.00    0.00     0.2     0.5    0.5   -    -     0.76
  0 100   0  80 0.011       1    1.00    1.00    0.00     0.2     0.5    0.5   -    -     0.77
  0 100   0  80 0.011       1    1.00    1.00    0.00     0.2     0.5    0.5   -    -     0.78
  0 100   0  80 0.011       1    1.00    1.00    0.00     0.2     0.5    0.5   -    -     0.79
  0 100   0  80 0.011       1    1.00    1.00    0.00     0.2     0.5    0.5   -    -     0.80
  0 100   0  80 0.011       1    1.00    1.00    0.00     0.2     0.5    0.5   -    -     0.81
  0 100   0  80 0.011       1    1.00    1.00    0.00     0.2     0.5    0.5   -    -     0.82
  0 100   0  80 0.011       1    1.00    1.00    0.00     0.2     0.5    0.5   -    -     0.83
  0 100   0  80 0.011       1    1.00    1.00    0.00     0.2     0.5    0.5   -    -     0.84
  0 100   0  80 0.011       1    1.00    1.00    0.00     0.2     0.5    0.5   -    -     0.85
  0 100   0  80 0.011       1    1.00    1.00    0.00     0.2     0.5    0.5   -    -     0.86
  0 100   0  80 0.011       1    1.00    1.00    0.00     0.2     0.5    0.5   -    -     0.87
  0 100   0  80 0.011       1    1.00    1.00    0.00     0.2     0.5    0.5   -    -     0.88
  0 100   0  80 0.011       1    1.00    1.00    0.00     0.2     0.5    0.5   -    -     0.89
  0 100   0  80 0.011       1    1.00    1.00    0.00     0.2     0.5    0.5   -    -     0.90
  0 100   0  80 0.011       1    1.00    1.00    0.00     0.2     0.5    0.5   -    -     0.91
  0 100   0  80 0.011       1    1.00    1.00    0.00     0.2     0.5    0.5   -    -     0.92
  0 100   0  80 0.011       1    1.00    1.00    0.00     0.2     0.5    0.5   -    -     0.93
  0 100   0  80 0.011       1    1.00    1.00    0.00     0.2     0.5    0.5   -    -     0.94
  0 100   0  80 0.011       1    1.00    1.00    0.00     0.2     0.5    0.5   -    -     0.95
  0 100   0  80 0.011       1    1.00    1.00    0.00     0.2     0.5    0.5   -    -     0.96
  0 100   0  80 0.011       1    1.00    1.00    0.00     0.2     0.5    0.5   -    -     0.97
  0 100   0  80 0.011       1    1.00    1.00    0.00     0.2     0.5    0.5   -    -     0.98
  0 100   0  80 0.011       1    1.00    1.00    0.00     0.2     0.5    0.5   -    -     0.99
---------------------------------------------------------------------------------------------
