1 1 (0) 1 : 0.00000000099999999998 0.00000000099999999998 0.20890915548608210428 0.37054399383274400082 0.00000000099999999998 0.00000000099999999998 0.09369779913219547507 0.00000000099999999998 0.32684904654897856124
2 2 (0) 1 : 0.04719435037604415711 0.00000000099999999998 0.00000000099999999998 0.18490699193890747232 0.17937282235389154228 0.07581453421804107418 0.30820117964282434109 0.20451011847029135216 0.00000000099999999998
3 3 (0) 1 : 0.00000000099999999998 0.00022995407489452148 0.44561842122566769353 0.00000000099999999998 0.08794220660940338385 0.17728580648209976700 0.00000000099999999998 0.28892360760793456276 0.00000000099999999998
4 4 (0) 1 : 0.00000000099999999987 0.00000000099999999987 0.00000000099999999987 0.00000000099999999987 0.00000000099999999987 0.00000000099999999987 0.99999999200000000421 0.00000000099999999987 0.00000000099999999987
5 5 (0) 1 : 0.00000000099999999999 0.20540679183821547449 0.25658388966435891065 0.18870889717307770539 0.00000000099999999999 0.22691676228364268675 0.00000000099999999999 0.00000000099999999999 0.12238365504070534973
6 6 (0) 1 : 0.00000000099999999998 0.39819309211282905014 0.00000000099999999998 0.24459088803660200551 0.17096804545710364565 0.04774321344037846943 0.13850475695308669954 0.00000000099999999998 0.00000000099999999998
7 7 (0) 1 : 0.48724687670424571273 0.00000000099999999995 0.51275311629575448524 0.00000000099999999995 0.00000000099999999995 0.00000000099999999995 0.00000000099999999995 0.00000000099999999995 0.00000000099999999995
8 8 (0) 1 : 0.00000000099999999997 0.00000000099999999997 0.00000000099999999997 0.00000000099999999997 0.00000000099999999997 0.99999999200000000421 0.00000000099999999997 0.00000000099999999997 0.00000000099999999997
9 9 (0) 1 : 0.00000000099999999999 0.00000070047851603470 0.00000000099999999999 0.18091607330860171032 0.06275649840200468732 0.15870935136864261494 0.00000000099999999999 0.00000000099999999999 0.59761737244223489540
10 10 (0) 1 : 0.00000000100000000000 0.00000000100000000000 0.00000000100000000000 0.00057481641127381179 0.00000000100000000000 0.58110536159713710447 0.41831981599158918339 0.00000000100000000000 0.00000000100000000000
11 11 (0) 1 : 0.42935238350452625822 0.00000000099999999993 0.00000000099999999993 0.00000000099999999993 0.00000000099999999993 0.00000000099999999993 0.00000000099999999993 0.00000000099999999993 0.57064760949547355118
12 12 (0) 1 : 0.00000764319039653610 0.00000000099999999999 0.00000000099999999999 0.00000000099999999999 0.37505565941287721810 0.32698029932108862994 0.00000000099999999999 0.00000000099999999999 0.29795639307563764886
13 13 (0) 2 : 0.00000000099999999997 0.00000000099999999997 0.00000000099999999997 0.00000000099999999997 0.49820952600181661607 0.00000000099999999997 0.00000000099999999997 0.00000000099999999997 0.50179046699818330435
14 14 (0) 2 : 0.47484489890155329173 0.00000000099999999987 0.00000000099999999987 0.00000000099999999987 0.00000000099999999987 0.00000000099999999987 0.00000000099999999987 0.00000000099999999987 0.52515509409844651767
15 15 (0) 2 : 0.00000000099999999993 0.00000000099999999993 0.00000000099999999993 0.00000000099999999993 0.00000000099999999993 0.00000000099999999993 0.00000000099999999993 0.00000000099999999993 0.99999999200000000421
16 16 (0) 2 : 0.00000000099999999993 0.00000000099999999993 0.00000000099999999993 0.00000000099999999993 0.00000000099999999993 0.00000000099999999993 0.00000000099999999993 0.00000000099999999993 0.99999999199999989319
17 17 (0) 2 : 0.50550774818818966505 0.32490483140619408342 0.04264155826441436842 0.00000000099999999998 0.00000000099999999998 0.00000000099999999998 0.00000000099999999998 0.00000000099999999998 0.12694585714120212860
18 18 (0) 2 : 0.30627982602027087333 0.00000000099999999995 0.00000000099999999995 0.00000000099999999995 0.00000000099999999995 0.13584570118189021048 0.00000000099999999995 0.00000000099999999995 0.55787446679783869730
19 19 (0) 2 : 0.00000000099999999999 0.00000000099999999999 0.00000000099999999999 0.00000000099999999999 0.00000000099999999999 0.00000000099999999999 0.00000000099999999999 0.00000000099999999999 0.99999999200000000421
20 20 (0) 2 : 0.00000000099999999995 0.00000000099999999995 0.79674203955541533784 0.00000000099999999995 0.00000000099999999995 0.00000000099999999995 0.00000000099999999995 0.00000000099999999995 0.20325795344458466585
21 21 (0) 2 : 0.00000000100000000000 0.67243459911621661362 0.00000000946322877720 0.19649110089829449621 0.00021725901721788229 0.00000000100000000000 0.13083499801758938230 0.00002203048745286076 0.00000000100000000000
22 22 (0) 2 : 0.24577264214949842702 0.19783093078013644361 0.04772978628605210188 0.00000000099999999998 0.00000000099999999998 0.28000818970766733207 0.03086281884818176113 0.00000000099999999998 0.19779562922846385953
23 23 (0) 2 : 0.00000000099999999999 0.00000000099999999999 0.00000000099999999999 0.00000000099999999999 0.37005468941876695776 0.00000000099999999999 0.00000000099999999999 0.00000000099999999999 0.62994530358123279612
24 24 (0) 2 : 0.00000000099999999983 0.00000000099999999983 0.99999999200000011523 0.00000000099999999983 0.00000000099999999983 0.00000000099999999983 0.00000000099999999983 0.00000000099999999983 0.00000000099999999983
25 25 (0) 2 : 0.00000000099999999978 0.00000000099999999978 0.00000000099999999978 0.00000000099999999978 0.00000000099999999978 0.99999999200000000421 0.00000000099999999978 0.00000000099999999978 0.00000000099999999978
26 26 (0) 2 : 0.10075828842965513232 0.00000000099999999999 0.00000000099999999999 0.11777432715144427189 0.12582328228255881819 0.38484689578571917856 0.20179743832368876588 0.00000000099999999999 0.06899976502693401514
27 27 (0) 2 : 0.00000000099999999998 0.00000000099999999998 0.32394096366322572278 0.00000000099999999998 0.00000000099999999998 0.31484270075707226910 0.34174905185698212229 0.00000000099999999998 0.01946727872271993010
28 28 (0) 2 : 0.00000000099999999998 0.00000000099999999998 0.00000000099999999998 0.00000000099999999998 0.23423690996308055290 0.00000000099999999998 0.00000000099999999998 0.00000000099999999998 0.76576308303691953405
29 29 (0) 2 : 0.00000000099999999998 0.00003065473302349668 0.15790386691129285057 0.00000000099999999998 0.47941171247517466725 0.36265376088050899073 0.00000000099999999998 0.00000000099999999998 0.00000000099999999998
30 30 (0) 2 : 0.00000000099999999999 0.00000000603028100664 0.00000000099999999999 0.00000000099999999999 0.20820380746126793126 0.36961433603430288164 0.00000000099999999999 0.00000000099999999999 0.42218184547414833174
31 31 (0) 2 : 0.40321197519421386746 0.36414422091499687451 0.00000000099999999997 0.00000000099999999997 0.00000000099999999997 0.00000000099999999997 0.23264379789078948324 0.00000000099999999997 0.00000000099999999997
32 32 (0) 2 : 0.19355183165479003526 0.00000000099999999999 0.00000000099999999999 0.00000000099999999999 0.00000000099999999999 0.17161981960327274410 0.24509600920365356980 0.30359559025009791311 0.08613674528818589249
33 33 (0) 2 : 0.00000000099999999984 0.00000000099999999984 0.00000000099999999984 0.00000000099999999984 0.00000000099999999984 0.00000000099999999984 0.00000000099999999984 0.00000000099999999984 0.99999999200000000421
34 34 (0) 3 : 0.00000000099999999987 0.00000000099999999987 0.99999999200000000421 0.00000000099999999987 0.00000000099999999987 0.00000000099999999987 0.00000000099999999987 0.00000000099999999987 0.00000000099999999987
35 35 (0) 3 : 0.00000000099999999986 0.99999999200000011523 0.00000000099999999986 0.00000000099999999986 0.00000000099999999986 0.00000000099999999986 0.00000000099999999986 0.00000000099999999986 0.00000000099999999986
36 36 (0) 3 : 0.00000073036606214318 0.32409110313288636007 0.16283361041397020896 0.37425555787079672898 0.00000000099999999999 0.08950679168452144174 0.00000000099999999999 0.04931220353176309079 0.00000000099999999999
37 37 (0) 3 : 0.00000000099999999997 0.00000000099999999997 0.00000000099999999997 0.00000000099999999997 0.39418222255293022815 0.00000000099999999997 0.57456362053833587300 0.00000000099999999997 0.03125415090873382568
38 38 (0) 3 : 0.00000000099999999997 0.00000000099999999997 0.00000000099999999997 0.00000000099999999997 0.00000000099999999997 0.15313855106173029919 0.49990243230837078103 0.34695901062989903396 0.00000000099999999997
39 39 (0) 3 : 0.00000000099999999990 0.00000000099999999990 0.00000000099999999990 0.00000000099999999990 0.00000000099999999990 0.00000000099999999990 0.99999999200000000421 0.00000000099999999990 0.00000000099999999990
40 40 (0) 3 : 0.00000000099999999990 0.00000000099999999990 0.00000000099999999990 0.00000000099999999990 0.00000000099999999990 0.00000000099999999990 0.00000000099999999990 0.99999999200000000421 0.00000000099999999990
41 41 (0) 3 : 0.00000000099999999985 0.00000000099999999985 0.99999999200000011523 0.00000000099999999985 0.00000000099999999985 0.00000000099999999985 0.00000000099999999985 0.00000000099999999985 0.00000000099999999985
42 42 (0) 3 : 0.00000000099999999995 0.00000000099999999995 0.00000000099999999995 0.76931921181509033136 0.00000000099999999995 0.00000000099999999995 0.00000000099999999995 0.00000000099999999995 0.23068078118490970008
43 43 (0) 3 : 0.00000000099999999995 0.51525891932635070614 0.00000000099999999995 0.00000000099999999995 0.00000000099999999995 0.00000000099999999995 0.00000000099999999995 0.48474107367364943633 0.00000000099999999995
44 44 (0) 3 : 0.00000000099999999997 0.10305433820347649487 0.00000000099999999997 0.29285492216196967741 0.38111334399120022631 0.00000000099999999997 0.00000000099999999997 0.12467043791366010097 0.09830695372969350254
45 45 (0) 3 : 0.00000000099999999992 0.29991223227159535814 0.00000000099999999992 0.00000000099999999992 0.47221226360041107517 0.00000000099999999992 0.00000000099999999992 0.22787549812799359761 0.00000000099999999992
46 46 (0) 3 : 0.06394795532034550090 0.00000000099999999998 0.00000000099999999998 0.00000000099999999998 0.15210334249076679081 0.00000000099999999998 0.22612992959870648058 0.55781876759018111933 0.00000000099999999998
47 47 (0) 3 : 0.00000000099999999999 0.60720374640831076274 0.00000000099999999999 0.00000000099999999999 0.20578121011830796672 0.00017774746976918689 0.00000000550799387709 0.00000000099999999999 0.18683728649561820445
48 48 (0) 3 : 0.00000000099999999988 0.99999999200000022626 0.00000000099999999988 0.00000000099999999988 0.00000000099999999988 0.00000000099999999988 0.00000000099999999988 0.00000000099999999988 0.00000000099999999988
49 49 (0) 3 : 0.00000000099999999980 0.00000000099999999980 0.00000000099999999980 0.00000000099999999980 0.99999999200000011523 0.00000000099999999980 0.00000000099999999980 0.00000000099999999980 0.00000000099999999980
50 50 (0) 3 : 0.00000000099999999992 0.99999999200000022626 0.00000000099999999992 0.00000000099999999992 0.00000000099999999992 0.00000000099999999992 0.00000000099999999992 0.00000000099999999992 0.00000000099999999992
51 51 (0) 3 : 0.00000000099999999987 0.00000000099999999987 0.00000000099999999987 0.00000000099999999987 0.00000000099999999987 0.00000000099999999987 0.99999999199999989319 0.00000000099999999987 0.00000000099999999987
52 52 (0) 3 : 0.50502212507267107977 0.00000000099999999996 0.00000000099999999996 0.00000000099999999996 0.00000000099999999996 0.00000000099999999996 0.00000000099999999996 0.49497786792732911820 0.00000000099999999996
53 53 (0) 3 : 0.00000000099999999995 0.53130411714482317365 0.00000000099999999995 0.46869564487331122349 0.00000000099999999995 0.00000000099999999995 0.00000000099999999995 0.00000000099999999995 0.00000023198186573798
54 54 (0) 3 : 0.00000000099999999998 0.00000000099999999998 0.00000000099999999998 0.16892287498865488082 0.00000000099999999998 0.07460367798886405333 0.24831000539579112241 0.43697397348092098524 0.07118946414576882153
55 55 (0) 3 : 0.17626213842256457931 0.00000000099999999996 0.00000000099999999996 0.35360683641314799575 0.47013101916428745586 0.00000000099999999996 0.00000000099999999996 0.00000000099999999996 0.00000000099999999996
56 56 (0) 3 : 0.00000000099999999998 0.10607064702942693712 0.00000000099999999998 0.18657562154359969009 0.00000000099999999998 0.06491280095560800212 0.27009673238865022915 0.37234419408271507423 0.00000000099999999998
57 57 (0) 3 : 0.00000000099999999986 0.00000000099999999986 0.00000000099999999986 0.99999999200000000421 0.00000000099999999986 0.00000000099999999986 0.00000000099999999986 0.00000000099999999986 0.00000000099999999986
58 58 (0) 3 : 0.00000000099999999992 0.00000000099999999992 0.00000000099999999992 0.00000000099999999992 0.00000000099999999992 0.00000000099999999992 0.00000000099999999992 0.99999999199999989319 0.00000000099999999992
59 59 (0) 3 : 0.00000000099999999990 0.99999999200000022626 0.00000000099999999990 0.00000000099999999990 0.00000000099999999990 0.00000000099999999990 0.00000000099999999990 0.00000000099999999990 0.00000000099999999990
60 60 (0) 4 : 0.26166057892801791729 0.00000000099999999998 0.00000000099999999998 0.00000000099999999998 0.00000000099999999998 0.05651001829118644515 0.30629339631744489925 0.00000000099999999998 0.37553600146335053278
61 61 (0) 4 : 0.00000000099999999997 0.34066819537520837136 0.00000000099999999997 0.00000000099999999997 0.00000000099999999997 0.00000000099999999997 0.00000000099999999997 0.00000000099999999997 0.65933179762479143804
62 62 (0) 4 : 0.28077924265931908376 0.44147084680431630810 0.00000000099999999997 0.00000000099999999997 0.00000000099999999997 0.00000000099999999997 0.00000000099999999997 0.27774990453636477783 0.00000000099999999997
63 63 (0) 4 : 0.00000000099999999987 0.00000000099999999987 0.00000000099999999987 0.99999999200000011523 0.00000000099999999987 0.00000000099999999987 0.00000000099999999987 0.00000000099999999987 0.00000000099999999987
64 64 (0) 4 : 0.21403596760515841702 0.18424694355147583358 0.00000000099999999998 0.21824249439998769096 0.00000000099999999998 0.00000000099999999998 0.10551263769149187011 0.27796195275188606555 0.00000000099999999998
65 65 (0) 4 : 0.12336126756521889614 0.52215454173407516159 0.00000000099999999998 0.00000000099999999998 0.00000000099999999998 0.00000000099999999998 0.00000000099999999998 0.35448418470070597319 0.00000000099999999998
66 66 (0) 4 : 0.00000000099999999997 0.64064972443503731547 0.00000000099999999997 0.00000000099999999997 0.00000000099999999997 0.00000000099999999997 0.00191715469490446959 0.35743311487005813287 0.00000000099999999997
67 67 (0) 4 : 0.45676519809427162944 0.00000000099999999998 0.00000000099999999998 0.00000000099999999998 0.18292887554199033229 0.00000000099999999998 0.04719402533366876679 0.31311189603006905902 0.00000000099999999998
68 68 (0) 4 : 0.00000000100000000000 0.22321225394864102620 0.18850219389010153259 0.10525623682244547585 0.00000000100000000000 0.15371595233629400945 0.29149988082292904723 0.00000000100000000000 0.03781347917958908372
69 69 (0) 4 : 0.00000000481181694721 0.17871243552918414377 0.04215775535033672999 0.33061752851612813409 0.17771745735762561891 0.08814698191463715693 0.18264783452027133492 0.00000000099999999999 0.00000000099999999999
70 70 (0) 4 : 0.17506864430729038307 0.00000000099999999999 0.14321176581221717328 0.00000000099999999999 0.00000004120557138415 0.08235616447490835823 0.00000000099999999999 0.18304446042654060056 0.41631892077347204539
71 71 (0) 4 : 0.00000000099999999999 0.09665792174822147864 0.00000000099999999999 0.02237622285885776732 0.00000000099999999999 0.14756481671997698224 0.31478770912887038547 0.41861332554407337803 0.00000000099999999999
72 72 (0) 4 : 0.99999999200000011523 0.00000000099999999989 0.00000000099999999989 0.00000000099999999989 0.00000000099999999989 0.00000000099999999989 0.00000000099999999989 0.00000000099999999989 0.00000000099999999989
73 73 (0) 4 : 0.00000000099999999997 0.00000609105668159009 0.29077763150470020692 0.48658384194996928684 0.00000000099999999997 0.22259267549071309888 0.00000000099999999997 0.00003975599793579970 0.00000000099999999997
74 74 (0) 4 : 0.00000000099999999998 0.44966655874561922701 0.55033343425438085994 0.00000000099999999998 0.00000000099999999998 0.00000000099999999998 0.00000000099999999998 0.00000000099999999998 0.00000000099999999998
75 75 (0) 4 : 0.00000000099999999995 0.53253785131517350493 0.00000000099999999995 0.00000000099999999995 0.46746214168482674856 0.00000000099999999995 0.00000000099999999995 0.00000000099999999995 0.00000000099999999995
76 76 (0) 4 : 0.02357743673576654514 0.45613092893327711330 0.22368930168417303084 0.00000000099999999998 0.29660232764678340356 0.00000000099999999998 0.00000000099999999998 0.00000000099999999998 0.00000000099999999998
77 77 (0) 4 : 0.00000000099999999999 0.00000000099999999999 0.00000000099999999999 0.20539251163878241568 0.29054927060335927758 0.50405821175785836541 0.00000000099999999999 0.00000000099999999999 0.00000000099999999999
78 78 (0) 4 : 0.00000000099999999998 0.00000000099999999998 0.39175747012962647275 0.34054548887932084567 0.00000000099999999998 0.10825566523599186586 0.00000000099999999998 0.15944137075506084611 0.00000000099999999998
79 79 (0) 4 : 0.00000000099999999997 0.17215156494314806657 0.47992019001951286006 0.00000000099999999997 0.22878813312077561637 0.00000000099999999997 0.11914010691656364005 0.00000000099999999997 0.00000000099999999997
80 80 (0) 4 : 0.00000000099999999997 0.34888390445132122508 0.00000000099999999997 0.11565757467262928471 0.00000000099999999997 0.13068482463305561292 0.40477369124299378278 0.00000000099999999997 0.00000000099999999997
81 81 (0) 4 : 0.01146250007271108241 0.14969801806865237759 0.02271342934207592340 0.00000000099999999999 0.00000000099999999999 0.01769037252619107964 0.23485301738726901966 0.00000000099999999999 0.56358265960310061082
82 82 (0) 4 : 0.00000000099999999998 0.00000000099999999998 0.99925105428769334104 0.00000000099999999998 0.00000000099999999998 0.00002959116863327418 0.00000000099999999998 0.00000000099999999998 0.00071934854367329006
83 83 (0) 4 : 0.00000000099999999999 0.22811378637571838590 0.00000000099999999999 0.25361486129285509827 0.05948732657977869737 0.14683509724759122306 0.00005749887247642825 0.31189142663157998214 0.00000000099999999999
84 84 (0) 4 : 0.09544916618620288840 0.20466621539006593644 0.00000001283116609953 0.13371111369194388363 0.19980765571968187033 0.00000000099999999999 0.05112696418477049448 0.24883022695054912710 0.06640864404561977463
85 85 (0) 4 : 0.00000000099999999996 0.00000000099999999996 0.00000000099999999996 0.00000000099999999996 0.00000000099999999996 0.60926507805764462677 0.00000000099999999996 0.00000000099999999996 0.39073491494235551569
86 86 (0) 5 : 0.00000000099999999998 0.00000060838581895046 0.00000000099999999998 0.00000000099999999998 0.00000000099999999998 0.10210650502516581406 0.23599940852867362651 0.55625125647154471942 0.10564221758879695223
87 87 (0) 5 : 0.16001993924985746798 0.11119564141749567476 0.11752606805937651502 0.08915835918655298786 0.22958987011737386208 0.08603554912861130499 0.13459759551693598056 0.07187697632379626278 0.00000000100000000000
88 88 (0) 5 : 0.08184465922586717235 0.27224659881476820367 0.00000000099999999999 0.00000000099999999999 0.04077014900037435885 0.02082016412170493991 0.29768328230103568988 0.21737499898117729202 0.06926014555507246928
89 89 (0) 5 : 0.00000000099999999999 0.00000000099999999999 0.35106591948210630338 0.32629653631630467503 0.00655440933115390440 0.31608312987043507558 0.00000000099999999999 0.00000000099999999999 0.00000000099999999999
90 90 (0) 5 : 0.00000000099999999984 0.00000000099999999984 0.99999999200000000421 0.00000000099999999984 0.00000000099999999984 0.00000000099999999984 0.00000000099999999984 0.00000000099999999984 0.00000000099999999984
91 91 (0) 5 : 0.19886264362441119502 0.00000000099999999997 0.00000000099999999997 0.00000000099999999997 0.17804054485064108038 0.00000000099999999997 0.00000000099999999997 0.62309680552494761674 0.00000000099999999997
92 92 (0) 5 : 0.00000000099999999999 0.25945684823993409029 0.13939074658999600631 0.00000000099999999999 0.13805088094448439429 0.00000000099999999999 0.32763788371057445126 0.13546363651501092118 0.00000000099999999999
93 93 (0) 5 : 0.00000000099999999981 0.00000000099999999981 0.00000000099999999981 0.00000000099999999981 0.99999999200000011523 0.00000000099999999981 0.00000000099999999981 0.00000000099999999981 0.00000000099999999981
94 94 (0) 5 : 0.00000000099999999996 0.00000000099999999996 0.00000000099999999996 0.29135269946649211548 0.00000000099999999996 0.00000000099999999996 0.70864729353350786045 0.00000000099999999996 0.00000000099999999996
95 95 (0) 5 : 0.00538984815384252816 0.00000000099999999998 0.00000000099999999998 0.22730117940234245699 0.00000000169000420432 0.11873735416092894013 0.00000000099999999998 0.18270561912710550634 0.46586599446577636741
96 96 (0) 5 : 0.00000000099999999996 0.00000000099999999996 0.00000000099999999996 0.36453209453938678619 0.00000000099999999996 0.00000000099999999996 0.00000000099999999996 0.63546789846061302320 0.00000000099999999996
97 97 (0) 5 : 0.00000000099999999983 0.00000000099999999983 0.00000000099999999983 0.00000000099999999983 0.00000000099999999983 0.99999999200000000421 0.00000000099999999983 0.00000000099999999983 0.00000000099999999983
98 98 (0) 5 : 0.00000000099999999998 0.00000000099999999998 0.00000000099999999998 0.00000000099999999998 0.00000000099999999998 0.00000000099999999998 0.00000000099999999998 0.75501722165606988124 0.24498277134393003918
99 99 (0) 5 : 0.00000000099999999999 0.47178750254472051617 0.00000000099999999999 0.00000000099999999999 0.07771329866327562896 0.21734812410768222790 0.00000000099999999999 0.23315106968432150469 0.00000000099999999999
100 100 (0) 5 : 0.11390973348327165793 0.24660761556168486752 0.21913212278968935420 0.00000001481690515402 0.00000000099999999996 0.00000000099999999996 0.00000000099999999996 0.42035050934844891968 0.00000000099999999996
101 101 (0) 5 : 0.00000000099999999997 0.00000000099999999997 0.00000000099999999997 0.36794496894334777215 0.09269230052886186233 0.00000000099999999997 0.00000000099999999997 0.53936272452779021602 0.00000000099999999997
102 102 (0) 5 : 0.00000000099999999991 0.00000000099999999991 0.00000000099999999991 0.00000000099999999991 0.99999999200000011523 0.00000000099999999991 0.00000000099999999991 0.00000000099999999991 0.00000000099999999991
103 103 (0) 5 : 0.00000000099999999994 0.00000000099999999994 0.00000000099999999994 0.00000000099999999994 0.00000000099999999994 0.00000000099999999994 0.00000000099999999994 0.99999999200000000421 0.00000000099999999994
104 104 (0) 5 : 0.16556993499182423579 0.05671712465647108653 0.00000000100000000000 0.00000000100000000000 0.15444467438456296882 0.21389934770413429610 0.12226900629490615457 0.25080221354120330046 0.03629769642689810449
105 105 (0) 5 : 0.00000000099999999992 0.00000000099999999992 0.00000000099999999992 0.00000000099999999992 0.00000000099999999992 0.00000000099999999992 0.99999999200000000421 0.00000000099999999992 0.00000000099999999992
106 106 (0) 5 : 0.00016106362252626234 0.26151830119424257504 0.42484864527417454116 0.00000000099999999999 0.09004717723953976904 0.18339204671024356141 0.00000000099999999999 0.00000000099999999999 0.04003276295927347267
107 107 (0) 5 : 0.11798193540531926038 0.07181294268347596099 0.23056345033493452767 0.00000000099999999998 0.00000000099999999998 0.00000000099999999998 0.09734791777359554088 0.48229374980267469830 0.00000000099999999998
108 108 (0) 5 : 0.00000000099999999998 0.18744332725962614683 0.26590657273050616327 0.00000000099999999998 0.37556916967725523238 0.00000000099999999998 0.00000000099999999998 0.00019466762670522860 0.17088625870590720690
109 109 (0) 5 : 0.00000000099999999996 0.00000000099999999996 0.00000000099999999996 0.00000000099999999996 0.75741028900989459949 0.00000000099999999996 0.00000000099999999996 0.00000000099999999996 0.24258970399010551522
110 110 (0) 5 : 0.00000000099999999999 0.09034313079443022365 0.00000000099999999999 0.11930252680092692796 0.19199803929482026077 0.08769717829531767372 0.35652565173121997244 0.00000000099999999999 0.15413347008328484589
111 111 (0) 5 : 0.00000000099999999997 0.38074031037894301432 0.00000000099999999997 0.00000000099999999997 0.21536697715591102131 0.00000000099999999997 0.25882759174165914651 0.14506511572348693151 0.00000000099999999997
112 112 (0) 5 : 0.00000000099999999995 0.46742321827621408081 0.25529012272779733062 0.00000000099999999995 0.26008133888876344697 0.00000000099999999995 0.00000000099999999995 0.01720531510722515811 0.00000000099999999995
113 113 (0) 4 : 0.00000000099999999997 0.00000000099999999997 0.00000000099999999997 0.00000000099999999997 0.99999999200000000421 0.00000000099999999997 0.00000000099999999997 0.00000000099999999997 0.00000000099999999997
114 114 (0) 6 : 0.06877689460864633286 0.00000000099999999999 0.19256161411612893186 0.23043019057140623485 0.22208131941867426118 0.00000000099999999999 0.00000000099999999999 0.21405846102295270073 0.07209151726219156786
115 115 (0) 6 : 0.43873166103941552141 0.00000000099999999996 0.00000000099999999996 0.00000000099999999996 0.00000000099999999996 0.00000000099999999996 0.56126833196058434350 0.00000000099999999996 0.00000000099999999996
116 116 (0) 6 : 0.13746151687455254731 0.00000000099999999999 0.00000000099999999999 0.08692502769782653460 0.00000000099999999999 0.15286683587032234843 0.00000000099999999999 0.21730592566561746093 0.40544068989168102757
117 117 (0) 6 : 0.99999999200000011523 0.00000000099999999979 0.00000000099999999979 0.00000000099999999979 0.00000000099999999979 0.00000000099999999979 0.00000000099999999979 0.00000000099999999979 0.00000000099999999979
118 118 (0) 6 : 0.00000000099999999999 0.16581495245102892411 0.16693089002019523281 0.00000002059011585354 0.00000000099999999999 0.29856544913465882241 0.00000000099999999999 0.02662708460903298255 0.34206160019496817393
119 119 (0) 6 : 0.00000000099999999992 0.00000000099999999992 0.00000000099999999992 0.00000000099999999992 0.00000000099999999992 0.23933722836969062442 0.00000000099999999992 0.00000000099999999992 0.76066276463030946253
120 120 (0) 6 : 0.00000000099999999984 0.00000000099999999984 0.00000000099999999984 0.99999999200000000421 0.00000000099999999984 0.00000000099999999984 0.00000000099999999984 0.00000000099999999984 0.00000000099999999984
121 121 (0) 6 : 0.00000000099999999996 0.00000000099999999996 0.00000000099999999996 0.00000000099999999996 0.00000000099999999996 0.00000000099999999996 0.97314114871422530140 0.00000000099999999996 0.02685884428577468841
122 122 (0) 6 : 0.00000000099999999991 0.00000000099999999991 0.00000000099999999991 0.00000000099999999991 0.99999999200000000421 0.00000000099999999991 0.00000000099999999991 0.00000000099999999991 0.00000000099999999991
123 123 (0) 6 : 0.58679471121354165319 0.00000000099999999995 0.00000000099999999995 0.00000000099999999995 0.41320528178645854478 0.00000000099999999995 0.00000000099999999995 0.00000000099999999995 0.00000000099999999995
124 124 (0) 6 : 0.00000000099999999989 0.00000000099999999989 0.00000000099999999989 0.00000000099999999989 0.00000000099999999989 0.00000000099999999989 0.99999999200000000421 0.00000000099999999989 0.00000000099999999989
125 125 (0) 6 : 0.00000000099999999995 0.00000000099999999995 0.00000000099999999995 0.00000000099999999995 0.70434479174132513801 0.29565520125867478241 0.00000000099999999995 0.00000000099999999995 0.00000000099999999995
126 126 (0) 6 : 0.00000000099999999999 0.00000000099999999999 0.36572180471799442536 0.00000000099999999999 0.43438975508148525151 0.12707933951463232236 0.07280909568588780911 0.00000000099999999999 0.00000000099999999999
127 127 (0) 6 : 0.12324479131620025285 0.05674240975664152781 0.00000000099999999999 0.10464157819901054314 0.11966977002162082488 0.00000000099999999999 0.16471455399332657343 0.00000000099999999999 0.43098689371320031416
128 128 (0) 6 : 0.00000000099999999998 0.00000000099999999998 0.00000000099999999998 0.27348437405718328819 0.42191008023805526284 0.00000000323006532854 0.16527273176624929230 0.13933280670844674920 0.00000000099999999998
129 129 (0) 6 : 0.00000000099999999997 0.00000000099999999997 0.17166021809397577491 0.45988066974229330208 0.00000000099999999997 0.00000000099999999997 0.36845910616373106494 0.00000000099999999997 0.00000000099999999997
130 130 (0) 6 : 0.36479195570488398559 0.10124239151723372909 0.00000000099999999998 0.22227244808466234405 0.31169319969322001329 0.00000000099999999998 0.00000000099999999998 0.00000000099999999998 0.00000000099999999998
131 131 (0) 6 : 0.00000000099999999997 0.24323215720662838546 0.23692290386218711751 0.00000000099999999997 0.00000000099999999997 0.00000000099999999997 0.00000000099999999997 0.00000000099999999997 0.51984493293118427815
132 132 (0) 6 : 0.00000000099999999998 0.22352948138020017899 0.00000000099999999998 0.00000000099999999998 0.13525932484065603112 0.28561694829982087196 0.00000000099999999998 0.35559424047932292057 0.00000000099999999998
133 133 (0) 6 : 0.00000000099999999999 0.00000000102202149591 0.38905424982936120948 0.00000000099999999999 0.40543897289995345368 0.00000000099999999999 0.20550677124866395529 0.00000000099999999999 0.00000000099999999999
134 134 (0) 6 : 0.00000000382801055022 0.34097249907032162186 0.16432627477512806724 0.00000000099999999999 0.00007180269744535504 0.00000000099999999999 0.17066677695668786008 0.20867667241390100430 0.11528596825850553897
135 135 (0) 6 : 0.00000000099999999996 0.00000000099999999996 0.00000000099999999996 0.00000000099999999996 0.28785893039721632825 0.00000000099999999996 0.00000000099999999996 0.00000000099999999996 0.71214106260278364768
136 136 (0) 6 : 0.00000000100000000000 0.16166967433746060046 0.11085713431657716332 0.00000000100000000000 0.14717010627820820146 0.16909553561258805487 0.16167777171578789908 0.14158986954492189247 0.10793990619445621715
137 137 (0) 6 : 0.13751656272607742926 0.26214309861345724828 0.17211084054307737579 0.22100645418001682585 0.00000000255174891323 0.00000000100000000000 0.08585359562659160282 0.12136944375903049864 0.00000000100000000000
138 138 (0) 6 : 0.00000000099999999999 0.36680803060059269383 0.34544366748511595722 0.00000000099999999999 0.10939566673585091050 0.00000012502475719300 0.17835250615368339333 0.00000000099999999999 0.00000000099999999999
139 139 (0) 6 : 0.00000443005458010936 0.19819600032107465015 0.00000000100000000000 0.32187143908103110768 0.11888656659101236313 0.10044863658673262863 0.00000000100000000000 0.22094877637750556798 0.03964414898806363496
140 140 (0) 6 : 0.11417222713620579777 0.26382570795737403380 0.00000000099999999999 0.00000000099999999999 0.00000000099999999999 0.09395077201847976123 0.23563803550055714697 0.00000000099999999999 0.29241325338738305417
141 141 (0) 6 : 0.00000000099999999983 0.00000000099999999983 0.00000000099999999983 0.00000000099999999983 0.00000000099999999983 0.99999999200000000421 0.00000000099999999983 0.00000000099999999983 0.00000000099999999983
142 142 (0) 7 : 0.00000000099999999997 0.62114347548575721270 0.12935102781183965837 0.00000000099999999997 0.24950549070240321536 0.00000000099999999997 0.00000000099999999997 0.00000000099999999997 0.00000000099999999997
143 143 (0) 7 : 0.00000000099999999993 0.00000000099999999993 0.00000000099999999993 0.00000000099999999993 0.00000000099999999993 0.00000000099999999993 0.00000000099999999993 0.00000000099999999993 0.99999999199999989319
144 144 (0) 7 : 0.15326240382741768142 0.14559229255928171631 0.25340695820132652649 0.26713519624322168422 0.14320293175669951413 0.00000000100000000000 0.03740019707887306394 0.00000001833317970434 0.00000000100000000000
145 145 (0) 7 : 0.00000000099999999998 0.00000000099999999998 0.00000000099999999998 0.45653954193243578841 0.10482875114919476545 0.00000000099999999998 0.43863170091836944930 0.00000000099999999998 0.00000000099999999998
146 146 (0) 7 : 0.31814098660048023559 0.00000000099999999998 0.22646433226808376782 0.00000000099999999998 0.00000000099999999998 0.26453159816655191783 0.00000000099999999998 0.19086307796488399813 0.00000000099999999998
147 147 (0) 7 : 0.00000000099999999988 0.00000000099999999988 0.00000000099999999988 0.00000000099999999988 0.00000000099999999988 0.00000000099999999988 0.00000000099999999988 0.99999999199999989319 0.00000000099999999988
148 148 (0) 7 : 0.00000000099999999998 0.17024831875271309589 0.13636695224328349019 0.22226084141989013720 0.00000000099999999998 0.00000000099999999998 0.32350090957480132081 0.14762297400931190250 0.00000000099999999998
149 149 (0) 7 : 0.18053578294182129338 0.00000000099999999996 0.00000000099999999996 0.17456261682231344334 0.00000000099999999996 0.00000000099999999996 0.00000000099999999996 0.12804609478299749936 0.51685550045286776655
150 150 (0) 7 : 0.00000000099999999985 0.00000000099999999985 0.00000000099999999985 0.00000000099999999985 0.00000000099999999985 0.99999999200000011523 0.00000000099999999985 0.00000000099999999985 0.00000000099999999985
151 151 (0) 7 : 0.29309180333226964033 0.00000000099999999999 0.00000000099999999999 0.00000000648953556696 0.00000000099999999999 0.00000000099999999999 0.33281525191031874344 0.00000000099999999999 0.37409293326787596001
152 152 (0) 7 : 0.00000000099999999999 0.28438656254929678413 0.00000000099999999999 0.00000000099999999999 0.00000000099999999999 0.00000000099999999999 0.00000000099999999999 0.71561343045070302527 0.00000000099999999999
153 153 (0) 7 : 0.55695490211326281749 0.00000000099999999983 0.00000000099999999983 0.00000000099999999983 0.00000000099999999983 0.00000000099999999983 0.00000000099999999983 0.00000000099999999983 0.44304509088673726946
154 154 (0) 7 : 0.14855837894785986486 0.00000000099999999997 0.00000000099999999997 0.00000000099999999997 0.22771372793843647209 0.00000000099999999997 0.00000000099999999997 0.62372788711370352743 0.00000000099999999997
155 155 (0) 7 : 0.62284343679646037018 0.00000000099999999994 0.00000000099999999994 0.00000000099999999994 0.00000000099999999994 0.37715655620353977229 0.00000000099999999994 0.00000000099999999994 0.00000000099999999994
156 156 (0) 7 : 0.00000000099999999996 0.00000000099999999996 0.00000000099999999996 0.00000000099999999996 0.00000000099999999996 0.00000000099999999996 0.38834229541529752261 0.61165769758470245332 0.00000000099999999996
157 157 (0) 7 : 0.00000000099999999995 0.00000000099999999995 0.00000000099999999995 0.00000000099999999995 0.00000000099999999995 0.00000000099999999995 0.29437209235138522834 0.70562790064861480310 0.00000000099999999995
158 158 (0) 7 : 0.00000000099999999999 0.26235451102477125307 0.00000000099999999999 0.05895798341205952392 0.02761409603336739682 0.06289140107371954391 0.08204175434914982856 0.40415088998706083512 0.10198936211987154332
159 159 (0) 7 : 0.13530689230456502403 0.00000000099999999998 0.00000000099999999998 0.00000000099999999998 0.00000000099999999998 0.11594285200785972578 0.24215142044957949086 0.00000000099999999998 0.50659883023799567869
160 160 (0) 7 : 0.11331584958983757783 0.00000000100000000000 0.02115769119902971909 0.31360841037920106356 0.04984971980505310818 0.07750689749893240055 0.00000000100000000000 0.18758976292752838066 0.23697166660041776853
161 161 (0) 7 : 0.75492154907692221588 0.00000000099999999993 0.00000000099999999993 0.00000000099999999993 0.00000000099999999993 0.00000000099999999993 0.00000000099999999993 0.00000000099999999993 0.24507844392307800985
162 162 (0) 7 : 0.00000000099999999989 0.00000000099999999989 0.00000000099999999989 0.99999999200000000421 0.00000000099999999989 0.00000000099999999989 0.00000000099999999989 0.00000000099999999989 0.00000000099999999989
163 163 (0) 7 : 0.00000000099999999998 0.00000000099999999998 0.14168530033986587169 0.38241352007150197778 0.00000000099999999998 0.00000000099999999998 0.25092292475016170217 0.22497824983847036773 0.00000000099999999998
164 164 (0) 7 : 0.13180166747807342542 0.14551034756458977593 0.35733334049012799305 0.15693231006140387351 0.00000000099999999999 0.00000000099999999999 0.00000000099999999999 0.00054823542119258287 0.20787409598461237259
165 165 (0) 7 : 0.00000032356130168047 0.00000000099999999997 0.16565625735761496662 0.44982899213815191741 0.00000000099999999997 0.00000000099999999997 0.00000000099999999997 0.00000000099999999997 0.38451442194293167232
166 166 (0) 7 : 0.27734161670031481917 0.30587266052398104366 0.00000000099999999997 0.41678571677570419585 0.00000000099999999997 0.00000000099999999997 0.00000000099999999997 0.00000000099999999997 0.00000000099999999997
167 167 (0) 7 : 0.00000000099999999998 0.03653235893505804577 0.00000000099999999998 0.00000000099999999998 0.10431161076850975489 0.00000000099999999998 0.31843548900862123086 0.54072053628781102663 0.00000000099999999998
168 168 (0) 7 : 0.09571496139531092406 0.44458529586712502990 0.00000000099999999999 0.00000000099999999999 0.00000000099999999999 0.10871281379401322165 0.00000000099999999999 0.35000118993744977480 0.00098573500610119220
169 169 (0) 7 : 0.00000000099999999996 0.00000000099999999996 0.00000000099999999996 0.25418081961519140011 0.00000000099999999996 0.00000000099999999996 0.00000000099999999996 0.00000000099999999996 0.74581917338480840929
1 1 (0) 1 : 0.00000000099999999997 0.49369046163253982318 0.00000000099999999997 0.00000000099999999997 0.50630953136746026377 0.00000000099999999997 0.00000000099999999997 0.00000000099999999997 0.00000000099999999997
2 2 (0) 1 : 0.20062600871607835784 0.24147728468828164039 0.36882028532073585225 0.05968675631717063751 0.00000000099999999999 0.00000000099999999999 0.00000000099999999999 0.12938966095773363207 0.00000000099999999999
3 3 (0) 1 : 0.19943879654633808740 0.07847118252210506795 0.46001169021826082695 0.00000000099999999999 0.13235541047540960724 0.12972291623788650972 0.00000000099999999999 0.00000000099999999999 0.00000000099999999999
4 4 (0) 1 : 0.00000000099999999995 0.44854847404628339635 0.30262666113076003294 0.00000000099999999995 0.24882356411166722809 0.00000000099999999995 0.00000000099999999995 0.00000000099999999995 0.00000129571128937942
5 5 (0) 1 : 0.00000000099999999998 0.00000000099999999998 0.00000000099999999998 0.00000000099999999998 0.00000000099999999998 0.26871249024901544544 0.22074552871666733300 0.24757392394391872226 0.26296805209039852969
6 6 (0) 1 : 0.00000000099999999997 0.00000000099999999997 0.00000000099999999997 0.00000000099999999997 0.00000000099999999997 0.00000000099999999997 0.00000000099999999997 0.45572028826670196722 0.54427970473329800871
7 7 (0) 1 : 0.00000000099999999994 0.00000000099999999994 0.00000000099999999994 0.31432472092039437372 0.00000000099999999994 0.68567527207960543567 0.00000000099999999994 0.00000000099999999994 0.00000000099999999994
8 8 (0) 1 : 0.00000000099999999997 0.99999999200000011523 0.00000000099999999997 0.00000000099999999997 0.00000000099999999997 0.00000000099999999997 0.00000000099999999997 0.00000000099999999997 0.00000000099999999997
9 9 (0) 1 : 0.00000000099999999999 0.13482329687905877935 0.02992924851255818544 0.00000000099999999999 0.00000000099999999999 0.00000000099999999999 0.83524369476055182471 0.00000375484783124426 0.00000000099999999999
10 10 (0) 1 : 0.28633647807289219767 0.00000035059181369081 0.00000000100000000000 0.00000000100000000000 0.00000000100000000000 0.00000000100000000000 0.63589374067880077845 0.00000000100000000000 0.07776942565649316852
11 11 (0) 1 : 0.00000000099999999985 0.00000000099999999985 0.00000000099999999985 0.00000000099999999985 0.00000000099999999985 0.00000000099999999985 0.99999999200000000421 0.00000000099999999985 0.00000000099999999985
12 12 (0) 1 : 0.00000000099999999999 0.00000000099999999999 0.51158459414620127692 0.48841539885379864350 0.00000000099999999999 0.00000000099999999999 0.00000000099999999999 0.00000000099999999999 0.00000000099999999999
13 13 (0) 2 : 0.00000000099999999997 0.00000000099999999997 0.43752033170633614079 0.56247966129366400168 0.00000000099999999997 0.00000000099999999997 0.00000000099999999997 0.00000000099999999997 0.00000000099999999997
14 14 (0) 2 : 0.00000000099999999978 0.00000000099999999978 0.00000000099999999978 0.00000000099999999978 0.00000000099999999978 0.00000000099999999978 0.99999999200000000421 0.00000000099999999978 0.00000000099999999978
15 15 (0) 2 : 0.00000000099999999983 0.00000000099999999983 0.00000000099999999983 0.00000000099999999983 0.00000000099999999983 0.00000000099999999983 0.99999999199999989319 0.00000000099999999983 0.00000000099999999983
16 16 (0) 2 : 0.00000000099999999981 0.00000000099999999981 0.00000000099999999981 0.00000000099999999981 0.99999999200000011523 0.00000000099999999981 0.00000000099999999981 0.00000000099999999981 0.00000000099999999981
17 17 (0) 2 : 0.00000000099999999998 0.00000000099999999998 0.09844611863611404945 0.00000000099999999998 0.00000000099999999998 0.00000000099999999998 0.64008666585934392845 0.26146720950454177546 0.00000000099999999998
18 18 (0) 2 : 0.00000000099999999985 0.00000000099999999985 0.00000000099999999985 0.99999999200000000421 0.00000000099999999985 0.00000000099999999985 0.00000000099999999985 0.00000000099999999985 0.00000000099999999985
19 19 (0) 2 : 0.00000000099999999999 0.00000000099999999999 0.00000000099999999999 0.49721973201713037804 0.25522517715776271707 0.01835023971611215304 0.22920484610899460876 0.00000000099999999999 0.00000000099999999999
20 20 (0) 2 : 0.11724190760905985054 0.00000000099999999998 0.23559746829185423955 0.26788735126394930264 0.00000000099999999998 0.37927326783513665154 0.00000000099999999998 0.00000000099999999998 0.00000000099999999998
21 21 (0) 2 : 0.00000000100000000000 0.00000000100000000000 0.06990834451924671233 0.00000000100000000000 0.00000000100000000000 0.00000000100000000000 0.00000000100000000000 0.93007753163804596230 0.00001411784270735255
22 22 (0) 2 : 0.00000000099999999999 0.00000000099999999999 0.00000921866603168461 0.47478696879642956485 0.05948147783951172884 0.21403545595810188895 0.00000000099999999999 0.08508121266089739565 0.16660566307902779926
23 23 (0) 2 : 0.00000000099999999998 0.00000000099999999998 0.40432137395975015215 0.00000000099999999998 0.00000000099999999998 0.00000000099999999998 0.59567861904024965725 0.00000000099999999998 0.00000000099999999998
24 24 (0) 2 : 0.00000000099999999983 0.00000000099999999983 0.00000000099999999983 0.00000000099999999983 0.00000000099999999983 0.99999999200000011523 0.00000000099999999983 0.00000000099999999983 0.00000000099999999983
25 25 (0) 2 : 0.00000000099999999997 0.00000000099999999997 0.21748671012277381864 0.00000000099999999997 0.00000000099999999997 0.30518838507301804253 0.47732489880420819750 0.00000000099999999997 0.00000000099999999997
26 26 (0) 2 : 0.00000000099999999996 0.00000000099999999996 0.27847818530045886920 0.28025265679431404786 0.00000000099999999996 0.00000000099999999996 0.00000000099999999996 0.00000000099999999996 0.44126915190522708610
27 27 (0) 2 : 0.00000000099999999998 0.00000000099999999998 0.23829682349331993141 0.00000000099999999998 0.16407817194035895225 0.34428736168639118009 0.01153608270135717331 0.00000000099999999998 0.24180155617857274075
28 28 (0) 2 : 0.00000000099999999994 0.00000000099999999994 0.00000000099999999994 0.99999999200000000421 0.00000000099999999994 0.00000000099999999994 0.00000000099999999994 0.00000000099999999994 0.00000000099999999994
29 29 (0) 2 : 0.00000000100000000000 0.14155595746982893579 0.41236872607472696561 0.00000000100000000000 0.00000000485781951449 0.17228014594495297263 0.00001204555024706646 0.23005731498269202384 0.04372580311973246758
30 30 (0) 2 : 0.08471153503916288574 0.31490885314308963983 0.00000000099999999998 0.00000000099999999998 0.12705718671253646290 0.00000000099999999998 0.47332242010521108355 0.00000000099999999998 0.00000000099999999998
31 31 (0) 2 : 0.24575334272391580193 0.00733208243600320508 0.00000000099999999999 0.00000000099999999999 0.14117757054935986538 0.00000000099999999999 0.25253560276907199844 0.22077625266150033290 0.13242514586014880740
32 32 (0) 2 : 0.19122762843162560698 0.00000000099999999998 0.00121919699825493127 0.32135352703935166074 0.00000000099999999998 0.18272933626106049876 0.00000000099999999998 0.00000000099999999998 0.30347030726970725123
33 33 (0) 2 : 0.00000000099999999991 0.00000000099999999991 0.00000000099999999991 0.34896034238004414174 0.22866299555686070422 0.00000000099999999991 0.42237665606309526822 0.00000000099999999991 0.00000000099999999991
34 34 (0) 3 : 0.06655677788242922444 0.15735508930083783041 0.00608995734986079312 0.00009461390655010805 0.04595764400095066204 0.16469908956449932913 0.00000000099999999999 0.21870211331950614730 0.34054471367536587323
35 35 (0) 3 : 0.00000000099999999992 0.00000000099999999992 0.00000000099999999992 0.00000000099999999992 0.00000000099999999992 0.34206310135095374658 0.00000000099999999992 0.65793689164904600730 0.00000000099999999992
36 36 (0) 3 : 0.00000000099999999998 0.20607438472095107596 0.00000000099999999998 0.00000000099999999998 0.08444303314559849227 0.00000000099999999998 0.00000000099999999998 0.28256361577141803076 0.42691896136203244527
37 37 (0) 3 : 0.00000000099999999998 0.33771075917353038376 0.37256928704450431589 0.14275789568377783567 0.00000000099999999998 0.00000000099999999998 0.00000000099999999998 0.00000000099999999998 0.14696205309818743956
38 38 (0) 3 : 0.36764788554113886354 0.00000000099999999998 0.24219693400850816900 0.00000000099999999998 0.00000000099999999998 0.00000000099999999998 0.00000000099999999998 0.00000000099999999998 0.39015517445035302613
39 39 (0) 3 : 0.39501307291416387635 0.27678720693141195541 0.00000000099999999997 0.00000000099999999997 0.13043186851008251037 0.00000000099999999997 0.00000000099999999997 0.19776784664434179928 0.00000000099999999997
40 40 (0) 3 : 0.70839799249634816114 0.00000000099999999996 0.00000000099999999996 0.00000000099999999996 0.00000000099999999996 0.00000000099999999996 0.00000000099999999996 0.29160200050365187030 0.00000000099999999996
41 41 (0) 3 : 0.00000000099999999985 0.00000000099999999985 0.00000000099999999985 0.00000000099999999985 0.00000000099999999985 0.99999999200000000421 0.00000000099999999985 0.00000000099999999985 0.00000000099999999985
42 42 (0) 3 : 0.00000000099999999999 0.47116757887377336278 0.00000000099999999999 0.00000000099999999999 0.21261213514794932711 0.00000000099999999999 0.08741900172622371623 0.22880127925205351325 0.00000000099999999999
43 43 (0) 3 : 0.00000000099999999987 0.00000000099999999987 0.00000000099999999987 0.00000000099999999987 0.00000000099999999987 0.00000000099999999987 0.00000000099999999987 0.99999999200000000421 0.00000000099999999987
44 44 (0) 3 : 0.16065988950493392817 0.00000000099999999998 0.39941436532990287622 0.13436324529282209217 0.00000000099999999998 0.00000000099999999998 0.00000000099999999998 0.30556249487234110607 0.00000000099999999998
45 45 (0) 3 : 0.32172550012959189036 0.18620284577337836707 0.21664104213367438301 0.00000000099999999993 0.00000000099999999993 0.00000000099999999993 0.00000000099999999993 0.27543060696335547322 0.00000000099999999993
46 46 (0) 3 : 0.65460916921309209027 0.00000000099999999996 0.00000000099999999996 0.00000000099999999996 0.03702548814191579385 0.00000000099999999996 0.00000000099999999996 0.00000000099999999996 0.30836533664499232721
47 47 (0) 3 : 0.00000000099999999997 0.00000000099999999997 0.46432266983819991957 0.00000000099999999997 0.39410920798849174984 0.00000000099999999997 0.00000000099999999997 0.14156811617330841702 0.00000000099999999997
48 48 (0) 3 : 0.00000000099999999987 0.00000000099999999987 0.00000000099999999987 0.00000000099999999987 0.00000000099999999987 0.00000000099999999987 0.00000000099999999987 0.99999999199999989319 0.00000000099999999987
49 49 (0) 3 : 0.00000000099999999984 0.00000000099999999984 0.99999999200000000421 0.00000000099999999984 0.00000000099999999984 0.00000000099999999984 0.00000000099999999984 0.00000000099999999984 0.00000000099999999984
50 50 (0) 3 : 0.14246286903909186061 0.00000000099999999998 0.00000000099999999998 0.00000000099999999998 0.00000000099999999998 0.00000000099999999998 0.02365355737443213674 0.34310301151718175516 0.49078055706929424318
51 51 (0) 3 : 0.00000000099999999994 0.00000000099999999994 0.00000000099999999994 0.00000000099999999994 0.00000000099999999994 0.35223865866168851957 0.00000000099999999994 0.00000000099999999994 0.64776133433831140085
52 52 (0) 3 : 0.17523582767861850540 0.00000000099999999999 0.00000000099999999999 0.22939895224444026289 0.09858569914195257355 0.17516765962874009110 0.00695835004790352693 0.06324229982296143693 0.25141120943538375343
53 53 (0) 3 : 0.00000000099999999997 0.00000000099999999997 0.36219583205335448284 0.00000000099999999997 0.00000000099999999997 0.00000000099999999997 0.12808479924900820213 0.50971936269763706839 0.00000000099999999997
54 54 (0) 3 : 0.00000000099999999988 0.00000000099999999988 0.00000000099999999988 0.00000000099999999988 0.00000000099999999988 0.00000000099999999988 0.00000000099999999988 0.00000000099999999988 0.99999999200000000421
55 55 (0) 3 : 0.00000000099999999998 0.39365704317957422864 0.46661342601247102202 0.00003850921930786423 0.00000000099999999998 0.00000000099999999998 0.13969101658864691018 0.00000000099999999998 0.00000000099999999998
56 56 (0) 3 : 0.00000000099999999989 0.00000000099999999989 0.99999999200000011523 0.00000000099999999989 0.00000000099999999989 0.00000000099999999989 0.00000000099999999989 0.00000000099999999989 0.00000000099999999989
57 57 (0) 3 : 0.00000000099999999984 0.99999999200000022626 0.00000000099999999984 0.00000000099999999984 0.00000000099999999984 0.00000000099999999984 0.00000000099999999984 0.00000000099999999984 0.00000000099999999984
58 58 (0) 3 : 0.42777451731442450722 0.00000000099999999994 0.57222547568557557973 0.00000000099999999994 0.00000000099999999994 0.00000000099999999994 0.00000000099999999994 0.00000000099999999994 0.00000000099999999994
59 59 (0) 3 : 0.20402879367819612422 0.00000000099999999998 0.00000000099999999998 0.00000000099999999998 0.17286754616964877806 0.00000000099999999998 0.00000000099999999998 0.33448152987934892666 0.28862212527280595165
60 60 (0) 4 : 0.00000000099999999983 0.00000000099999999983 0.00000000099999999983 0.00000000099999999983 0.99999999200000000421 0.00000000099999999983 0.00000000099999999983 0.00000000099999999983 0.00000000099999999983
61 61 (0) 4 : 0.00000000099999999983 0.00000000099999999983 0.00000000099999999983 0.00000000099999999983 0.99999999200000000421 0.00000000099999999983 0.00000000099999999983 0.00000000099999999983 0.00000000099999999983
62 62 (0) 4 : 0.36998588802982074197 0.00000000099999999998 0.00000000099999999998 0.00000000099999999998 0.12356616507892123624 0.00000000099999999998 0.14541327440144838357 0.36103466748980944656 0.00000000099999999998
63 63 (0) 4 : 0.00000000099999999997 0.47829392985872837274 0.16915524345709501142 0.14173058409886055142 0.00000000099999999997 0.00000000099999999997 0.00000000099999999997 0.21082023758531603930 0.00000000099999999997
64 64 (0) 4 : 0.27938276610322054783 0.07308618694302301821 0.00000000099999999999 0.00000000099999999999 0.06164668466656936241 0.00000000099999999999 0.10843476891944907325 0.19119138626917325796 0.28625820409856461701
65 65 (0) 4 : 0.34442779476482704437 0.00000000099999999997 0.00000000099999999997 0.13827561887913097927 0.00000000099999999997 0.00000000099999999997 0.00000000099999999997 0.51729658035604164645 0.00000000099999999997
66 66 (0) 4 : 0.35898755336849713649 0.00000000099999999996 0.00000000099999999996 0.00000000099999999996 0.00000000099999999996 0.00000000099999999996 0.00000000099999999996 0.64101243963150267291 0.00000000099999999996
67 67 (0) 4 : 0.19501695037764116281 0.22684901635705367884 0.00000000099999999999 0.07662601665526713735 0.23416983891116521788 0.00000000099999999999 0.04816161908788731127 0.09182193180108094710 0.12735462480990444867
68 68 (0) 4 : 0.00000000099999999999 0.37112434657612397571 0.26668978151892275275 0.14738868696683099513 0.02521756383294269932 0.00000000099999999999 0.00000000099999999999 0.18957961710517950982 0.00000000099999999999
69 69 (0) 4 : 0.00000000099999999986 0.99999999200000022626 0.00000000099999999986 0.00000000099999999986 0.00000000099999999986 0.00000000099999999986 0.00000000099999999986 0.00000000099999999986 0.00000000099999999986
70 70 (0) 4 : 0.00000000099999999996 0.00000000099999999996 0.00000000099999999996 0.63698731733329594373 0.00000000099999999996 0.00000000099999999996 0.00000000099999999996 0.36301267566670403220 0.00000000099999999996
71 71 (0) 4 : 0.62020647548400453797 0.37979351751599554898 0.00000000099999999999 0.00000000099999999999 0.00000000099999999999 0.00000000099999999999 0.00000000099999999999 0.00000000099999999999 0.00000000099999999999
72 72 (0) 4 : 0.15148478875244320019 0.08905284088246732954 0.00000000099999999999 0.16749818311691644368 0.00000000099999999999 0.07717708834538967999 0.44864408017581103305 0.06614301572697216247 0.00000000099999999999
73 73 (0) 4 : 0.00000000099999999999 0.00000000099999999999 0.28656183476718938286 0.00000000099999999999 0.00000000099999999999 0.19509815945763017697 0.00620873690428715760 0.24759752163483200738 0.26453374323606115848
74 74 (0) 4 : 0.00000000099999999997 0.00000000099999999997 0.00000000099999999997 0.00000000099999999997 0.00000000099999999997 0.00000000099999999997 0.00000000099999999997 0.99999999199999989319 0.00000000099999999997
75 75 (0) 4 : 0.00000000099999999985 0.00000000099999999985 0.00000000099999999985 0.00000000099999999985 0.00000000099999999985 0.00000000099999999985 0.00000000099999999985 0.99999999200000000421 0.00000000099999999985
76 76 (0) 4 : 0.07075176148285741706 0.10164289398378267837 0.26315430376564724613 0.00000000099999999999 0.11279183650689300622 0.00000000099999999999 0.00000000099999999999 0.45165920026081962657 0.00000000099999999999
77 77 (0) 4 : 0.17065219400684175644 0.29653367323463036831 0.11452475006353951548 0.00000000099999999999 0.00000000099999999999 0.00000000099999999999 0.18148097012510633341 0.00000000099999999999 0.23680840856988219501
78 78 (0) 4 : 0.19965803347293450964 0.37789409108735200205 0.00000000099999999998 0.00000000099999999998 0.00000000099999999998 0.42244786943971346371 0.00000000099999999998 0.00000000099999999998 0.00000000099999999998
79 79 (0) 4 : 0.00000000099999999997 0.12421932331153973106 0.09760154088054273647 0.00000000099999999997 0.00000000099999999997 0.23529813243348421392 0.00000000099999999997 0.23463350320993106579 0.30824749616450214384
80 80 (0) 4 : 0.00000000099999999999 0.14892674118650295334 0.38148253493075007237 0.00000000099999999999 0.00000000099999999999 0.09736694116295625812 0.03142675221253993234 0.00000000099999999999 0.34079702650725085533
81 81 (0) 4 : 0.00000000099999999999 0.00000000099999999999 0.00000000099999999999 0.31064992677068042903 0.34607915215001122666 0.00000000099999999999 0.09675555793200642241 0.14905007466947969852 0.09746528447782210058
82 82 (0) 4 : 0.00000000099999999998 0.00000000099999999998 0.00000000099999999998 0.00000000099999999998 0.00000000099999999998 0.99999999200000000421 0.00000000099999999998 0.00000000099999999998 0.00000000099999999998
83 83 (0) 4 : 0.40877289903386698766 0.33596867716674838622 0.08313015382158878142 0.00000000099999999999 0.00000000099999999999 0.00000000099999999999 0.03021040188373894445 0.00000060742223734478 0.14191725767181964657
84 84 (0) 4 : 0.00000000099999999993 0.00000000099999999993 0.00000000099999999993 0.00000000099999999993 0.00000000099999999993 0.00000000099999999993 0.00000000099999999993 0.00000000099999999993 0.99999999200000000421
85 85 (0) 4 : 0.00000000099999999998 0.00000000099999999998 0.00000000099999999998 0.00000000099999999998 0.21606022878618491578 0.09339626271783668665 0.43064477714133991837 0.00000000099999999998 0.25989872635463850958
86 86 (0) 5 : 0.00000000099999999988 0.00000000099999999988 0.00000000099999999988 0.00000000099999999988 0.00000000099999999988 0.00000000099999999988 0.00000000099999999988 0.00000000099999999988 0.99999999199999989319
87 87 (0) 5 : 0.00000000099999999999 0.00000000099999999999 0.28846017165758658374 0.00000000099999999999 0.00520691572500132233 0.18959294881987462378 0.10457596501129516608 0.29333469916563109647 0.11882929662061117448
88 88 (0) 5 : 0.00000000099999999998 0.00000000099999999998 0.18832901480952099482 0.00000000099999999998 0.20826102644629304605 0.00000000099999999998 0.00000000099999999998 0.25318542752331457679 0.35022452622087130170
89 89 (0) 5 : 0.00000000099999999999 0.00000000099999999999 0.71608215447100831419 0.00000000099999999999 0.00000000099999999999 0.00000000099999999999 0.04154812377921809907 0.24236971574977342336 0.00000000099999999999
90 90 (0) 5 : 0.00000000099999999984 0.00000000099999999984 0.00000000099999999984 0.00000000099999999984 0.00000000099999999984 0.99999999200000011523 0.00000000099999999984 0.00000000099999999984 0.00000000099999999984
91 91 (0) 5 : 0.54045005029693538035 0.00000000099999999997 0.28023525885618688624 0.00000000099999999997 0.17931468484687781983 0.00000000099999999997 0.00000000099999999997 0.00000000099999999997 0.00000000099999999997
92 92 (0) 5 : 0.19354609215409473988 0.00000000099999999998 0.00000000099999999998 0.00000000099999999998 0.00000000099999999998 0.24547937073500564198 0.00000000099999999998 0.19989812207483309558 0.36107641003606649743
93 93 (0) 5 : 0.00000000099999999983 0.00000000099999999983 0.99999999200000000421 0.00000000099999999983 0.00000000099999999983 0.00000000099999999983 0.00000000099999999983 0.00000000099999999983 0.00000000099999999983
94 94 (0) 5 : 0.25027561528992836593 0.32655245286919842851 0.00000000099999999999 0.00000000099999999999 0.13902069140561465477 0.00034610718194352737 0.00000000099999999999 0.06920636230911940412 0.21459876794419571744
95 95 (0) 5 : 0.00000000099999999997 0.00000000099999999997 0.30981117843917099774 0.21069030297079863190 0.08111521668031938803 0.00000000099999999997 0.29787537113608530959 0.00000000099999999997 0.10050792677362568872
96 96 (0) 5 : 0.65026087738259608084 0.34973911561740417264 0.00000000099999999993 0.00000000099999999993 0.00000000099999999993 0.00000000099999999993 0.00000000099999999993 0.00000000099999999993 0.00000000099999999993
97 97 (0) 5 : 0.00000000099999999997 0.57463326674073778033 0.00000000099999999997 0.00000000099999999997 0.00000000130319912110 0.00000000099999999997 0.21987913065466227480 0.00000000099999999997 0.20548759630140087107
98 98 (0) 5 : 0.29813216657280489086 0.30867543526059360026 0.00000000099999999999 0.26361596344415333393 0.00000000099999999999 0.00000000099999999999 0.00000000099999999999 0.00000000099999999999 0.12957642972244839963
99 99 (0) 5 : 0.24683797070300134147 0.00000000099999999998 0.27922211743545144458 0.00000000099999999998 0.00000000099999999998 0.00000000099999999998 0.06461195640388733841 0.40932795045765990594 0.00000000099999999998
100 100 (0) 5 : 0.21062645502428148370 0.16784705745877531724 0.00000000099999999998 0.11181663276790605732 0.00000000099999999998 0.01966187638875453378 0.00000000099999999998 0.33160046240760548963 0.15844751295267697766
101 101 (0) 5 : 0.59122025764070984533 0.00000000099999999998 0.40877973001361983529 0.00000000099999999998 0.00000000099999999998 0.00000000099999999998 0.00000000099999999998 0.00000000634567047228 0.00000000099999999998
102 102 (0) 5 : 0.11824289008177558957 0.10160541026280203725 0.25932041799217342426 0.00000000099999999999 0.00000000099999999999 0.11309436669083071381 0.00000000099999999999 0.40603548849764076190 0.00170142347477740996
103 103 (0) 5 : 0.55116283017443901127 0.00000000099999999997 0.16459147150574388041 0.11615609944472084225 0.00000000099999999997 0.00000000099999999997 0.00000000099999999997 0.16808959387509642136 0.00000000099999999997
104 104 (0) 5 : 0.00003829642753111987 0.15885059232101497728 0.20033171760511131465 0.00000000099999999999 0.00000000099999999999 0.26315739869909748894 0.21489988539264284761 0.16272210655460223050 0.00000000099999999999
105 105 (0) 5 : 0.15072436427894111977 0.20249880562074404344 0.31556896522852828646 0.00000000099999999998 0.00000000099999999998 0.00000000099999999998 0.00000000099999999998 0.00000000099999999998 0.33120785987178685827
106 106 (0) 5 : 0.00000000099999999990 0.00000000099999999990 0.00000000099999999990 0.00000000099999999990 0.00000000099999999990 0.99999999200000000421 0.00000000099999999990 0.00000000099999999990 0.00000000099999999990
107 107 (0) 5 : 0.91941243734692201794 0.00000000099999999990 0.00000000099999999990 0.00000000099999999990 0.00000000099999999990 0.00000000099999999990 0.08058755565307806901 0.00000000099999999990 0.00000000099999999990
108 108 (0) 5 : 0.20982558407062018579 0.12477384639347752215 0.08201017466570280356 0.10156178967073073438 0.11905473697916946207 0.36277386522029936300 0.00000000099999999999 0.00000000099999999999 0.00000000099999999999
109 109 (0) 5 : 0.00000000099999999999 0.00000000099999999999 0.34683021482733755736 0.15895895552185743127 0.19086924264200758050 0.30334158200879735023 0.00000000099999999999 0.00000000099999999999 0.00000000099999999999
110 110 (0) 5 : 0.11252364623330921023 0.20451467838760434281 0.46018258496734998353 0.00000000099999999999 0.00000000099999999999 0.00000000099999999999 0.22277908541173652157 0.00000000099999999999 0.00000000099999999999
111 111 (0) 5 : 0.00000000099999999994 0.00000000099999999994 0.00000000099999999994 0.00000000099999999994 0.00000000099999999994 0.00000000099999999994 0.00000000099999999994 0.99999999199999989319 0.00000000099999999994
112 112 (0) 5 : 0.18728174685806112110 0.12514532773464573379 0.14992708783297623021 0.00000000099999999995 0.00000000099999999995 0.23684189118699311427 0.00000000099999999995 0.30080394238732355294 0.00000000099999999995
113 113 (0) 4 : 0.00000000099999999998 0.21614487749967956076 0.00000000099999999998 0.06460532095544004039 0.00000000099999999998 0.00000000099999999998 0.00000000099999999998 0.71924979554488011058 0.00000000099999999998
114 114 (0) 6 : 0.09552574737564221985 0.24228945208162061542 0.12340496468201909985 0.18059247506064762812 0.00000000099999999999 0.00002727607113550464 0.00000000099999999999 0.14040905232671035963 0.21775103040222457129
115 115 (0) 6 : 0.00000000099999999999 0.15943133789502597630 0.00000000099999999999 0.00000000099999999999 0.07358546869436544124 0.08564378184620426160 0.29459402557989100568 0.00000000100001317591 0.38674538198450009174
116 116 (0) 6 : 0.00000000099999999996 0.38292881771515441258 0.00000000099999999996 0.61707117528484556335 0.00000000099999999996 0.00000000099999999996 0.00000000099999999996 0.00000000099999999996 0.00000000099999999996
117 117 (0) 6 : 0.00000000099999999979 0.00000000099999999979 0.00000000099999999979 0.00000000099999999979 0.99999999200000000421 0.00000000099999999979 0.00000000099999999979 0.00000000099999999979 0.00000000099999999979
118 118 (0) 6 : 0.00000000099999999997 0.00000000099999999997 0.00000000099999999997 0.00000000099999999997 0.00000000099999999997 0.10207664266397047104 0.47260312272676519019 0.20905051594504686641 0.21626971366421743337
119 119 (0) 6 : 0.00000000099999999986 0.00000000099999999986 0.00000000099999999986 0.00000000099999999986 0.00000000099999999986 0.00000000099999999986 0.99999999200000000421 0.00000000099999999986 0.00000000099999999986
120 120 (0) 6 : 0.00000000099999999996 0.29828496428756978709 0.32050937802617018857 0.00000000099999999996 0.00000000099999999996 0.00000000099999999996 0.00000000099999999996 0.12216103825619482881 0.25904461443006543409
121 121 (0) 6 : 0.00000000255656157426 0.00000000099999999999 0.12172091642346012652 0.00000000099999999999 0.00000000099999999999 0.20656352531920219029 0.15447525685862611988 0.27019054319124263808 0.24704975265090742265
122 122 (0) 6 : 0.00000000099999999998 0.00000000099999999998 0.48166912243829246298 0.00000000099999999998 0.04907172402525402516 0.00000000099999999998 0.00000000099999999998 0.46925914753645353583 0.00000000099999999998
123 123 (0) 6 : 0.00000000099999999996 0.58445567159886380182 0.00000000099999999996 0.41554432140113634064 0.00000000099999999996 0.00000000099999999996 0.00000000099999999996 0.00000000099999999996 0.00000000099999999996
124 124 (0) 6 : 0.14819044580753198970 0.23942830875414908287 0.30811630644062953932 0.00000000099999999999 0.00000000099999999999 0.00000000099999999999 0.04850780397377355696 0.25575713102391589571 0.00000000099999999999
125 125 (0) 6 : 0.00000000099999999999 0.23932558203986303846 0.40828114240584212347 0.11890216699275975298 0.00000000099999999999 0.14437371978906091141 0.00000000099999999999 0.00000000099999999999 0.08911738477247425905
126 126 (0) 6 : 0.12914364222296056961 0.00000000099999999999 0.00000000099999999999 0.00000000099999999999 0.00000000099999999999 0.51629319336872114832 0.00000000099999999999 0.13222280399353841807 0.22234035541477970011
127 127 (0) 6 : 0.00000000099999999997 0.00000000099999999997 0.00000000099999999997 0.55912900679324517572 0.00000006696899166495 0.00000000099999999997 0.00000000099999999997 0.00000000099999999997 0.44087092023776308647
128 128 (0) 6 : 0.07777644261561234007 0.23398230865995789385 0.55249286027610389205 0.00000000099999999998 0.00000000099999999998 0.00000000099999999998 0.00000000099999999998 0.13574838344832604320 0.00000000099999999998
129 129 (0) 6 : 0.00000000099999999990 0.99999999200000011523 0.00000000099999999990 0.00000000099999999990 0.00000000099999999990 0.00000000099999999990 0.00000000099999999990 0.00000000099999999990 0.00000000099999999990
130 130 (0) 6 : 0.09971664142981560841 0.26634814138402668204 0.00000000099999999999 0.11396812114658158577 0.16944573919775093862 0.13893243593244034018 0.00000000099999999999 0.21158891790938488819 0.00000000099999999999
131 131 (0) 6 : 0.00000000099999999998 0.00000000099999999998 0.00000000099999999998 0.00000000099999999998 0.00000000099999999998 0.00000000099999999998 0.62859994017478415529 0.37140005282521587615 0.00000000099999999998
132 132 (0) 6 : 0.31908010992387431104 0.14607771722180526441 0.25609087988604423147 0.03103854862045404492 0.00000000099999999999 0.07076292046817955761 0.05831240200621562453 0.11863741987342703299 0.00000000099999999999
133 133 (0) 6 : 0.00000000099999999993 0.00000000099999999993 0.99999999200000000421 0.00000000099999999993 0.00000000099999999993 0.00000000099999999993 0.00000000099999999993 0.00000000099999999993 0.00000000099999999993
134 134 (0) 6 : 0.16216629418314351674 0.00000000099999999999 0.16870976058166667344 0.00000000099999999999 0.11781836516828704531 0.00000000099999999999 0.05355234269403822550 0.33848207788471668112 0.15927115648814785254
135 135 (0) 6 : 0.00000000099999999997 0.00000000099999999997 0.00000000099999999997 0.55154996130339284388 0.27900041963060095984 0.00000000099999999997 0.00000000099999999997 0.16944961306600608841 0.00000000099999999997
136 136 (0) 6 : 0.08175287432664367360 0.19325064744122735783 0.00000000100000000000 0.09390557736917755360 0.09632871335401546609 0.30591833618991537413 0.00000000100000000000 0.17700152186016135381 0.05184232745885915261
137 137 (0) 6 : 0.08524919545589954017 0.16676383826490470685 0.11043143625276032049 0.05966996437508407386 0.11633044675943889079 0.06491339009034848007 0.00000000100000000000 0.20520872760801844858 0.19143300019354553276
138 138 (0) 6 : 0.00000000099999999999 0.00000000099999999999 0.05241017088864637075 0.00000000099999999999 0.00000000099999999999 0.35212776187839711639 0.00000000099999999999 0.40228248604321165116 0.19317957618974487821
139 139 (0) 6 : 0.00000000099999999998 0.30893014054998840789 0.00000000099999999998 0.00000000099999999998 0.00000000099999999998 0.00000000099999999998 0.00000000099999999998 0.00000000099999999998 0.69106985245001140150
140 140 (0) 6 : 0.00000000099999999998 0.00000000099999999998 0.00000000099999999998 0.48642860630672213329 0.00000000099999999998 0.00000000099999999998 0.00000000099999999998 0.51357138669327784264 0.00000000099999999998
141 141 (0) 6 : 0.00000000099999999998 0.00000000099999999998 0.27841144942192364020 0.30613997983585294893 0.00000000099999999998 0.41544856474222335851 0.00000000099999999998 0.00000000099999999998 0.00000000099999999998
142 142 (0) 7 : 0.00000000099999999997 0.00000000099999999997 0.00000020581822013253 0.00000000099999999997 0.00000000099999999997 0.16954992199494300920 0.00000000099999999997 0.47048895810764795877 0.35996090907918892876
143 143 (0) 7 : 0.00000000099999999985 0.00000000099999999985 0.00000000099999999985 0.99999999200000000421 0.00000000099999999985 0.00000000099999999985 0.00000000099999999985 0.00000000099999999985 0.00000000099999999985
144 144 (0) 7 : 0.00000000099999999999 0.19979946229035447369 0.06691898890343024597 0.10987056584019394556 0.00000000099999999999 0.15298463326875391677 0.00000000099999999999 0.00000000099999999999 0.47042634569726732297
145 145 (0) 7 : 0.00000000099999999997 0.57798134607947238006 0.38127249559387743627 0.00000000099999999997 0.00000000099999999997 0.00000000099999999997 0.04074615232665024928 0.00000000099999999997 0.00000000099999999997
146 146 (0) 7 : 0.00000000099999999995 0.00000000099999999995 0.00000000099999999995 0.29290050024922381633 0.00000000099999999995 0.70709949275077610409 0.00000000099999999995 0.00000000099999999995 0.00000000099999999995
147 147 (0) 7 : 0.99999999200000022626 0.00000000099999999981 0.00000000099999999981 0.00000000099999999981 0.00000000099999999981 0.00000000099999999981 0.00000000099999999981 0.00000000099999999981 0.00000000099999999981
148 148 (0) 7 : 0.00000000099999999996 0.32908317813475101987 0.01725935378025560477 0.00000000099999999996 0.00000000099999999996 0.00000000099999999996 0.00000000099999999996 0.25418889681572420791 0.39946856626926885436
149 149 (0) 7 : 0.14223189317169046553 0.00000000099999999997 0.00000000099999999997 0.45327017713845990654 0.40449792368984965885 0.00000000099999999997 0.00000000099999999997 0.00000000099999999997 0.00000000099999999997
150 150 (0) 7 : 0.00000000099999999998 0.00000000099999999998 0.57552247131540223979 0.42447752168459768063 0.00000000099999999998 0.00000000099999999998 0.00000000099999999998 0.00000000099999999998 0.00000000099999999998
151 151 (0) 7 : 0.00000000099999999999 0.18740418861465035771 0.10192412000596219601 0.19037969290861822547 0.30587626351871149977 0.00000000099999999999 0.21441566457320551664 0.00000006737885219361 0.00000000099999999999
152 152 (0) 7 : 0.44491754666537108864 0.02559615688184375959 0.00000000100000000000 0.00849358806508946317 0.00000000100000000000 0.06170445082659217761 0.00000000100000000000 0.32835818689590662300 0.13093006766519679762
153 153 (0) 7 : 0.00000000099999999974 0.00000000099999999974 0.00000000099999999974 0.99999999200000011523 0.00000000099999999974 0.00000000099999999974 0.00000000099999999974 0.00000000099999999974 0.00000000099999999974
154 154 (0) 7 : 0.33760192344899347949 0.00000000099999999998 0.40653648564259453613 0.00000000099999999998 0.14943063966834774225 0.10643094624006431415 0.00000000099999999998 0.00000000099999999998 0.00000000099999999998
155 155 (0) 7 : 0.07813980472305083469 0.20301289488609269851 0.00000000099999999998 0.00000000099999999998 0.25584018918744610982 0.00000000099999999998 0.46300710620341034573 0.00000000099999999998 0.00000000099999999998
156 156 (0) 7 : 0.56976355707563508535 0.00000000099999999992 0.00000000099999999992 0.00000000099999999992 0.00000000099999999992 0.00000000099999999992 0.00000000099999999992 0.00000000099999999992 0.43023643592436516814
157 157 (0) 7 : 0.99999999200000011523 0.00000000099999999982 0.00000000099999999982 0.00000000099999999982 0.00000000099999999982 0.00000000099999999982 0.00000000099999999982 0.00000000099999999982 0.00000000099999999982
158 158 (0) 7 : 0.35254693182270235852 0.00000000099999999998 0.00000000099999999998 0.13739320660419998554 0.00000000099999999998 0.00000000973272232142 0.00000000099999999998 0.43117944351726611441 0.07888040432310916561
159 159 (0) 7 : 0.00000000099999999998 0.00000000099999999998 0.00000000099999999998 0.31070289901939113220 0.00000000099999999998 0.00000000099999999998 0.37819713349644462630 0.00000000099999999998 0.31109996148416413364
160 160 (0) 7 : 0.00000000099999999999 0.00000000099999999999 0.41411833788842583592 0.10175346299405704786 0.00000000099999999999 0.00000000099999999999 0.28282760600014333896 0.00000000099999999999 0.20130058811737372437
161 161 (0) 7 : 0.00000000099999999994 0.00000000099999999994 0.00000000099999999994 0.00000000099999999994 0.63805985752723359816 0.00000000099999999994 0.36194013547276648879 0.00000000099999999994 0.00000000099999999994
162 162 (0) 7 : 0.11082148766983791754 0.26560349655817916403 0.21101392365539636820 0.00000000099999999999 0.00000000099999999999 0.06619351430164473193 0.21584804222471157265 0.13051953259023021947 0.00000000099999999999
163 163 (0) 7 : 0.00000000099999999985 0.00000000099999999985 0.00000000099999999985 0.00000000099999999985 0.00000000099999999985 0.00000000099999999985 0.00000000099999999985 0.00000000099999999985 0.99999999200000000421
164 164 (0) 7 : 0.00000000099999999999 0.15732276246054344160 0.00000000099999999999 0.04377254442495778775 0.06797134615353063458 0.31421325142126510510 0.21867061841940857447 0.07192273980653095256 0.12612673531376333846
165 165 (0) 7 : 0.00000000099999999995 0.55660468724998157786 0.00000000099999999995 0.20889743156869347573 0.00000000099999999995 0.00000000099999999995 0.23449787518132506059 0.00000000099999999995 0.00000000099999999995
166 166 (0) 7 : 0.00000000099999999994 0.72577935587357411684 0.00000000099999999994 0.00000000099999999994 0.00000000099999999994 0.00000000099999999994 0.27422037863287757053 0.00000025949354840846 0.00000000099999999994
167 167 (0) 7 : 0.21945186956174198012 0.12547881817737971399 0.38471141231099420521 0.00000000099999999998 0.00000000099999999998 0.00000000099999999998 0.00000000099999999998 0.10774075051445443363 0.16261714543542973854
168 168 (0) 7 : 0.22288496542135166623 0.24057930917586078934 0.00000000099999999999 0.00000000099999999999 0.15445284669613323913 0.15127784200865446174 0.00090618405346831320 0.22989884964453127791 0.00000000099999999999
169 169 (0) 7 : 0.00000000099999999998 0.15248678078765873223 0.00000000099999999998 0.00000000099999999998 0.24367079755008713704 0.00000000099999999998 0.60384241566225416165 0.00000000099999999998 0.00000000099999999998
