1 1 (0) 1 : 0.20779205015485582853 0.29600131277669378127 0.00000000099999999992 0.00000000099999999992 0.00000000099999999992 0.44070260228175456296 0.00000000099999999992 0.05550402978669589232 0.00000000099999999992
2 2 (0) 1 : 0.36637020979822287892 0.00000000099999999994 0.00000000099999999994 0.00000000099999999994 0.00000000099999999994 0.58099450193775947771 0.00000000099999999994 0.05263528226401756327 0.00000000099999999994
3 3 (0) 1 : 0.00000000099999999958 0.00000000099999999958 0.00000000099999999958 0.00000000099999999958 0.00000000099999999958 0.00000000099999999958 0.00000000099999999958 0.99999999200000000421 0.00000000099999999958
4 4 (0) 1 : 0.40141212380742852250 0.47722246407893237352 0.00000000099999999986 0.00000000099999999986 0.00000000099999999986 0.10986018742965887596 0.00000000099999999986 0.01150521968398026708 0.00000000099999999986
5 5 (0) 1 : 0.36462030449398785681 0.00000000099999999980 0.00000000099999999980 0.00000000099999999980 0.00000000099999999980 0.50342684079865007707 0.13195284870736201377 0.00000000099999999980 0.00000000099999999980
6 6 (0) 1 : 0.00000000099999999976 0.80464540653505134404 0.00000000099999999976 0.00000000099999999976 0.00000000099999999976 0.00000000099999999976 0.00000000099999999976 0.19535458646494868740 0.00000000099999999976
7 7 (0) 1 : 0.75146303597653230089 0.00000000099999999974 0.00000000099999999974 0.00000000099999999974 0.00000000099999999974 0.24853695702346786933 0.00000000099999999974 0.00000000099999999974 0.00000000099999999974
8 8 (0) 1 : 0.00000000099999999971 0.00000000099999999971 0.00000000099999999971 0.00000000099999999971 0.00000000099999999971 0.99999999200000000421 0.00000000099999999971 0.00000000099999999971 0.00000000099999999971
9 9 (0) 1 : 0.00000000099999999956 0.00000000099999999956 0.00000000099999999956 0.00000000099999999956 0.00000000099999999956 0.00000000099999999956 0.00000000099999999956 0.99999999199999989319 0.00000000099999999956
10 10 (0) 1 : 0.27439998173835705719 0.33106276249081406649 0.00000000099999999985 0.00000000099999999985 0.00000000099999999985 0.22435265863326644964 0.10911434623037245817 0.06107024690719002613 0.00000000099999999985
11 11 (0) 1 : 0.66922550226920274330 0.33037444122092729515 0.00000000099999999987 0.00000000099999999987 0.00000000099999999987 0.00000000099999999987 0.00040005050986997192 0.00000000099999999987 0.00000000099999999987
12 12 (0) 1 : 0.00000000099999999967 0.99999999200000011523 0.00000000099999999967 0.00000000099999999967 0.00000000099999999967 0.00000000099999999967 0.00000000099999999967 0.00000000099999999967 0.00000000099999999967
13 13 (0) 1 : 0.67472460251423571620 0.00000000099999999983 0.00000000099999999983 0.00000000099999999983 0.00000000099999999983 0.32527538423128454781 0.00000000099999999983 0.00000000725447980153 0.00000000099999999983
14 14 (0) 1 : 0.00000000099999999973 0.00000000099999999973 0.00000000099999999973 0.00000000099999999973 0.00000000099999999973 0.99999999200000011523 0.00000000099999999973 0.00000000099999999973 0.00000000099999999973
15 15 (0) 2 : 0.00000000099999999970 0.00000000099999999970 0.00000000099999999970 0.00000000099999999970 0.00000000099999999970 0.99999999200000011523 0.00000000099999999970 0.00000000099999999970 0.00000000099999999970
16 16 (0) 2 : 0.00000000099999999975 0.00000000099999999975 0.37230263438387245500 0.00181756554941823177 0.04657983786490537542 0.00000000099999999975 0.00000000099999999975 0.00000000099999999975 0.57929995720180382790
17 17 (0) 2 : 0.00000000099999999969 0.00000000099999999969 0.00000000099999999969 0.99999999200000011523 0.00000000099999999969 0.00000000099999999969 0.00000000099999999969 0.00000000099999999969 0.00000000099999999969
18 18 (0) 2 : 0.00000000099999999960 0.00000000099999999960 0.00000000099999999960 0.00000000099999999960 0.07883685806267536067 0.00000000099999999960 0.00000000099999999960 0.00000000099999999960 0.92116313493732471240
19 19 (0) 2 : 0.00000000099999999967 0.00000000099999999967 0.57566394422797828589 0.39461037984843871929 0.02972566992358291124 0.00000000099999999967 0.00000000099999999967 0.00000000099999999967 0.00000000099999999967
20 20 (0) 2 : 0.00000000099999999997 0.00000000099999999997 0.26187832604752259158 0.26695452687160398098 0.18205874437146549183 0.00000000099999999997 0.00000000099999999997 0.00000000099999999997 0.28910839770940788274
21 21 (0) 2 : 0.00000000099999999963 0.00000000099999999963 0.99999999200000000421 0.00000000099999999963 0.00000000099999999963 0.00000000099999999963 0.00000000099999999963 0.00000000099999999963 0.00000000099999999963
22 22 (0) 2 : 0.00000000099999999978 0.00000000099999999978 0.00000000099999999978 0.89387522346321757194 0.10612476953678248726 0.00000000099999999978 0.00000000099999999978 0.00000000099999999978 0.00000000099999999978
23 23 (0) 1 : 0.38588086255632347843 0.00000000099999999996 0.00000000099999999996 0.00000000099999999996 0.02453592219729871030 0.57253144319899196280 0.01705176704738564294 0.00000000099999999996 0.00000000099999999996
24 24 (0) 1 : 0.00000000099999999968 0.00000000099999999968 0.00000000099999999968 0.00000000099999999968 0.00000000099999999968 0.00000000099999999968 0.99999999200000000421 0.00000000099999999968 0.00000000099999999968
25 25 (0) 1 : 0.00000000099999999994 0.00000000099999999994 0.00000000099999999994 0.00000000099999999994 0.00000000099999999994 0.00000000099999999994 0.00000000099999999994 0.99999999200000000421 0.00000000099999999994
26 26 (0) 1 : 0.47554945981159330026 0.18149290815892929474 0.00000000099999999981 0.00000000099999999981 0.00000000099999999981 0.34295762602947749143 0.00000000099999999981 0.00000000099999999981 0.00000000099999999981
27 27 (0) 2 : 0.00000000099999999909 0.00000000099999999909 0.00000000099999999909 0.00000000099999999909 0.99999999200000011523 0.00000000099999999909 0.00000000099999999909 0.00000000099999999909 0.00000000099999999909
28 28 (0) 2 : 0.00000000099999999952 0.00000000099999999952 0.00000000099999999952 0.00000000099999999952 0.00000000099999999952 0.00000000099999999952 0.00000000099999999952 0.00000000099999999952 0.99999999200000000421
29 29 (0) 2 : 0.00000000099999999965 0.00000000099999999965 0.90255031780601913116 0.00000000099999999965 0.09744967519398090028 0.00000000099999999965 0.00000000099999999965 0.00000000099999999965 0.00000000099999999965
30 30 (0) 2 : 0.00000000099999999973 0.00000000099999999973 0.00000000099999999973 0.99999999200000011523 0.00000000099999999973 0.00000000099999999973 0.00000000099999999973 0.00000000099999999973 0.00000000099999999973
31 31 (0) 2 : 0.00000568403416052209 0.00000000099999999999 0.22434023122111659831 0.77565395167557238398 0.00000000099999999999 0.00000012806915058371 0.00000000099999999999 0.00000000099999999999 0.00000000099999999999
32 32 (0) 2 : 0.00000000099999999999 0.00000000099999999999 0.10867336281511963403 0.42367967352728147512 0.03776787918165385588 0.00000000099999999999 0.00000000099999999999 0.13944774355808742250 0.29043133691785766315
33 33 (0) 2 : 0.00000000099999999960 0.00000000099999999960 0.00000000099999999960 0.96427134058096974911 0.03572865241903021294 0.00000000099999999960 0.00000000099999999960 0.00000000099999999960 0.00000000099999999960
34 34 (0) 1 : 0.99999999200000022626 0.00000000099999999979 0.00000000099999999979 0.00000000099999999979 0.00000000099999999979 0.00000000099999999979 0.00000000099999999979 0.00000000099999999979 0.00000000099999999979
35 35 (0) 2 : 0.00000000099999999973 0.00000000099999999973 0.42137963252880777931 0.57862036047119225213 0.00000000099999999973 0.00000000099999999973 0.00000000099999999973 0.00000000099999999973 0.00000000099999999973
36 36 (0) 2 : 0.00000000099999999966 0.00000000099999999966 0.99999999200000000421 0.00000000099999999966 0.00000000099999999966 0.00000000099999999966 0.00000000099999999966 0.00000000099999999966 0.00000000099999999966
37 37 (0) 2 : 0.00000000099999999986 0.00000000099999999986 0.13487007059250116781 0.21925032130519267470 0.08975445609206292308 0.00000000099999999986 0.00000000099999999986 0.00000000099999999986 0.55612514701024318153
38 38 (0) 2 : 0.00000000099999999968 0.00000000099999999968 0.00000000099999999968 0.99999999200000011523 0.00000000099999999968 0.00000000099999999968 0.00000000099999999968 0.00000000099999999968 0.00000000099999999968
39 39 (0) 2 : 0.42292322405514048977 0.00000000099999999980 0.00000000099999999980 0.00000000099999999980 0.00000000099999999980 0.57707676894485926411 0.00000000099999999980 0.00000000099999999980 0.00000000099999999980
40 40 (0) 2 : 0.00000000099999999974 0.99999999200000011523 0.00000000099999999974 0.00000000099999999974 0.00000000099999999974 0.00000000099999999974 0.00000000099999999974 0.00000000099999999974 0.00000000099999999974
41 41 (0) 2 : 0.00000179464938977917 0.43449674156466766561 0.00000000099999999982 0.00000000099999999982 0.00000000099999999982 0.49408315145002090762 0.07141830733592156866 0.00000000099999999982 0.00000000099999999982
42 42 (0) 2 : 0.99999999200000022626 0.00000000099999999977 0.00000000099999999977 0.00000000099999999977 0.00000000099999999977 0.00000000099999999977 0.00000000099999999977 0.00000000099999999977 0.00000000099999999977
43 43 (0) 2 : 0.38752014622212749284 0.18644713174538249389 0.00000000099999999984 0.00000000099999999984 0.00000000099999999984 0.33003985507835653657 0.09599286195413364586 0.00000000099999999984 0.00000000099999999984
44 44 (0) 2 : 0.00000000099999999953 0.00000000099999999953 0.00000000099999999953 0.00000000099999999953 0.00000000099999999953 0.00000000099999999953 0.00000000099999999953 0.00000000099999999953 0.99999999200000000421
45 45 (0) 2 : 0.00000000099999999997 0.00000000099999999997 0.23302541159356143785 0.19235785451724263240 0.02128595984244939163 0.00000000099999999997 0.03870059953429424993 0.00000000099999999997 0.51463017051245218969
46 46 (0) 2 : 0.00000000099999999977 0.00000000099999999977 0.30347412042931126708 0.00000000099999999977 0.00000000099999999977 0.00000000099999999977 0.00000000099999999977 0.00000000099999999977 0.69652587257068865334
47 47 (0) 2 : 0.00000000099999999986 0.56713434054824019004 0.00000000099999999986 0.00000000099999999986 0.00000000099999999986 0.33746846905833371988 0.09539718439342603773 0.00000000099999999986 0.00000000099999999986
48 48 (0) 2 : 0.00000000099999999971 0.00000000099999999971 0.00000000099999999971 0.55486515635870592433 0.04066167961336628056 0.00000000099999999971 0.00000000099999999971 0.00000000099999999971 0.40447315802792788153
49 49 (0) 1 : 0.00000000099999999986 0.00000000099999999986 0.00000000099999999986 0.00000000099999999986 0.00000000099999999986 0.99999951832609978997 0.00000047467390019351 0.00000000099999999986 0.00000000099999999986
50 50 (0) 1 : 0.00000000099999999977 0.58364701855573286604 0.00000000099999999977 0.00000000099999999977 0.00000000099999999977 0.41635297444426727642 0.00000000099999999977 0.00000000099999999977 0.00000000099999999977
51 51 (0) 1 : 0.00000000099999999972 0.00000000099999999972 0.00000000099999999972 0.00000000099999999972 0.00000000099999999972 0.99999999200000000421 0.00000000099999999972 0.00000000099999999972 0.00000000099999999972
52 52 (0) 1 : 0.41701218059707739760 0.21398942468109832804 0.00000000099999999976 0.00000000099999999976 0.00000000099999999976 0.36899838872182449956 0.00000000099999999976 0.00000000099999999976 0.00000000099999999976
53 53 (0) 1 : 0.00000000099999999972 0.99999999200000022626 0.00000000099999999972 0.00000000099999999972 0.00000000099999999972 0.00000000099999999972 0.00000000099999999972 0.00000000099999999972 0.00000000099999999972
54 54 (0) 1 : 0.40692771559557017191 0.00025730704074046181 0.00000000099999999983 0.00000000099999999983 0.00000000099999999983 0.58856833989660151119 0.00000000099999999983 0.00424663246708775494 0.00000000099999999983
55 55 (0) 1 : 0.60622280316507670683 0.17282014165206838197 0.00000000099999999989 0.00000000099999999989 0.00000000099999999989 0.22095704918285516416 0.00000000099999999989 0.00000000099999999989 0.00000000099999999989
56 56 (0) 3 : 0.00000000099999999970 0.00000000099999999970 0.87305227323651568572 0.00000000099999999970 0.12694771976348440123 0.00000000099999999970 0.00000000099999999970 0.00000000099999999970 0.00000000099999999970
57 57 (0) 3 : 0.00000000099999999963 0.00000000099999999963 0.43653494768115452818 0.56346504531884555877 0.00000000099999999963 0.00000000099999999963 0.00000000099999999963 0.00000000099999999963 0.00000000099999999963
58 58 (0) 3 : 0.00000000099999999963 0.00000000099999999963 0.00000000099999999963 0.99999999200000000421 0.00000000099999999963 0.00000000099999999963 0.00000000099999999963 0.00000000099999999963 0.00000000099999999963
59 59 (0) 3 : 0.00000000099999999966 0.00000000099999999966 0.99999999200000011523 0.00000000099999999966 0.00000000099999999966 0.00000000099999999966 0.00000000099999999966 0.00000000099999999966 0.00000000099999999966
60 60 (0) 3 : 0.00000000099999999976 0.00000000099999999976 0.40171186212105564062 0.00000000099999999976 0.06458654863920285094 0.00000000099999999976 0.00000000099999999976 0.00000000099999999976 0.53370158323974148384
61 61 (0) 3 : 0.00000000099999999993 0.00000000099999999993 0.00000000099999999993 0.99995988546094483063 0.00000000099999999993 0.00000000099999999993 0.00000000099999999993 0.00000000099999999993 0.00004010753905541451
62 62 (0) 3 : 0.00000000099999999962 0.00000000099999999962 0.00000000099999999962 0.99999999200000011523 0.00000000099999999962 0.00000000099999999962 0.00000000099999999962 0.00000000099999999962 0.00000000099999999962
63 63 (0) 4 : 0.00000000099999999967 0.00000000099999999967 0.00000000099999999967 0.00000000099999999967 0.00000000099999999967 0.00000000099999999967 0.00000000099999999967 0.99999999200000000421 0.00000000099999999967
64 64 (0) 4 : 0.50031316196620567727 0.00001599591737028743 0.00000000099999999981 0.00000000099999999981 0.00000000099999999981 0.49967083611642409968 0.00000000099999999981 0.00000000099999999981 0.00000000099999999981
65 65 (0) 4 : 0.99999999200000022626 0.00000000099999999976 0.00000000099999999976 0.00000000099999999976 0.00000000099999999976 0.00000000099999999976 0.00000000099999999976 0.00000000099999999976 0.00000000099999999976
66 66 (0) 3 : 0.00000000099999999960 0.00000000099999999960 0.00000000099999999960 0.00000000099999999960 0.00000000099999999960 0.00000000099999999960 0.00000000099999999960 0.00000000099999999960 0.99999999199999989319
67 67 (0) 3 : 0.00000000099999999976 0.00000000099999999976 0.67698449037834140807 0.00000000099999999976 0.03951398063974625313 0.00000000099999999976 0.00000000099999999976 0.00000000099999999976 0.28350152298191239053
68 68 (0) 3 : 0.00000000099999999910 0.00000000099999999910 0.00000000099999999910 0.00000000099999999910 0.99999999200000011523 0.00000000099999999910 0.00000000099999999910 0.00000000099999999910 0.00000000099999999910
69 69 (0) 3 : 0.00000000099999999976 0.00000000099999999976 0.63870665028828255139 0.24197807582459782139 0.07630254647431540527 0.00000000099999999976 0.00000000099999999976 0.00000000099999999976 0.04301272241280428704
70 70 (0) 3 : 0.00000000099999999958 0.00000000099999999958 0.99999999200000011523 0.00000000099999999958 0.00000000099999999958 0.00000000099999999958 0.00000000099999999958 0.00000000099999999958 0.00000000099999999958
71 71 (0) 3 : 0.00000000099999999966 0.00000000099999999966 0.00000000099999999966 0.99999999068710720973 0.00000000231289271735 0.00000000099999999966 0.00000000099999999966 0.00000000099999999966 0.00000000099999999966
72 72 (0) 4 : 0.99999999200000011523 0.00000000099999999985 0.00000000099999999985 0.00000000099999999985 0.00000000099999999985 0.00000000099999999985 0.00000000099999999985 0.00000000099999999985 0.00000000099999999985
73 73 (0) 4 : 0.27321438023087690761 0.23600170626927746698 0.06531847495795205238 0.00000000099999999997 0.00000000099999999997 0.39067736095148009046 0.03478807359041365121 0.00000000099999999997 0.00000000099999999997
74 74 (0) 4 : 0.00000000099999999980 0.55358012464949291065 0.00000000099999999980 0.00000000099999999980 0.00000000099999999980 0.44641986835050717630 0.00000000099999999980 0.00000000099999999980 0.00000000099999999980
75 75 (0) 4 : 0.99999999200000022626 0.00000000099999999979 0.00000000099999999979 0.00000000099999999979 0.00000000099999999979 0.00000000099999999979 0.00000000099999999979 0.00000000099999999979 0.00000000099999999979
76 76 (0) 4 : 0.00000000099999999979 0.60023928123027503467 0.00000000099999999979 0.00000000099999999979 0.00000000099999999979 0.39976071076513769453 0.00000000099999999979 0.00000000200458743872 0.00000000099999999979
77 77 (0) 4 : 0.00000000099999999978 0.41424259802423285537 0.00000000099999999978 0.00000000099999999978 0.00000000099999999978 0.36777503838301461858 0.21798235759275250145 0.00000000099999999978 0.00000000099999999978
78 78 (0) 4 : 0.38953069337025464369 0.00000000099999999978 0.00000000099999999978 0.00000000099999999978 0.00000000099999999978 0.61046929962974527673 0.00000000099999999978 0.00000000099999999978 0.00000000099999999978
79 79 (0) 3 : 0.00000000099999999966 0.99999999200000022626 0.00000000099999999966 0.00000000099999999966 0.00000000099999999966 0.00000000099999999966 0.00000000099999999966 0.00000000099999999966 0.00000000099999999966
80 80 (0) 3 : 0.00000000099999999970 0.00000000099999999970 0.99999999200000000421 0.00000000099999999970 0.00000000099999999970 0.00000000099999999970 0.00000000099999999970 0.00000000099999999970 0.00000000099999999970
81 81 (0) 3 : 0.00000000099999999989 0.00000000099999999989 0.21784180004269793063 0.51652882797618882016 0.00000000099999999989 0.00000000099999999989 0.00000000099999999989 0.00000000099999999989 0.26562936598111330788
82 82 (0) 3 : 0.00000000099999999973 0.00000000099999999973 0.14121934380971185030 0.31179159503671982634 0.08228441170924907788 0.00000000099999999973 0.00000000099999999973 0.00000000099999999973 0.46470464444431941464
83 83 (0) 3 : 0.25055253882740680105 0.25814392134270380819 0.00000000099999999981 0.00000000099999999981 0.00000000099999999981 0.41594016047353155052 0.07536337435635798165 0.00000000099999999981 0.00000000099999999981
84 84 (0) 3 : 0.00000000099999999943 0.00000000099999999943 0.00000000099999999943 0.00000000099999999943 0.00000000099999999943 0.00000000099999999943 0.99999999199999989319 0.00000000099999999943 0.00000000099999999943
85 85 (0) 3 : 0.00000000099999999968 0.00000000099999999968 0.63478834331642908229 0.22295346390431902694 0.00000000099999999968 0.00000000099999999968 0.00000000099999999968 0.00000000099999999968 0.14225818677925192168
86 86 (0) 3 : 0.00000000099999999961 0.00000000099999999961 0.00000000099999999961 0.00000000099999999961 0.00000000099999999961 0.00000000099999999961 0.00000000099999999961 0.00000000099999999961 0.99999999200000000421
87 87 (0) 3 : 0.00000000099999999994 0.00000000099999999994 0.10296581711145814941 0.45957640003710764631 0.04050460001180035408 0.00000000099999999994 0.06428256375182800353 0.00000000099999999994 0.33267061508780582102
88 88 (0) 3 : 0.00000000099999999969 0.00000000099999999969 0.52340603398812313163 0.00000000099999999969 0.00000000099999999969 0.00000000099999999969 0.00000000099999999969 0.00000000099999999969 0.47659395901187695532
89 89 (0) 4 : 0.63227325044244664376 0.00000000099999999995 0.00000000099999999995 0.00000000099999999995 0.00000000099999999995 0.00000000099999999995 0.34405733673705840570 0.02366940682049517922 0.00000000099999999995
90 90 (0) 3 : 0.00000000099999999974 0.00000000099999999974 0.33004841446553612183 0.22404194085867784603 0.00000000099999999974 0.00000000099999999974 0.00000000099999999974 0.00000000099999999974 0.44590963867578614632
91 91 (0) 3 : 0.00000000099999999964 0.00000000099999999964 0.00000000099999999964 0.00000000099999999964 0.00000000099999999964 0.00000000099999999964 0.00000000099999999964 0.00000000099999999964 0.99999999199999989319
92 92 (0) 3 : 0.00000000099999999965 0.00000000099999999965 0.00000000099999999965 0.00000000099999999965 0.27367923827869522491 0.00000000099999999965 0.00000000099999999965 0.00000000099999999965 0.72632075472130464000
93 93 (0) 3 : 0.00000000099999999970 0.00000000099999999970 0.99999999200000011523 0.00000000099999999970 0.00000000099999999970 0.00000000099999999970 0.00000000099999999970 0.00000000099999999970 0.00000000099999999970
94 94 (0) 3 : 0.11314235478861352224 0.07455581136214477211 0.39456424339385320899 0.14232991874690598122 0.00000000099999999999 0.00000000099999999999 0.00000000099999999999 0.00000000099999999999 0.27540766770848257305
95 95 (0) 4 : 0.31492540499568388856 0.14275843632378373838 0.00000000099999999997 0.00000000099999999997 0.00000000099999999997 0.40554056934337873175 0.00000000099999999997 0.01143435143231341482 0.12534123390484008809
96 96 (0) 4 : 0.00000000099999999970 0.00000000099999999970 0.00000000099999999970 0.00000000099999999970 0.00000000099999999970 0.99999999200000000421 0.00000000099999999970 0.00000000099999999970 0.00000000099999999970
97 97 (0) 4 : 0.00000000099999999990 0.29855884908849200654 0.00000000099999999990 0.00000000099999999990 0.00000000099999999990 0.70144114391150780285 0.00000000099999999990 0.00000000099999999990 0.00000000099999999990
98 98 (0) 4 : 0.19933724807481525976 0.26712736647041401827 0.00000000099999999997 0.00000000099999999997 0.00000000099999999997 0.16310791035398417015 0.31428570713628695144 0.05614176396449946371 0.00000000099999999997
99 99 (0) 4 : 0.35754878375800031032 0.00000000099999999990 0.00000000099999999990 0.00000000099999999990 0.00000000099999999990 0.41110386532736431509 0.19022576686865896867 0.04112157904597626285 0.00000000099999999990
100 100 (0) 4 : 0.00000000099999999975 0.00000000099999999975 0.00000000099999999975 0.00000000099999999975 0.00000000099999999975 0.55699678115605089079 0.44300321184394914065 0.00000000099999999975 0.00000000099999999975
101 101 (0) 4 : 0.00000000099999999970 0.99999999200000011523 0.00000000099999999970 0.00000000099999999970 0.00000000099999999970 0.00000000099999999970 0.00000000099999999970 0.00000000099999999970 0.00000000099999999970
102 102 (0) 4 : 0.00000000099999999969 0.00000000099999999969 0.00000000099999999969 0.00000000099999999969 0.00000000099999999969 0.99999999200000011523 0.00000000099999999969 0.00000000099999999969 0.00000000099999999969
103 103 (0) 4 : 0.00000000099999999954 0.00000000099999999954 0.00000000099999999954 0.00000000099999999954 0.00000000099999999954 0.00000000099999999954 0.00000000099999999954 0.99999999199999989319 0.00000000099999999954
104 104 (0) 4 : 0.99999999200000022626 0.00000000099999999986 0.00000000099999999986 0.00000000099999999986 0.00000000099999999986 0.00000000099999999986 0.00000000099999999986 0.00000000099999999986 0.00000000099999999986
105 105 (0) 4 : 0.54108143741764824775 0.04140165527051394706 0.00000000099999999991 0.00000000099999999991 0.00000000099999999991 0.41222264557928173234 0.00000000099999999991 0.00529425673255603645 0.00000000099999999991
106 106 (0) 4 : 0.00209100814937582822 0.60529295053823983785 0.00000000099999999997 0.00000000099999999997 0.00000000099999999997 0.00000000099999999997 0.39261603531238453701 0.00000000099999999997 0.00000000099999999997
107 107 (0) 4 : 0.22386122459830032350 0.00003881844624361585 0.00000000099999999996 0.00000000099999999996 0.00000000099999999996 0.62007945851402634929 0.08779480271522709101 0.06822569172620258915 0.00000000099999999996
108 108 (0) 4 : 0.00000000099999999945 0.00000000099999999945 0.00000000099999999945 0.00000000099999999945 0.00000000099999999945 0.00000000099999999945 0.99999999199999989319 0.00000000099999999945 0.00000000099999999945
109 109 (0) 4 : 0.00000000099999999970 0.99999999200000011523 0.00000000099999999970 0.00000000099999999970 0.00000000099999999970 0.00000000099999999970 0.00000000099999999970 0.00000000099999999970 0.00000000099999999970
110 110 (0) 4 : 0.43898042297971567871 0.00000607995864638350 0.00000000099999999987 0.00000000099999999987 0.00000000099999999987 0.27735167142435701582 0.18786155463122708453 0.09580026700605379086 0.00000000099999999987
111 111 (0) 4 : 0.00000000099999999957 0.00000000099999999957 0.00000000099999999957 0.00000000099999999957 0.00000000099999999957 0.00000000099999999957 0.00000000099999999957 0.99999999200000000421 0.00000000099999999957
112 112 (0) 4 : 0.00000000099999999974 0.00000000099999999974 0.00000000099999999974 0.00000000099999999974 0.00000000099999999974 0.00000000099999999974 0.00000000099999999974 0.99999999200000000421 0.00000000099999999974
113 113 (0) 4 : 0.00000000099999999964 0.00000000099999999964 0.99999999200000011523 0.00000000099999999964 0.00000000099999999964 0.00000000099999999964 0.00000000099999999964 0.00000000099999999964 0.00000000099999999964
114 114 (0) 4 : 0.47191238437763965985 0.23997312432611650479 0.00000000099999999993 0.00000000099999999993 0.00000000099999999993 0.28811448529624383852 0.00000000099999999993 0.00000000099999999993 0.00000000099999999993
115 115 (0) 4 : 0.99999999200000011523 0.00000000099999999966 0.00000000099999999966 0.00000000099999999966 0.00000000099999999966 0.00000000099999999966 0.00000000099999999966 0.00000000099999999966 0.00000000099999999966
116 116 (0) 4 : 0.99999999200000011523 0.00000000099999999974 0.00000000099999999974 0.00000000099999999974 0.00000000099999999974 0.00000000099999999974 0.00000000099999999974 0.00000000099999999974 0.00000000099999999974
1 1 (0) 1 : 0.00000000099999999992 0.25851921565535040948 0.00000000099999999992 0.22172119875990262128 0.00000000099999999992 0.00000000099999999992 0.00000000099999999992 0.46632817292596662195 0.05343140765878034298
2 2 (0) 1 : 0.00000000099999999994 0.32279473954035742267 0.00000000099999999994 0.62723513895373494975 0.00000000099999999994 0.00000000099999999994 0.00000000558108352827 0.00000000099999999994 0.04997011092482422229
3 3 (0) 1 : 0.00000000099999999958 0.00000000099999999958 0.00000000099999999958 0.00000000099999999958 0.00000000099999999958 0.00000000099999999958 0.00000000099999999958 0.00000000099999999958 0.99999999199999989319
4 4 (0) 1 : 0.00000000099999999986 0.45796234252796896858 0.00000000099999999986 0.53345448512566084887 0.00000000099999999986 0.00000000099999999986 0.00857512265031863674 0.00000000099999999986 0.00000804469605165336
5 5 (0) 1 : 0.00000000099999999978 0.00020862780468923825 0.00000000099999999978 0.87723843164175796527 0.00000000099999999978 0.00000000099999999978 0.12255293455355285859 0.00000000099999999978 0.00000000099999999978
6 6 (0) 1 : 0.00000000099999999977 0.00000000099999999977 0.00000000099999999977 0.80358472641888833987 0.00000000099999999977 0.00000000099999999977 0.00000000099999999977 0.00000000099999999977 0.19641526658111177484
7 7 (0) 1 : 0.00000000099999999968 0.00000000099999999968 0.00000000099999999968 0.99999999200000000421 0.00000000099999999968 0.00000000099999999968 0.00000000099999999968 0.00000000099999999968 0.00000000099999999968
8 8 (0) 1 : 0.00000000099999999972 0.99999999200000022626 0.00000000099999999972 0.00000000099999999972 0.00000000099999999972 0.00000000099999999972 0.00000000099999999972 0.00000000099999999972 0.00000000099999999972
9 9 (0) 1 : 0.00000000099999999956 0.00000000099999999956 0.00000000099999999956 0.00000000099999999956 0.00000000099999999956 0.00000000099999999956 0.00000000099999999956 0.00000000099999999956 0.99999999199999989319
10 10 (0) 1 : 0.00000000099999999985 0.24085568200418369655 0.00000000099999999985 0.26414417548877738851 0.00000000099999999985 0.00000000099999999985 0.04218208889394926830 0.39423444108881788850 0.05858360852427171861
11 11 (0) 1 : 0.00000000099999999989 0.17842134372126594588 0.00000000099999999989 0.28030882592685119059 0.00000000099999999989 0.00000000099999999989 0.00000000099999999989 0.54126982435188275566 0.00000000099999999989
12 12 (0) 1 : 0.00000000099999999977 0.44508243520767792889 0.00000000099999999977 0.00000000099999999977 0.00000000099999999977 0.00000000099999999977 0.00000000099999999977 0.55491755779232176948 0.00000000099999999977
13 13 (0) 1 : 0.00000000099999999978 0.00000000099999999978 0.00000000099999999978 0.99999999200000011523 0.00000000099999999978 0.00000000099999999978 0.00000000099999999978 0.00000000099999999978 0.00000000099999999978
14 14 (0) 1 : 0.00000000099999999977 0.30892256400522738469 0.00000000099999999977 0.63684793943632611590 0.00000000099999999977 0.00000000099999999977 0.05422949055844657196 0.00000000099999999977 0.00000000099999999977
15 15 (0) 2 : 0.00000000099999999973 0.99999999200000011523 0.00000000099999999973 0.00000000099999999973 0.00000000099999999973 0.00000000099999999973 0.00000000099999999973 0.00000000099999999973 0.00000000099999999973
16 16 (0) 2 : 0.04690409947838754950 0.00000000099999999974 0.70332286752874451086 0.00000000099999999974 0.24977302567464548799 0.00000000231822258048 0.00000000099999999974 0.00000000099999999974 0.00000000099999999974
17 17 (0) 2 : 0.00000000099999999972 0.00000000099999999972 0.99999999200000000421 0.00000000099999999972 0.00000000099999999972 0.00000000099999999972 0.00000000099999999972 0.00000000099999999972 0.00000000099999999972
18 18 (0) 2 : 0.10219519623646414197 0.00000000099999999968 0.57777928784577770038 0.00000000099999999968 0.32002550991775829958 0.00000000099999999968 0.00000000099999999968 0.00000000099999999968 0.00000000099999999968
19 19 (0) 2 : 0.07618534829431215794 0.00000000099999999968 0.00000000099999999968 0.00000000099999999968 0.29055780935542246946 0.63325683635026530638 0.00000000099999999968 0.00000000099999999968 0.00000000099999999968
20 20 (0) 2 : 0.06345608730815623100 0.00000000099999999997 0.41795701182112932059 0.00000000099999999997 0.49069021669852325163 0.02789667917219113349 0.00000000099999999997 0.00000000099999999997 0.00000000099999999997
21 21 (0) 2 : 0.00000000099999999959 0.00000000099999999959 0.00000000099999999959 0.00000000099999999959 0.00000000099999999959 0.99999999200000011523 0.00000000099999999959 0.00000000099999999959 0.00000000099999999959
22 22 (0) 2 : 0.12380759034980205746 0.00000000099999999984 0.24480730735491976202 0.00000000099999999984 0.63138509629527816980 0.00000000099999999984 0.00000000099999999984 0.00000000099999999984 0.00000000099999999984
23 23 (0) 1 : 0.02525729973743949877 0.51555702322640872826 0.00000000099999999997 0.00000000509403221316 0.00000000099999999997 0.00000000099999999997 0.03269173408910625023 0.42649393385301326287 0.00000000099999999997
24 24 (0) 1 : 0.00000000099999999999 0.38822021577316606633 0.00000000099999999999 0.55454477158434756223 0.00000000099999999999 0.01861381796205929112 0.02279769785483492378 0.00000000099999999999 0.01582349282559220374
25 25 (0) 1 : 0.00000000099999999994 0.00000000099999999994 0.00000000099999999994 0.00000000099999999994 0.00000000099999999994 0.00000000099999999994 0.00000000099999999994 0.00000000099999999994 0.99999999199999989319
26 26 (0) 1 : 0.00000000099999999975 0.00000000099999999975 0.00000000099999999975 0.99999999200000000421 0.00000000099999999975 0.00000000099999999975 0.00000000099999999975 0.00000000099999999975 0.00000000099999999975
27 27 (0) 2 : 0.99999999200000011523 0.00000000099999999909 0.00000000099999999909 0.00000000099999999909 0.00000000099999999909 0.00000000099999999909 0.00000000099999999909 0.00000000099999999909 0.00000000099999999909
28 28 (0) 2 : 0.00000000099999999953 0.00000000099999999953 0.99999999200000000421 0.00000000099999999953 0.00000000099999999953 0.00000000099999999953 0.00000000099999999953 0.00000000099999999953 0.00000000099999999953
29 29 (0) 2 : 0.17263591414603565721 0.00000000099999999970 0.02974440588150540840 0.00000000099999999970 0.26379836377860099716 0.53382131119385789475 0.00000000099999999970 0.00000000099999999970 0.00000000099999999970
30 30 (0) 2 : 0.00000000099999999973 0.00000000099999999973 0.00000000099999999973 0.00000000099999999973 0.99999999200000000421 0.00000000099999999973 0.00000000099999999973 0.00000000099999999973 0.00000000099999999973
31 31 (0) 2 : 0.00000000099999999995 0.00000000099999999995 0.00000000099999999995 0.00000000099999999995 0.99999999200000011523 0.00000000099999999995 0.00000000099999999995 0.00000000099999999995 0.00000000099999999995
32 32 (0) 2 : 0.02509923039152135021 0.00000000099999999999 0.00000000099999999999 0.00000000099999999999 0.42859097211526192561 0.40879518829618183284 0.00000000099999999999 0.00000000099999999999 0.13751460419703490090
33 33 (0) 2 : 0.07322015382928857841 0.00000000099999999961 0.00000000099999999961 0.00000000099999999961 0.92677983917071149467 0.00000000099999999961 0.00000000099999999961 0.00000000099999999961 0.00000000099999999961
34 34 (0) 1 : 0.00000000099999999984 0.99999999200000011523 0.00000000099999999984 0.00000000099999999984 0.00000000099999999984 0.00000000099999999984 0.00000000099999999984 0.00000000099999999984 0.00000000099999999984
35 35 (0) 2 : 0.00000000099999999964 0.00000000099999999964 0.00000000099999999964 0.00000000099999999964 0.99999999200000011523 0.00000000099999999964 0.00000000099999999964 0.00000000099999999964 0.00000000099999999964
36 36 (0) 2 : 0.00068509138149024595 0.00000000099999999973 0.00000000099999999973 0.00000000099999999973 0.52287935695478271469 0.47643554566372708914 0.00000000099999999973 0.00000000099999999973 0.00000000099999999973
37 37 (0) 2 : 0.10283092154349271485 0.00000000099999999986 0.54778245133037084535 0.00000000099999999986 0.13579084575539637769 0.21359577637074006473 0.00000000099999999986 0.00000000099999999986 0.00000000099999999986
38 38 (0) 2 : 0.00000000099999999966 0.00000000099999999966 0.99999999200000000421 0.00000000099999999966 0.00000000099999999966 0.00000000099999999966 0.00000000099999999966 0.00000000099999999966 0.00000000099999999966
39 39 (0) 2 : 0.00000000099999999982 0.45189436289484519182 0.00000000099999999982 0.39068022158572246472 0.00000000099999999982 0.00000000099999999982 0.00000000099999999982 0.15742540951943223559 0.00000000099999999982
40 40 (0) 2 : 0.00000000099999999978 0.53639740289717985355 0.00000000099999999978 0.00000000099999999978 0.00000000099999999978 0.00000000099999999978 0.00000000099999999978 0.46360259010282028891 0.00000000099999999978
41 41 (0) 2 : 0.00000000099999999974 0.00000000099999999974 0.00000000099999999974 0.00000000099999999974 0.00000000099999999974 0.00000000099999999974 0.00000000099999999974 0.99999999199999989319 0.00000000099999999974
42 42 (0) 2 : 0.00000000099999999977 0.00000000099999999977 0.00000000099999999977 0.00000000099999999977 0.00000000099999999977 0.00000000099999999977 0.00000000099999999977 0.99999999200000000421 0.00000000099999999977
43 43 (0) 2 : 0.00000000099999999983 0.26787147935158239775 0.00000000099999999983 0.33718630656992992778 0.00000000099999999983 0.00000000099999999983 0.06438803420822991619 0.33055417487025767764 0.00000000099999999983
44 44 (0) 2 : 0.00000000099999999959 0.00000000099999999959 0.99999999200000011523 0.00000000099999999959 0.00000000099999999959 0.00000000099999999959 0.00000000099999999959 0.00000000099999999959 0.00000000099999999959
45 45 (0) 2 : 0.00000000099999999990 0.00000000099999999990 0.99999999200000011523 0.00000000099999999990 0.00000000099999999990 0.00000000099999999990 0.00000000099999999990 0.00000000099999999990 0.00000000099999999990
46 46 (0) 2 : 0.00000000099999999977 0.00000000099999999977 0.77003640733156997200 0.00000000099999999977 0.00000000099999999977 0.22996358566843017046 0.00000000099999999977 0.00000000099999999977 0.00000000099999999977
47 47 (0) 2 : 0.00000000099999999986 0.69115060650452297963 0.00000000099999999986 0.00000000099999999986 0.00000000099999999986 0.00000000099999999986 0.04477930464361699198 0.26407008285186006624 0.00000000099999999986
48 48 (0) 2 : 0.07267347677095967184 0.00000000099999999973 0.52518811270126530832 0.00000000099999999973 0.40213840452777499523 0.00000000099999999973 0.00000000099999999973 0.00000000099999999973 0.00000000099999999973
49 49 (0) 1 : 0.00000000099999999990 0.48089486985095869498 0.00000000099999999990 0.49481512487271356315 0.00000000099999999990 0.00000000099999999990 0.01982504519427022785 0.00000000099999999990 0.00446495508205750277
50 50 (0) 1 : 0.00000000099999999975 0.99999999200000011523 0.00000000099999999975 0.00000000099999999975 0.00000000099999999975 0.00000000099999999975 0.00000000099999999975 0.00000000099999999975 0.00000000099999999975
51 51 (0) 1 : 0.00000000099999999980 0.52681591685974016315 0.00000000099999999980 0.00000000099999999980 0.00000000099999999980 0.00000000099999999980 0.07114468521530777079 0.40203939192495219412 0.00000000099999999980
52 52 (0) 1 : 0.00000000099999999976 0.15452123040216864114 0.00000000099999999976 0.50124018003525383502 0.00000000099999999976 0.00000000099999999976 0.00000000099999999976 0.34423858356257736046 0.00000000099999999976
53 53 (0) 1 : 0.00000000099999999978 0.35474020959520780050 0.00000000099999999978 0.00000000099999999978 0.00000000099999999978 0.00000000099999999978 0.20031751741010211942 0.40436765905321336856 0.04057460894147661007
54 54 (0) 1 : 0.00000000099999999974 0.00000000099999999974 0.00000000099999999974 0.00000000099999999974 0.00000000099999999974 0.00000000099999999974 0.00000000099999999974 0.99999999199999989319 0.00000000099999999974
55 55 (0) 1 : 0.00000000099999999990 0.56307312923900731949 0.00000000099999999990 0.43692686376099265644 0.00000000099999999990 0.00000000099999999990 0.00000000099999999990 0.00000000099999999990 0.00000000099999999990
56 56 (0) 3 : 0.11369923920919793037 0.00000000099999999967 0.00000000099999999967 0.00000000099999999967 0.00000000099999999967 0.88630075379080219822 0.00000000099999999967 0.00000000099999999967 0.00000000099999999967
57 57 (0) 3 : 0.00000000099999999958 0.00000000099999999958 0.00000000099999999958 0.00000000099999999958 0.99999999200000000421 0.00000000099999999958 0.00000000099999999958 0.00000000099999999958 0.00000000099999999958
58 58 (0) 3 : 0.00000000099999999956 0.00000000099999999956 0.00000000099999999956 0.00000000099999999956 0.99999999200000011523 0.00000000099999999956 0.00000000099999999956 0.00000000099999999956 0.00000000099999999956
59 59 (0) 3 : 0.00000000099999999964 0.00000000099999999964 0.00000000099999999964 0.00000000099999999964 0.00000000099999999964 0.99999999200000000421 0.00000000099999999964 0.00000000099999999964 0.00000000099999999964
60 60 (0) 3 : 0.09401039426564221368 0.00000000099999999977 0.60877142633755920720 0.00000000099999999977 0.00000000099999999977 0.29721817339679862391 0.00000000099999999977 0.00000000099999999977 0.00000000099999999977
61 61 (0) 3 : 0.00000000099999999993 0.00000000099999999993 0.00000000099999999993 0.00000000099999999993 0.99999999200000000421 0.00000000099999999993 0.00000000099999999993 0.00000000099999999993 0.00000000099999999993
62 62 (0) 3 : 0.00000000099999999963 0.00000000099999999963 0.00000000099999999963 0.00000000099999999963 0.99999999200000011523 0.00000000099999999963 0.00000000099999999963 0.00000000099999999963 0.00000000099999999963
63 63 (0) 4 : 0.00000000099999999967 0.00000000099999999967 0.00000000099999999967 0.00000000099999999967 0.00000000099999999967 0.00000000099999999967 0.00000000099999999967 0.00000000099999999967 0.99999999199999989319
64 64 (0) 4 : 0.00000000099999999974 0.00000000099999999974 0.00000000099999999974 0.00000000099999999974 0.00000000099999999974 0.00000000099999999974 0.00000000099999999974 0.99999999199999989319 0.00000000099999999974
65 65 (0) 4 : 0.00000000099999999974 0.00000000099999999974 0.00000000099999999974 0.00000000099999999974 0.00000000099999999974 0.00000000099999999974 0.02460831064412012659 0.97539168235587991873 0.00000000099999999974
66 66 (0) 3 : 0.00000000099999999965 0.00000000099999999965 0.00000000099999999965 0.00000000099999999965 0.00000000099999999965 0.99999999200000000421 0.00000000099999999965 0.00000000099999999965 0.00000000099999999965
67 67 (0) 3 : 0.03527646870663363882 0.00000000099999999978 0.54231945181474894291 0.00000000099999999978 0.07501456607509028596 0.34738950840352700311 0.00000000099999999978 0.00000000099999999978 0.00000000099999999978
68 68 (0) 3 : 0.99999999200000022626 0.00000000099999999909 0.00000000099999999909 0.00000000099999999909 0.00000000099999999909 0.00000000099999999909 0.00000000099999999909 0.00000000099999999909 0.00000000099999999909
69 69 (0) 3 : 0.03146645381466486868 0.00000000099999999967 0.00000000099999999967 0.00000000099999999967 0.00000000099999999967 0.96853353918533513500 0.00000000099999999967 0.00000000099999999967 0.00000000099999999967
70 70 (0) 3 : 0.00000000099999999957 0.00000000099999999957 0.00000000099999999957 0.00000000099999999957 0.00000000099999999957 0.99999999200000011523 0.00000000099999999957 0.00000000099999999957 0.00000000099999999957
71 71 (0) 3 : 0.08593628000067386752 0.00000000099999999967 0.91406371299932631658 0.00000000099999999967 0.00000000099999999967 0.00000000099999999967 0.00000000099999999967 0.00000000099999999967 0.00000000099999999967
72 72 (0) 4 : 0.00000000099999999995 0.00000000099999999995 0.00000000099999999995 0.37133512657048106664 0.00000000099999999995 0.00000000099999999995 0.00000000099999999995 0.62866486642951868724 0.00000000099999999995
73 73 (0) 4 : 0.00000000099999999998 0.57612619395189423877 0.00000000099999999998 0.00000001798024853640 0.00000000099999999998 0.06358383445827540947 0.00000000099999999998 0.36028994860958180046 0.00000000099999999998
74 74 (0) 4 : 0.00000000099999999981 0.46998868850496583471 0.00000000099999999981 0.19826316964369147811 0.00000000099999999981 0.00000000099999999981 0.06771205536932384250 0.26403608148201890282 0.00000000099999999981
75 75 (0) 4 : 0.00000000099999999978 0.00000000099999999978 0.00000000099999999978 0.00000000099999999978 0.00000000099999999978 0.00000000099999999978 0.00000000099999999978 0.99999999199999989319 0.00000000099999999978
76 76 (0) 4 : 0.00000000099999999973 0.99999999200000011523 0.00000000099999999973 0.00000000099999999973 0.00000000099999999973 0.00000000099999999973 0.00000000099999999973 0.00000000099999999973 0.00000000099999999973
77 77 (0) 4 : 0.00000000099999999974 0.97554209646694878266 0.00000000099999999974 0.00000000099999999974 0.00000000099999999974 0.00000000099999999974 0.02445789653305120367 0.00000000099999999974 0.00000000099999999974
78 78 (0) 4 : 0.00000000099999999972 0.00000000099999999972 0.00000000099999999972 0.99999999200000000421 0.00000000099999999972 0.00000000099999999972 0.00000000099999999972 0.00000000099999999972 0.00000000099999999972
79 79 (0) 3 : 0.00000000099999999967 0.00000000099999999967 0.00000000099999999967 0.00000000099999999967 0.00000000099999999967 0.00000000099999999967 0.00000000099999999967 0.99999999199999989319 0.00000000099999999967
80 80 (0) 3 : 0.00000000099999999969 0.00000000099999999969 0.00000000099999999969 0.00000000099999999969 0.00000000099999999969 0.99999999200000011523 0.00000000099999999969 0.00000000099999999969 0.00000000099999999969
81 81 (0) 3 : 0.00000000099999999987 0.00000000099999999987 0.48150501507654358546 0.00000000099999999987 0.51849497792345655700 0.00000000099999999987 0.00000000099999999987 0.00000000099999999987 0.00000000099999999987
82 82 (0) 3 : 0.05065923809073231282 0.00000000099999999970 0.37674149993672190195 0.00000000099999999970 0.00000000099999999970 0.57259925597254568430 0.00000000099999999970 0.00000000099999999970 0.00000000099999999970
83 83 (0) 3 : 0.00000000099999999976 0.99999999200000011523 0.00000000099999999976 0.00000000099999999976 0.00000000099999999976 0.00000000099999999976 0.00000000099999999976 0.00000000099999999976 0.00000000099999999976
84 84 (0) 3 : 0.00000000099999999924 0.00000000099999999924 0.00000000099999999924 0.00000000099999999924 0.00000000099999999924 0.00000000099999999924 0.99999999199999989319 0.00000000099999999924 0.00000000099999999924
85 85 (0) 3 : 0.00000000099999999967 0.00000000099999999967 0.00000000099999999967 0.00000000099999999967 0.61086248925175468116 0.38913750374824540579 0.00000000099999999967 0.00000000099999999967 0.00000000099999999967
86 86 (0) 3 : 0.00000000099999999963 0.00000000099999999963 0.99999999200000011523 0.00000000099999999963 0.00000000099999999963 0.00000000099999999963 0.00000000099999999963 0.00000000099999999963 0.00000000099999999963
87 87 (0) 3 : 0.04074861422736848066 0.00000000099999999994 0.43900934244239925297 0.00000000099999999994 0.27312542021190738817 0.18555809894930494486 0.06155852016901981749 0.00000000099999999994 0.00000000099999999994
88 88 (0) 3 : 0.00000000099999999962 0.00000000099999999962 0.00000000099999999962 0.00000000099999999962 0.00000000099999999962 0.99999999200000011523 0.00000000099999999962 0.00000000099999999962 0.00000000099999999962
89 89 (0) 4 : 0.00000000099999999999 0.00000000099999999999 0.00000000099999999999 0.62939630350490916033 0.00000000099999999999 0.01515544523666041699 0.00984762838691957514 0.32084070490406224607 0.02475991396744859838
90 90 (0) 3 : 0.00000000099999999975 0.00000000099999999975 0.23993716556118965810 0.00000000099999999975 0.40065870675442316617 0.35940412168438728990 0.00000000099999999975 0.00000000099999999975 0.00000000099999999975
91 91 (0) 3 : 0.00000000099999999965 0.00000000099999999965 0.99999999200000000421 0.00000000099999999965 0.00000000099999999965 0.00000000099999999965 0.00000000099999999965 0.00000000099999999965 0.00000000099999999965
92 92 (0) 3 : 0.20425750569179465521 0.00000000099999999970 0.39751515418316057948 0.00000000099999999970 0.00000000099999999970 0.39822733412504474071 0.00000000099999999970 0.00000000099999999970 0.00000000099999999970
93 93 (0) 3 : 0.06400002868612329754 0.00000000099999999980 0.00000000099999999980 0.00000000099999999980 0.23330707685322996103 0.70269288846064670295 0.00000000099999999980 0.00000000099999999980 0.00000000099999999980
94 94 (0) 3 : 0.00000000099999999997 0.00000000099999999997 0.21297070467480389011 0.00000000099999999997 0.26946960680289061552 0.32531554315892091678 0.00000000099999999997 0.19224414036338458023 0.00000000099999999997
95 95 (0) 4 : 0.00000000099999999997 0.26427057034049084017 0.00000000099999999997 0.07684267732443862686 0.00000000099999999997 0.12221390173259773226 0.00000000099999999997 0.52364830988545696400 0.01302453671701558381
96 96 (0) 4 : 0.00000000099999999979 0.43566198385957599637 0.00000000099999999979 0.08149650226262400432 0.00000000099999999979 0.00000000099999999979 0.01698392001501255327 0.46585758886278755275 0.00000000099999999979
97 97 (0) 4 : 0.00000000099999999989 0.46720477732473475463 0.00000000099999999989 0.00000000099999999989 0.00000000099999999989 0.00000000099999999989 0.00000000099999999989 0.53279521567526499926 0.00000000099999999989
98 98 (0) 4 : 0.00000000099999999998 0.37195052356694896512 0.00000000099999999998 0.27308618667730111262 0.04115346825086435567 0.00000000099999999998 0.05375541915811580390 0.20799802684551707554 0.05205637250125274423
99 99 (0) 4 : 0.00000000099999999992 0.20610744361766655808 0.00000000099999999992 0.20691807094634337427 0.00000000099999999992 0.00000000099999999992 0.07183037476348824724 0.47764824036044478683 0.03749586631205708426
100 100 (0) 4 : 0.00000000099999999978 0.59459259661430818866 0.00000000099999999978 0.00000000099999999978 0.00000000099999999978 0.00000000099999999978 0.00000000099999999978 0.40538250659539415421 0.00002489079029777694
101 101 (0) 4 : 0.00000000099999999977 0.26204384453030110658 0.00000000099999999977 0.00000000099999999977 0.00000000099999999977 0.00000000099999999977 0.00000000099999999977 0.73795614846969870282 0.00000000099999999977
102 102 (0) 4 : 0.00000000099999999969 0.99999999200000011523 0.00000000099999999969 0.00000000099999999969 0.00000000099999999969 0.00000000099999999969 0.00000000099999999969 0.00000000099999999969 0.00000000099999999969
103 103 (0) 4 : 0.00000000099999999954 0.00000000099999999954 0.00000000099999999954 0.00000000099999999954 0.00000000099999999954 0.00000000099999999954 0.00000000099999999954 0.00000000099999999954 0.99999999199999989319
104 104 (0) 4 : 0.00000000099999999987 0.00000000099999999987 0.00000000099999999987 0.99999999200000011523 0.00000000099999999987 0.00000000099999999987 0.00000000099999999987 0.00000000099999999987 0.00000000099999999987
105 105 (0) 4 : 0.00000000099999999992 0.53619375049901185637 0.00000000099999999992 0.01718352778637317890 0.00000000099999999992 0.00000000099999999992 0.01487659445927964723 0.42981373599949179720 0.00193238725584372038
106 106 (0) 4 : 0.00000000099999999996 0.00000000099999999996 0.00000000099999999996 0.00000000099999999996 0.00000000099999999996 0.00000000099999999996 0.00000000099999999996 0.99999999199999989319 0.00000000099999999996
107 107 (0) 4 : 0.00000000099999999995 0.99540952115983727388 0.00000000099999999995 0.00000000099999999995 0.00000000099999999995 0.00000000099999999995 0.00000000099999999995 0.00000000099999999995 0.00459047184016293276
108 108 (0) 4 : 0.00000000099999999924 0.00000000099999999924 0.00000000099999999924 0.00000000099999999924 0.00000000099999999924 0.00000000099999999924 0.99999999200000000421 0.00000000099999999924 0.00000000099999999924
109 109 (0) 4 : 0.00000000099999999978 0.00000000099999999978 0.00000000099999999978 0.50314565497769736524 0.00000000099999999978 0.00000000099999999978 0.00000000099999999978 0.49685433802230272171 0.00000000099999999978
110 110 (0) 4 : 0.00000000099999999990 0.40584525457877629329 0.00000000099999999990 0.12346622547063884623 0.00000000099999999990 0.00000000099999999990 0.05240812536906663127 0.31715272225116142302 0.10112766833035685687
111 111 (0) 4 : 0.00000000099999999957 0.00000000099999999957 0.00000000099999999957 0.00000000099999999957 0.00000000099999999957 0.00000000099999999957 0.00000000099999999957 0.00000000099999999957 0.99999999199999989319
112 112 (0) 4 : 0.00000000099999999974 0.00000000099999999974 0.00000000099999999974 0.00000000099999999974 0.00000000099999999974 0.00000000099999999974 0.00000000099999999974 0.00000000099999999974 0.99999999200000000421
113 113 (0) 4 : 0.01275675616791675099 0.00000000099999999972 0.00000000099999999972 0.00000000099999999972 0.56905980995968163949 0.41818342787240159186 0.00000000099999999972 0.00000000099999999972 0.00000000099999999972
114 114 (0) 4 : 0.00000000099999999994 0.19858384342366761088 0.00000000099999999994 0.42308547640199217765 0.00000000099999999994 0.00000000099999999994 0.00000000099999999994 0.36822491707349741530 0.01010575810084281267
115 115 (0) 4 : 0.00000000099999999968 0.00000000099999999968 0.00000000099999999968 0.99999999200000011523 0.00000000099999999968 0.00000000099999999968 0.00000000099999999968 0.00000000099999999968 0.00000000099999999968
116 116 (0) 4 : 0.00000000099999999973 0.00000000099999999973 0.00000000099999999973 0.99999999200000000421 0.00000000099999999973 0.00000000099999999973 0.00000000099999999973 0.00000000099999999973 0.00000000099999999973
1 1 (0) 1 : 0.05836539373325239782 0.43380558971977872806 0.00000000099999999992 0.31988229921381849952 0.17671917631732597664 0.01122753701582443302 0.00000000099999999992 0.00000000099999999992 0.00000000099999999992
2 2 (0) 1 : 0.07748281926446139167 0.65807885901188989397 0.00000000099999999995 0.26443831572364873139 0.00000000099999999995 0.00000000099999999995 0.00000000099999999995 0.00000000099999999995 0.00000000099999999995
3 3 (0) 1 : 0.99999999200000011523 0.00000000099999999958 0.00000000099999999958 0.00000000099999999958 0.00000000099999999958 0.00000000099999999958 0.00000000099999999958 0.00000000099999999958 0.00000000099999999958
4 4 (0) 1 : 0.00000000099999999980 0.99999999200000022626 0.00000000099999999980 0.00000000099999999980 0.00000000099999999980 0.00000000099999999980 0.00000000099999999980 0.00000000099999999980 0.00000000099999999980
5 5 (0) 1 : 0.00000000099999999966 0.00000000099999999966 0.00000000099999999966 0.00000000099999999966 0.99999999200000011523 0.00000000099999999966 0.00000000099999999966 0.00000000099999999966 0.00000000099999999966
6 6 (0) 1 : 0.18514936021122918586 0.81485063278877090109 0.00000000099999999976 0.00000000099999999976 0.00000000099999999976 0.00000000099999999976 0.00000000099999999976 0.00000000099999999976 0.00000000099999999976
7 7 (0) 1 : 0.00000000099999999962 0.00000000099999999962 0.00000000099999999962 0.00000000099999999962 0.99999999200000011523 0.00000000099999999962 0.00000000099999999962 0.00000000099999999962 0.00000000099999999962
8 8 (0) 1 : 0.00000000099999999977 0.45017095324278927349 0.00000000099999999977 0.54982903975721064693 0.00000000099999999977 0.00000000099999999977 0.00000000099999999977 0.00000000099999999977 0.00000000099999999977
9 9 (0) 1 : 0.99999999200000022626 0.00000000099999999956 0.00000000099999999956 0.00000000099999999956 0.00000000099999999956 0.00000000099999999956 0.00000000099999999956 0.00000000099999999956 0.00000000099999999956
10 10 (0) 1 : 0.05678757887477715871 0.48902944239276280314 0.00000000099999999984 0.13078942223880293816 0.24822342013792367266 0.07517013235573331842 0.00000000099999999984 0.00000000099999999984 0.00000000099999999984
11 11 (0) 1 : 0.00000000099999999988 0.53723833815529453695 0.00000000099999999988 0.00000000099999999988 0.46228187971921480548 0.00047977612549066762 0.00000000099999999988 0.00000000099999999988 0.00000000099999999988
12 12 (0) 1 : 0.00000000099999999970 0.99999999200000022626 0.00000000099999999970 0.00000000099999999970 0.00000000099999999970 0.00000000099999999970 0.00000000099999999970 0.00000000099999999970 0.00000000099999999970
13 13 (0) 1 : 0.00000000099999999982 0.54468635456963310215 0.00000000099999999982 0.00000000099999999982 0.45531363843036715133 0.00000000099999999982 0.00000000099999999982 0.00000000099999999982 0.00000000099999999982
14 14 (0) 1 : 0.00000000099999999977 0.00000000099999999977 0.00000000099999999977 0.83413282010300215941 0.00000000099999999977 0.16586717289699787203 0.00000000099999999977 0.00000000099999999977 0.00000000099999999977
15 15 (0) 2 : 0.00000000099999999972 0.00000000099999999972 0.00000000099999999972 0.99999999200000011523 0.00000000099999999972 0.00000000099999999972 0.00000000099999999972 0.00000000099999999972 0.00000000099999999972
16 16 (0) 2 : 0.00000000099999999976 0.00000000099999999976 0.46715861263474706133 0.00000000099999999976 0.00000000099999999976 0.00000000099999999976 0.27518912724184313445 0.00000000099999999976 0.25765225412340980737
17 17 (0) 2 : 0.00000000099999999970 0.00000000099999999970 0.00000000099999999970 0.00000000099999999970 0.00000000099999999970 0.00000000099999999970 0.00000000099999999970 0.00000000099999999970 0.99999999200000000421
18 18 (0) 2 : 0.00000000099999999958 0.00000000099999999958 0.99999999200000000421 0.00000000099999999958 0.00000000099999999958 0.00000000099999999958 0.00000000099999999958 0.00000000099999999958 0.00000000099999999958
19 19 (0) 2 : 0.00000000099999999960 0.00000000099999999960 0.00000000099999999960 0.00000000099999999960 0.00000000099999999960 0.00000000099999999960 0.00000000099999999960 0.99999999200000000421 0.00000000099999999960
20 20 (0) 2 : 0.00000000099999999998 0.00000000099999999998 0.00000000099999999998 0.00000000099999999998 0.00000000099999999998 0.00000000099999999998 0.32524329228349047050 0.07741787625700596864 0.59733882545950356402
21 21 (0) 2 : 0.00000000099999999966 0.00000000099999999966 0.24524252512472299870 0.00000000099999999966 0.00000000099999999966 0.00000000099999999966 0.63788632996449345924 0.11687113891078342032 0.00000000099999999966
22 22 (0) 2 : 0.00000000099999999976 0.00000000099999999976 0.00000000099999999976 0.00000000099999999976 0.00000000099999999976 0.00000000099999999976 0.00000000099999999976 0.00000000099999999976 0.99999999200000000421
23 23 (0) 1 : 0.00000000099999999997 0.00000000099999999997 0.00000000099999999997 0.89006100983096025914 0.00000108189246080615 0.09983169552809416369 0.00000000099999999997 0.01010620774848477316 0.00000000099999999997
24 24 (0) 1 : 0.02614644391974995166 0.00000000099999999999 0.00000000099999999999 0.46090009322775293832 0.49102011704065640085 0.02193334081184084364 0.00000000099999999999 0.00000000099999999999 0.00000000099999999999
25 25 (0) 1 : 0.99999999200000022626 0.00000000099999999995 0.00000000099999999995 0.00000000099999999995 0.00000000099999999995 0.00000000099999999995 0.00000000099999999995 0.00000000099999999995 0.00000000099999999995
26 26 (0) 1 : 0.00000000099999999980 0.59865328732082800922 0.00000000099999999980 0.00000000099999999980 0.30158145822734738761 0.09976524845182464796 0.00000000099999999980 0.00000000099999999980 0.00000000099999999980
27 27 (0) 2 : 0.00000000099999999926 0.00000000099999999926 0.00000000099999999926 0.00000000099999999926 0.00000000099999999926 0.00000000099999999926 0.00000000099999999926 0.99999999200000000421 0.00000000099999999926
28 28 (0) 2 : 0.00000000099999999952 0.00000000099999999952 0.99999999200000000421 0.00000000099999999952 0.00000000099999999952 0.00000000099999999952 0.00000000099999999952 0.00000000099999999952 0.00000000099999999952
29 29 (0) 2 : 0.00000000099999999963 0.00000000099999999963 0.00000000099999999963 0.00000000099999999963 0.00000000099999999963 0.00000000099999999963 0.77992597718635858772 0.22007401581364122167 0.00000000099999999963
30 30 (0) 2 : 0.00000000099999999974 0.00000000099999999974 0.00000000099999999974 0.00000000099999999974 0.00000000099999999974 0.00000000099999999974 0.00000000099999999974 0.00000000099999999974 0.99999999199999989319
31 31 (0) 2 : 0.00000000099999999996 0.00000000099999999996 0.00000000099999999996 0.00000000099999999996 0.00000000099999999996 0.00000000099999999996 0.00000000099999999996 0.00000000099999999996 0.99999999199999989319
32 32 (0) 2 : 0.13733418946891656764 0.00000000099999999999 0.31727378396676597649 0.00000000099999999999 0.00000000099999999999 0.00000000099999999999 0.00113466709963207062 0.03948505762988752804 0.50477229783479771186
33 33 (0) 2 : 0.00000000099999999963 0.00000000099999999963 0.00000000099999999963 0.00000000099999999963 0.00000000099999999963 0.00000000099999999963 0.00000000099999999963 0.18512571592224705275 0.81487427707775306196
34 34 (0) 1 : 0.00000000099999999969 0.00000000099999999969 0.00000000099999999969 0.00000000099999999969 0.00000000099999999969 0.99999999200000011523 0.00000000099999999969 0.00000000099999999969 0.00000000099999999969
35 35 (0) 2 : 0.00000000099999999972 0.00000000099999999972 0.00000000099999999972 0.00000000099999999972 0.00000000099999999972 0.00000000099999999972 0.31329639043386231512 0.00000000099999999972 0.68670360256613760530
36 36 (0) 2 : 0.00000000099999999963 0.00000000099999999963 0.00000000099999999963 0.00000000099999999963 0.00000000099999999963 0.00000000099999999963 0.99999999199999989319 0.00000000099999999963 0.00000000099999999963
37 37 (0) 2 : 0.00000000099999999980 0.00000000099999999980 0.79374410385780080901 0.00000000099999999980 0.00000000099999999980 0.00000000099999999980 0.00000000099999999980 0.20625588914219925019 0.00000000099999999980
38 38 (0) 2 : 0.00000000099999999969 0.00000000099999999969 0.00000000099999999969 0.00000000099999999969 0.00000000099999999969 0.00000000099999999969 0.00000000099999999969 0.00000000099999999969 0.99999999199999989319
39 39 (0) 2 : 0.00000000099999999978 0.00000000099999999978 0.00000000099999999978 0.68453996151551488314 0.31546003148448520381 0.00000000099999999978 0.00000000099999999978 0.00000000099999999978 0.00000000099999999978
40 40 (0) 2 : 0.00000000099999999977 0.00000000099999999977 0.00000000099999999977 0.99999999200000000421 0.00000000099999999977 0.00000000099999999977 0.00000000099999999977 0.00000000099999999977 0.00000000099999999977
41 41 (0) 2 : 0.00000000099999999966 0.00000000099999999966 0.00000000099999999966 0.00000000099999999966 0.99999999200000000421 0.00000000099999999966 0.00000000099999999966 0.00000000099999999966 0.00000000099999999966
42 42 (0) 2 : 0.00000000099999999982 0.71360712376383184097 0.00000000099999999982 0.00000000099999999982 0.28639286923616846803 0.00000000099999999982 0.00000000099999999982 0.00000000099999999982 0.00000000099999999982
43 43 (0) 2 : 0.00000000099999999984 0.30294807080519320364 0.00000000099999999984 0.37962049163246786021 0.20571142555669824636 0.11172000700564051201 0.00000000099999999984 0.00000000099999999984 0.00000000099999999984
44 44 (0) 2 : 0.00000000099999999955 0.00000000099999999955 0.99999999200000000421 0.00000000099999999955 0.00000000099999999955 0.00000000099999999955 0.00000000099999999955 0.00000000099999999955 0.00000000099999999955
45 45 (0) 2 : 0.00000000099999999996 0.00000000099999999996 0.51426723376994165626 0.00000000099999999996 0.00000000099999999996 0.04113203787004717643 0.14012079700648003011 0.10733366808767445810 0.19714625926585657711
46 46 (0) 2 : 0.00000000099999999977 0.00000000099999999977 0.68260419012365891600 0.00000000099999999977 0.00000000099999999977 0.00000000099999999977 0.31739580287634122646 0.00000000099999999977 0.00000000099999999977
47 47 (0) 2 : 0.00000000099999999990 0.17371389135875389687 0.00000000099999999990 0.51901791572067734748 0.19280946394100620389 0.11445872397956251276 0.00000000099999999990 0.00000000099999999990 0.00000000099999999990
48 48 (0) 2 : 0.00000000099999999965 0.00000000099999999965 0.00000000099999999965 0.00000000099999999965 0.00000000099999999965 0.00000000099999999965 0.00000000099999999965 0.00000000099999999965 0.99999999199999989319
49 49 (0) 1 : 0.00000000099999999987 0.00000000099999999987 0.00000000099999999987 0.99999999200000000421 0.00000000099999999987 0.00000000099999999987 0.00000000099999999987 0.00000000099999999987 0.00000000099999999987
50 50 (0) 1 : 0.00000000099999999980 0.37510436783665546123 0.00000000099999999980 0.37754525303142200121 0.13677944454924370610 0.11057092958267883409 0.00000000099999999980 0.00000000099999999980 0.00000000099999999980
51 51 (0) 1 : 0.00000000099999999979 0.00000000099999999979 0.00000000099999999979 0.71518931581209654880 0.00000000099999999979 0.28481067718790337162 0.00000000099999999979 0.00000000099999999979 0.00000000099999999979
52 52 (0) 1 : 0.00000000099999999975 0.00000000099999999975 0.00000000099999999975 0.55000992638672951962 0.44999006661327051182 0.00000000099999999975 0.00000000099999999975 0.00000000099999999975 0.00000000099999999975
53 53 (0) 1 : 0.04047617717418681288 0.28608248916682116336 0.00000000099999999979 0.36917213404320708969 0.00000000099999999979 0.30426919461578483261 0.00000000099999999979 0.00000000099999999979 0.00000000099999999979
54 54 (0) 1 : 0.00000010997435935862 0.42283283585856651365 0.00000000099999999983 0.57716704816707409265 0.00000000099999999983 0.00000000099999999983 0.00000000099999999983 0.00000000099999999983 0.00000000099999999983
55 55 (0) 1 : 0.00000153895698380829 0.28128521219825380895 0.00000000099999999992 0.52766240823539889426 0.19105083560936342302 0.00000000099999999992 0.00000000099999999992 0.00000000099999999992 0.00000000099999999992
56 56 (0) 3 : 0.00000000099999999974 0.00000000099999999974 0.00000000099999999974 0.00000000099999999974 0.00000000099999999974 0.00000000099999999974 0.49886694402422077088 0.29299366390265485505 0.20813938607312432172
57 57 (0) 3 : 0.00000000099999999963 0.00000000099999999963 0.00000000099999999963 0.00000000099999999963 0.00000000099999999963 0.00000000099999999963 0.56629736438829192391 0.00000000099999999963 0.43370262861170805202
58 58 (0) 3 : 0.00000000099999999963 0.00000000099999999963 0.00000000099999999963 0.00000000099999999963 0.00000000099999999963 0.00000000099999999963 0.00000000099999999963 0.00000000099999999963 0.99999999199999989319
59 59 (0) 3 : 0.00000000099999999960 0.00000000099999999960 0.00000000099999999960 0.00000000099999999960 0.00000000099999999960 0.00000000099999999960 0.99999999199999989319 0.00000000099999999960 0.00000000099999999960
60 60 (0) 3 : 0.00000000099999999975 0.00000000099999999975 0.52805685389209955360 0.00000000099999999975 0.00000000099999999975 0.00000000099999999975 0.38264198413076067062 0.08930115597713973730 0.00000000099999999975
61 61 (0) 3 : 0.00000000099999999993 0.00000000099999999993 0.00021190596399218263 0.00000000099999999993 0.00000000099999999993 0.00000000099999999993 0.00000000099999999993 0.00000000099999999993 0.99978808703600785535
62 62 (0) 3 : 0.00000000099999999964 0.00000000099999999964 0.00000000099999999964 0.00000000099999999964 0.00000000099999999964 0.00000000099999999964 0.00000000099999999964 0.00000000099999999964 0.99999999199999989319
63 63 (0) 4 : 0.99999999200000011523 0.00000000099999999967 0.00000000099999999967 0.00000000099999999967 0.00000000099999999967 0.00000000099999999967 0.00000000099999999967 0.00000000099999999967 0.00000000099999999967
64 64 (0) 4 : 0.00000000099999999982 0.42267497895371164418 0.00000000099999999982 0.51399939401196281796 0.00000000099999999982 0.06332562103432544387 0.00000000099999999982 0.00000000099999999982 0.00000000099999999982
65 65 (0) 4 : 0.00000000099999999969 0.00000000099999999969 0.00000000099999999969 0.00000000099999999969 0.99999999200000011523 0.00000000099999999969 0.00000000099999999969 0.00000000099999999969 0.00000000099999999969
66 66 (0) 3 : 0.00000000099999999961 0.00000000099999999961 0.99999999200000000421 0.00000000099999999961 0.00000000099999999961 0.00000000099999999961 0.00000000099999999961 0.00000000099999999961 0.00000000099999999961
67 67 (0) 3 : 0.00000000099999999977 0.00000000099999999977 0.32701521777391800994 0.00000000099999999977 0.00000000099999999977 0.00000000099999999977 0.40277531318651965675 0.27020946303956228096 0.00000000099999999977
68 68 (0) 3 : 0.00000000099999999924 0.00000000099999999924 0.00000000099999999924 0.00000000099999999924 0.00000000099999999924 0.00000000099999999924 0.00000000099999999924 0.99999999200000000421 0.00000000099999999924
69 69 (0) 3 : 0.00000000099999999975 0.00000000099999999975 0.29656750873246134903 0.00000000099999999975 0.00000000099999999975 0.00000000099999999975 0.43360254959709038092 0.26982993567044805117 0.00000000099999999975
70 70 (0) 3 : 0.00000000099999999957 0.00000000099999999957 0.00000000099999999957 0.00000000099999999957 0.00000000099999999957 0.00000000099999999957 0.99999999199999989319 0.00000000099999999957 0.00000000099999999957
71 71 (0) 3 : 0.00000000099999999975 0.00000000099999999975 0.36906557662398836728 0.00000000099999999975 0.00000000099999999975 0.00000000099999999975 0.00000000099999999975 0.23346207328826579230 0.39747234408774567704
72 72 (0) 4 : 0.00000000099999999992 0.40420314420063901961 0.00000000099999999992 0.00000000099999999992 0.59579684879936090081 0.00000000099999999992 0.00000000099999999992 0.00000000099999999992 0.00000000099999999992
73 73 (0) 4 : 0.00000000099999999996 0.32821541902158996029 0.00000000099999999996 0.45231556304216385955 0.15404695502408236041 0.00000015520487299117 0.06542190370729085436 0.00000000099999999996 0.00000000099999999996
74 74 (0) 4 : 0.00000000099999999972 0.99999999200000022626 0.00000000099999999972 0.00000000099999999972 0.00000000099999999972 0.00000000099999999972 0.00000000099999999972 0.00000000099999999972 0.00000000099999999972
75 75 (0) 4 : 0.00000000099999999972 0.00000000099999999972 0.00000000099999999972 0.00000000099999999972 0.99999999200000000421 0.00000000099999999972 0.00000000099999999972 0.00000000099999999972 0.00000000099999999972
76 76 (0) 4 : 0.00014631992727235293 0.30486529315434074405 0.00000000099999999980 0.69498838091838699427 0.00000000099999999980 0.00000000099999999980 0.00000000099999999980 0.00000000099999999980 0.00000000099999999980
77 77 (0) 4 : 0.00000000099999999974 0.00000000099999999974 0.00000000099999999974 0.99999999200000000421 0.00000000099999999974 0.00000000099999999974 0.00000000099999999974 0.00000000099999999974 0.00000000099999999974
78 78 (0) 4 : 0.00000000099999999979 0.22943596310259456450 0.00000000099999999979 0.45094285680894791168 0.22353945065086383570 0.09608172443759376014 0.00000000099999999979 0.00000000099999999979 0.00000000099999999979
79 79 (0) 3 : 0.00000000099999999972 0.83209773906745387873 0.00000000099999999972 0.00000000099999999972 0.00032976201724136761 0.16757249291530487700 0.00000000099999999972 0.00000000099999999972 0.00000000099999999972
80 80 (0) 3 : 0.00000000099999999976 0.00000000099999999976 0.00000000099999999976 0.00000000099999999976 0.00000000099999999976 0.00000000099999999976 0.64403816151787052213 0.00000000099999999976 0.35596183148212945380
81 81 (0) 3 : 0.00000000099999999976 0.00000000099999999976 0.00000000099999999976 0.00000000099999999976 0.00000000099999999976 0.00000000099999999976 0.00000000099999999976 0.00000000099999999976 0.99999999199999989319
82 82 (0) 3 : 0.00000000099999999971 0.00000000099999999971 0.36413244681097062250 0.00000000099999999971 0.00000000099999999971 0.00000000099999999971 0.00000000099999999971 0.13094551259647935204 0.50492203459254991760
83 83 (0) 3 : 0.00000000099999999979 0.37062009362257752887 0.00000000099999999979 0.58794763011475725811 0.00000000099999999979 0.04143227026266525781 0.00000000099999999979 0.00000000099999999979 0.00000000099999999979
84 84 (0) 3 : 0.00000000099999999941 0.00000000099999999941 0.00000000099999999941 0.00000000099999999941 0.00000000099999999941 0.99999999200000000421 0.00000000099999999941 0.00000000099999999941 0.00000000099999999941
85 85 (0) 3 : 0.00000000099999999964 0.00000000099999999964 0.00000000099999999964 0.00000000099999999964 0.00000000099999999964 0.00000000099999999964 0.71480924653952371273 0.00000000099999999964 0.28519074646047615218
86 86 (0) 3 : 0.00000000099999999960 0.00000000099999999960 0.99999999200000011523 0.00000000099999999960 0.00000000099999999960 0.00000000099999999960 0.00000000099999999960 0.00000000099999999960 0.00000000099999999960
87 87 (0) 3 : 0.00000000099999999996 0.00000000099999999996 0.28670823011555340853 0.00000000099999999996 0.00000000099999999996 0.05405633554476925451 0.07385995566479507113 0.04998795987847989147 0.53538751479640234177
88 88 (0) 3 : 0.00000000099999999970 0.00000000099999999970 0.51165522777212646410 0.00000000099999999970 0.00000000099999999970 0.00000000099999999970 0.48571006872426236711 0.00263469750361117758 0.00000000099999999970
89 89 (0) 4 : 0.03488239100510584501 0.44562750074218099305 0.02643342265244201170 0.00051719966399501455 0.46164303003311757401 0.03089645290315860826 0.00000000099999999998 0.00000000099999999998 0.00000000099999999998
90 90 (0) 3 : 0.00000000099999999975 0.00000000099999999975 0.33118663124899683226 0.00000000099999999975 0.00000000099999999975 0.00000000099999999975 0.41236493910874572055 0.00000000099999999975 0.25644842364225745035
91 91 (0) 3 : 0.00000000099999999963 0.00000000099999999963 0.99999999200000011523 0.00000000099999999963 0.00000000099999999963 0.00000000099999999963 0.00000000099999999963 0.00000000099999999963 0.00000000099999999963
92 92 (0) 3 : 0.00000000099999999965 0.00000000099999999965 0.63587817706834870446 0.00000000099999999965 0.00000000099999999965 0.00000000099999999965 0.00000000099999999965 0.36412181593165138249 0.00000000099999999965
93 93 (0) 3 : 0.00000000099999999965 0.00000000099999999965 0.00000000099999999965 0.00000000099999999965 0.00000000099999999965 0.00000000099999999965 0.99999999200000000421 0.00000000099999999965 0.00000000099999999965
94 94 (0) 3 : 0.00000000099999999997 0.00000000099999999997 0.30246245158476042780 0.00000000099999999997 0.19139393985260455544 0.00000000099999999997 0.37202477003240336240 0.00000000099999999997 0.13411883353023154597
95 95 (0) 4 : 0.01014022476502227620 0.14811960317199585058 0.12603078118430943722 0.48735057511803980823 0.22835881176063274611 0.00000000099999999997 0.00000000099999999997 0.00000000099999999997 0.00000000099999999997
96 96 (0) 4 : 0.00000000099999999974 0.00000000099999999974 0.00000000099999999974 0.99999999200000011523 0.00000000099999999974 0.00000000099999999974 0.00000000099999999974 0.00000000099999999974 0.00000000099999999974
97 97 (0) 4 : 0.00000000099999999988 0.17664947520322793473 0.00000000099999999988 0.82335051779677215222 0.00000000099999999988 0.00000000099999999988 0.00000000099999999988 0.00000000099999999988 0.00000000099999999988
98 98 (0) 4 : 0.05325883485920048649 0.13489191085310378582 0.00000000099999999997 0.49547327001294061422 0.21079575735627828492 0.06385242590447665068 0.04172779801400017252 0.00000000099999999997 0.00000000099999999997
99 99 (0) 4 : 0.04273134812828194296 0.28587805642848507226 0.00000000099999999991 0.31913010963088311867 0.18187342607785733639 0.17038705573449264286 0.00000000099999999991 0.00000000099999999991 0.00000000099999999991
100 100 (0) 4 : 0.00000000099999999974 0.00000000099999999974 0.00000000099999999974 0.99999999200000000421 0.00000000099999999974 0.00000000099999999974 0.00000000099999999974 0.00000000099999999974 0.00000000099999999974
101 101 (0) 4 : 0.00000000099999999974 0.99999999200000022626 0.00000000099999999974 0.00000000099999999974 0.00000000099999999974 0.00000000099999999974 0.00000000099999999974 0.00000000099999999974 0.00000000099999999974
102 102 (0) 4 : 0.00000000099999999971 0.00000000099999999971 0.00000000099999999971 0.99999999200000011523 0.00000000099999999971 0.00000000099999999971 0.00000000099999999971 0.00000000099999999971 0.00000000099999999971
103 103 (0) 4 : 0.99999999200000011523 0.00000000099999999954 0.00000000099999999954 0.00000000099999999954 0.00000000099999999954 0.00000000099999999954 0.00000000099999999954 0.00000000099999999954 0.00000000099999999954
104 104 (0) 4 : 0.00000000099999999987 0.99999999200000022626 0.00000000099999999987 0.00000000099999999987 0.00000000099999999987 0.00000000099999999987 0.00000000099999999987 0.00000000099999999987 0.00000000099999999987
105 105 (0) 4 : 0.00000000099999999990 0.19902569479134726849 0.00000000099999999990 0.78370830447699102450 0.00000000099999999990 0.01726599473166172752 0.00000000099999999990 0.00000000099999999990 0.00000000099999999990
106 106 (0) 4 : 0.00000000099999999996 0.62073298105763563548 0.00000000099999999996 0.00000000099999999996 0.00000000099999999996 0.37926701194236445147 0.00000000099999999996 0.00000000099999999996 0.00000000099999999996
107 107 (0) 4 : 0.03194290413215935404 0.00000000099999999996 0.00000000099999999996 0.96805708886784069822 0.00000000099999999996 0.00000000099999999996 0.00000000099999999996 0.00000000099999999996 0.00000000099999999996
108 108 (0) 4 : 0.00000000099999999939 0.00000000099999999939 0.00000000099999999939 0.00000000099999999939 0.00000000099999999939 0.99999999200000000421 0.00000000099999999939 0.00000000099999999939 0.00000000099999999939
109 109 (0) 4 : 0.00000000099999999977 0.64481258740859670464 0.00000000099999999977 0.00000000099999999977 0.35518740559140343782 0.00000000099999999977 0.00000000099999999977 0.00000000099999999977 0.00000000099999999977
110 110 (0) 4 : 0.10460808045109333542 0.14556124575222170736 0.00000000099999999989 0.46018515965688544522 0.13215803878924325954 0.15748747135055612967 0.00000000099999999989 0.00000000099999999989 0.00000000099999999989
111 111 (0) 4 : 0.99999999200000011523 0.00000000099999999957 0.00000000099999999957 0.00000000099999999957 0.00000000099999999957 0.00000000099999999957 0.00000000099999999957 0.00000000099999999957 0.00000000099999999957
112 112 (0) 4 : 0.99999999200000011523 0.00000000099999999974 0.00000000099999999974 0.00000000099999999974 0.00000000099999999974 0.00000000099999999974 0.00000000099999999974 0.00000000099999999974 0.00000000099999999974
113 113 (0) 4 : 0.00000000099999999961 0.00000000099999999961 0.00000000099999999961 0.00000000099999999961 0.00000000099999999961 0.00000000099999999961 0.99999999200000000421 0.00000000099999999961 0.00000000099999999961
114 114 (0) 4 : 0.00000000099999999988 0.92616221127625197873 0.00000000099999999988 0.00000000099999999988 0.00000000099999999988 0.07383778172374814985 0.00000000099999999988 0.00000000099999999988 0.00000000099999999988
115 115 (0) 4 : 0.00000000099999999975 0.46182969577917787340 0.00000000099999999975 0.00000000099999999975 0.53817029722082210252 0.00000000099999999975 0.00000000099999999975 0.00000000099999999975 0.00000000099999999975
116 116 (0) 4 : 0.00000000099999999974 0.99999999200000022626 0.00000000099999999974 0.00000000099999999974 0.00000000099999999974 0.00000000099999999974 0.00000000099999999974 0.00000000099999999974 0.00000000099999999974
