1.0000 0.5789 0.6267 0.6996 0.5153 0.6441 0.4790 0.7026 0.5553 0.6713 0.4506 0.4801 0.4633 0.6850 0.6160 0.6101 0.5532 0.6388 0.5563 0.5789
0.5789 1.0000 0.5288 0.5375 0.5245 0.5188 0.4346 0.5492 0.5009 0.5917 0.4046 0.4312 0.4405 0.6154 0.5760 0.5197 0.6382 0.4811 0.4454 1.0000
0.6267 0.5288 1.0000 0.6926 0.4436 0.6793 0.4279 0.5308 0.6076 0.5842 0.3948 0.4693 0.4667 0.5438 0.5288 0.6240 0.5650 0.4857 0.4899 0.5288
0.6996 0.5375 0.6926 1.0000 0.4791 0.6810 0.4436 0.6041 0.6240 0.6100 0.3990 0.4652 0.4560 0.5975 0.5352 0.5771 0.5607 0.5550 0.4555 0.5375
0.5153 0.5245 0.4436 0.4791 1.0000 0.4810 0.3966 0.4868 0.4435 0.4697 0.3613 0.3880 0.3551 0.4880 0.4779 0.3815 0.5180 0.4631 0.3986 0.5245
0.6441 0.5188 0.6793 0.6810 0.4810 1.0000 0.4345 0.5959 0.6056 0.5784 0.4364 0.4735 0.4525 0.5541 0.5177 0.5619 0.5739 0.5544 0.4419 0.5188
0.4790 0.4346 0.4279 0.4436 0.3966 0.4345 1.0000 0.4714 0.4322 0.4776 0.5763 0.6746 0.6102 0.5088 0.4810 0.4600 0.4041 0.4275 0.5063 0.4346
0.7026 0.5492 0.5308 0.6041 0.4868 0.5959 0.4714 1.0000 0.6101 0.5981 0.4387 0.4597 0.4555 0.6783 0.6195 0.5185 0.5233 0.5714 0.4947 0.5492
0.5553 0.5009 0.6076 0.6240 0.4435 0.6056 0.4322 0.6101 1.0000 0.5194 0.3844 0.4705 0.4383 0.5508 0.5175 0.4952 0.5443 0.4373 0.3965 0.5009
0.6713 0.5917 0.5842 0.6100 0.4697 0.5784 0.4776 0.5981 0.5194 1.0000 0.4475 0.4778 0.4825 0.6394 0.6357 0.6662 0.5704 0.5503 0.5187 0.5917
0.4506 0.4046 0.3948 0.3990 0.3613 0.4364 0.5763 0.4387 0.3844 0.4475 1.0000 0.5553 0.5838 0.4748 0.4634 0.4586 0.3621 0.4037 0.4699 0.4046
0.4801 0.4312 0.4693 0.4652 0.3880 0.4735 0.6746 0.4597 0.4705 0.4778 0.5553 1.0000 0.6146 0.5010 0.4491 0.4810 0.4158 0.3974 0.4707 0.4312
0.4633 0.4405 0.4667 0.4560 0.3551 0.4525 0.6102 0.4555 0.4383 0.4825 0.5838 0.6146 1.0000 0.5111 0.4936 0.5153 0.4245 0.3890 0.4695 0.4405
0.6850 0.6154 0.5438 0.5975 0.4880 0.5541 0.5088 0.6783 0.5508 0.6394 0.4748 0.5010 0.5111 1.0000 0.7121 0.6344 0.5398 0.5437 0.5404 0.6154
0.6160 0.5760 0.5288 0.5352 0.4779 0.5177 0.4810 0.6195 0.5175 0.6357 0.4634 0.4491 0.4936 0.7121 1.0000 0.5843 0.5620 0.5428 0.5293 0.5760
0.6101 0.5197 0.6240 0.5771 0.3815 0.5619 0.4600 0.5185 0.4952 0.6662 0.4586 0.4810 0.5153 0.6344 0.5843 1.0000 0.4872 0.5126 0.5532 0.5197
0.5532 0.6382 0.5650 0.5607 0.5180 0.5739 0.4041 0.5233 0.5443 0.5704 0.3621 0.4158 0.4245 0.5398 0.5620 0.4872 1.0000 0.4798 0.4039 0.6382
0.6388 0.4811 0.4857 0.5550 0.4631 0.5544 0.4275 0.5714 0.4373 0.5503 0.4037 0.3974 0.3890 0.5437 0.5428 0.5126 0.4798 1.0000 0.4960 0.4811
0.5563 0.4454 0.4899 0.4555 0.3986 0.4419 0.5063 0.4947 0.3965 0.5187 0.4699 0.4707 0.4695 0.5404 0.5293 0.5532 0.4039 0.4960 1.0000 0.4454
0.5789 1.0000 0.5288 0.5375 0.5245 0.5188 0.4346 0.5492 0.5009 0.5917 0.4046 0.4312 0.4405 0.6154 0.5760 0.5197 0.6382 0.4811 0.4454 1.0000
