10 -705562.802443
10 -705562.802443
10 -706443.818404
10 -706245.974404
10 -706568.600207
10 -705378.188314
10 -705628.143783
10 -706212.766658
10 -706327.943952
10 -705799.303424
10 -706640.238533
10 -706438.795433
10 -706760.945955
10 -707064.994336
10 -706145.896518
10 -707402.858402
10 -706532.777743
10 -705511.629466
10 -706040.722652
10 -706422.246294
1 -885532.968766
1 -885532.968766
1 -885532.968766
1 -885532.968766
1 -885532.968766
1 -885532.968766
1 -885532.968766
1 -885532.968766
1 -885532.968766
1 -885532.968766
1 -885532.968766
1 -885532.968766
1 -885532.968766
1 -885532.968766
1 -885532.968766
1 -885532.968766
1 -885532.968766
1 -885532.968766
1 -885532.968766
1 -885532.968766
2 -756938.960262
2 -756938.97462
2 -756938.962988
2 -756938.969545
2 -756938.948427
2 -756938.946789
2 -756938.959082
2 -756938.959082
2 -756938.972572
2 -756938.974529
2 -756938.970786
2 -756938.948733
2 -756938.95526
2 -756938.954564
2 -756938.92155
2 -756938.955045
2 -756938.961026
2 -756938.963727
2 -756938.973804
2 -756938.938894
3 -744844.500264
3 -744844.499984
3 -744844.498985
3 -744844.503251
3 -744844.502908
3 -750911.858833
3 -744844.476689
3 -744844.476689
3 -744844.499612
3 -744844.558611
3 -744844.50233
3 -744844.529897
3 -744844.495758
3 -744844.503815
3 -744844.501407
3 -744844.502427
3 -744844.500145
3 -744844.503135
3 -744844.496171
3 -744844.497059
4 -739126.521734
4 -739354.750292
4 -738933.460406
4 -739232.244471
4 -738807.210503
4 -738852.195752
4 -739167.585766
4 -738931.651033
4 -739180.602059
4 -739243.361793
4 -739017.819484
4 -738846.227151
4 -739171.994007
4 -739173.970856
4 -738865.062515
4 -738865.635478
4 -739225.517086
4 -738803.469987
4 -739139.233517
4 -739167.025996
5 -733112.82721
5 -732921.295986
5 -733137.084602
5 -733071.637199
5 -733322.440326
5 -733598.616723
5 -732829.966207
5 -733677.74071
5 -733091.974752
5 -733091.974752
5 -734365.84042
5 -733199.687603
5 -733160.448962
5 -733386.047923
5 -732904.264265
5 -733223.917103
5 -732885.951223
5 -733090.471547
5 -733301.739218
5 -732954.073696
6 -727524.495946
6 -727468.676791
6 -727667.795226
6 -727508.166942
6 -727510.268096
6 -727163.045967
6 -727449.841968
6 -727511.07357
6 -727752.204139
6 -727331.817814
6 -727449.649283
6 -727225.497942
6 -727205.180678
6 -727331.806174
6 -727272.836297
6 -727472.020076
6 -727379.943017
6 -727181.977549
6 -727530.567237
6 -727524.495946
7 -722532.434906
7 -721693.748147
7 -721498.238297
7 -722933.49771
7 -722106.713168
7 -721494.933027
7 -721655.702055
7 -721837.598413
7 -721708.548755
7 -721970.289518
7 -721347.0864
7 -721711.424327
7 -721443.742757
7 -721443.742757
7 -721647.534867
7 -721684.830303
7 -722785.421084
7 -721830.630055
7 -721768.188257
7 -722532.434906
8 -716487.513379
8 -715922.219102
8 -716465.693873
8 -716858.106595
8 -716527.443607
8 -716527.443607
8 -716241.896335
8 -716487.035269
8 -716266.385614
8 -716264.262546
8 -716656.941497
8 -716487.442617
8 -716562.83929
8 -716642.701309
8 -716816.089594
8 -716530.433215
8 -716079.327841
8 -716637.831828
8 -716059.081436
8 -715922.219102
9 -711017.51749
9 -710841.704322
9 -711116.34183
9 -711515.284875
9 -711872.253562
9 -711872.253562
9 -710890.399161
9 -711100.330818
9 -711018.060773
9 -711408.142255
9 -711226.909642
9 -711674.972906
9 -711851.277927
9 -711191.032491
9 -711184.716052
9 -711511.506041
9 -711016.442138
9 -710607.932318
9 -711005.474402
9 -711937.993712
