1 1 (0) 1 : 0.31034844793388932649 0.00000000099999999998 0.23499410327033803947 0.38064032167835698539 0.00000000099999999998 0.00000000099999999998 0.07401712211741574843 0.00000000099999999998 0.00000000099999999998
2 2 (0) 1 : 0.00000000099999999983 0.00000000099999999983 0.99999999200000000421 0.00000000099999999983 0.00000000099999999983 0.00000000099999999983 0.00000000099999999983 0.00000000099999999983 0.00000000099999999983
3 3 (0) 1 : 0.02553529681438251528 0.00000000099999999998 0.49462688927105347148 0.47983780791456409620 0.00000000099999999998 0.00000000099999999998 0.00000000099999999998 0.00000000099999999998 0.00000000099999999998
4 4 (0) 1 : 0.00000000099999999990 0.00000000099999999990 0.00000000099999999990 0.99999999200000000421 0.00000000099999999990 0.00000000099999999990 0.00000000099999999990 0.00000000099999999990 0.00000000099999999990
5 5 (0) 1 : 0.21170076864585271603 0.00000000099999999994 0.00000000099999999994 0.00000000099999999994 0.00000000099999999994 0.00000000099999999994 0.78829922435414723214 0.00000000099999999994 0.00000000099999999994
6 6 (0) 1 : 0.00000000099999999999 0.10018066718838965212 0.00000000099999999999 0.25973108912697795425 0.35128284604599036012 0.00000000099999999999 0.00000003337344430354 0.00000000099999999999 0.28880536026519770809
7 7 (0) 1 : 0.14869940174214205109 0.02266505895308126156 0.09976232967943148011 0.06162581306866656006 0.00000000099999999999 0.17297152302495744092 0.00000012386431553542 0.24982917979674595932 0.24444656887065954742
8 8 (0) 1 : 0.05414014840315464761 0.00000000099999999999 0.19732729034978327420 0.33221883758077414006 0.00000000099999999999 0.00000000099999999999 0.16995369609976337943 0.00000000099999999999 0.24636002356652475509
9 9 (0) 1 : 0.61881421735450914401 0.00000000099999999999 0.00000000099999999999 0.00000000099999999999 0.22487511503318022288 0.00000000099999999999 0.00000777582829982471 0.00000000099999999999 0.15630288678401094149
10 10 (0) 1 : 0.48565328248210770656 0.32049596839009725224 0.00000000241767227545 0.00000152087969975924 0.00000000100000000000 0.00000000100000000000 0.19384829860802768597 0.00000000100000000000 0.00000092422239544572
11 11 (0) 1 : 0.99999999200000011523 0.00000000099999999993 0.00000000099999999993 0.00000000099999999993 0.00000000099999999993 0.00000000099999999993 0.00000000099999999993 0.00000000099999999993 0.00000000099999999993
12 12 (0) 1 : 0.43829909365261909837 0.00000000099999999999 0.00000000099999999999 0.00007770632660180728 0.13247094624096106275 0.00000000099999999999 0.42915224877981811291 0.00000000099999999999 0.00000000099999999999
13 13 (0) 2 : 0.00000000099999999996 0.00000000099999999996 0.00000000099999999996 0.00000000099999999996 0.00000000099999999996 0.00000000099999999996 0.00000000099999999996 0.59194325013943660529 0.40805674286056353717
14 14 (0) 2 : 0.99999999200000022626 0.00000000099999999988 0.00000000099999999988 0.00000000099999999988 0.00000000099999999988 0.00000000099999999988 0.00000000099999999988 0.00000000099999999988 0.00000000099999999988
15 15 (0) 2 : 0.99999999200000011523 0.00000000099999999994 0.00000000099999999994 0.00000000099999999994 0.00000000099999999994 0.00000000099999999994 0.00000000099999999994 0.00000000099999999994 0.00000000099999999994
16 16 (0) 2 : 0.63728004446960861973 0.00000000099999999994 0.00000000099999999994 0.00000000099999999994 0.00000000099999999994 0.00000000099999999994 0.00000000099999999994 0.36271994853039146722 0.00000000099999999994
17 17 (0) 2 : 0.46608112547087077182 0.00000000099999999998 0.00000000099999999998 0.00000000099999999998 0.00000000099999999998 0.53391886752912920411 0.00000000099999999998 0.00000000099999999998 0.00000000099999999998
18 18 (0) 2 : 0.94613007681570426843 0.00000000099999999998 0.00000000099999999998 0.00000000099999999998 0.05386778886578708070 0.00000000299036252159 0.00000198894243277078 0.00000013838571348218 0.00000000099999999998
19 19 (0) 2 : 0.53754449622527344932 0.00000000099999999997 0.13796728963223853226 0.00000000099999999997 0.00000000099999999997 0.00000000099999999997 0.00000000099999999997 0.32448820814248813260 0.00000000099999999997
20 20 (0) 2 : 0.00000000099999999998 0.00000000099999999998 0.00000000141880942794 0.26479089136200112398 0.00000000099999999998 0.00000000099999999998 0.27406244152880959719 0.31881758338834331745 0.14232907830203656019
21 21 (0) 2 : 0.00000000100000000000 0.56148252178787561029 0.00000119493529846675 0.00026729355233277472 0.00011016993783708395 0.00000000100000000000 0.43813881578665608840 0.00000000100000000000 0.00000000100000000000
22 22 (0) 2 : 0.25717905572692933980 0.00000000099999999998 0.00000000099999999998 0.14165316420288062704 0.00000000099999999998 0.19790052322728846068 0.16254433175202873119 0.24072292109087264911 0.00000000099999999998
23 23 (0) 2 : 0.45428016106583091194 0.00000000099999999999 0.00000000099999999999 0.19656426961711997992 0.00000000099999999999 0.00000000099999999999 0.00000000099999999999 0.07805129127610568873 0.27110427304094342205
24 24 (0) 2 : 0.00000000099999999986 0.00000000099999999986 0.00000000099999999986 0.99999999200000011523 0.00000000099999999986 0.00000000099999999986 0.00000000099999999986 0.00000000099999999986 0.00000000099999999986
25 25 (0) 2 : 0.34320425546728944299 0.10662154285492235484 0.00000000100000000000 0.25544429435345028523 0.12341901621330358951 0.03225803160125247093 0.00000000100000000000 0.08792623677816749361 0.05112662073161439169
26 26 (0) 2 : 0.20650658122216075663 0.19989873890890136332 0.00000003863480634799 0.11087106258830650707 0.00000000100000000000 0.00000010452176228946 0.08499240125558257808 0.10052166599166163785 0.29720940587681859979
27 27 (0) 2 : 0.12833398219080946467 0.26735338970500333033 0.14822762508217171562 0.15617092464132154017 0.01113896394976260189 0.10551024203121328604 0.02613495375299026979 0.03642560231927997189 0.12070431632744801909
28 28 (0) 2 : 0.53317931925127326487 0.00000000099999999998 0.00000000099999999998 0.15060649057881334012 0.00000000099999999998 0.00000000099999999998 0.00000000099999999998 0.31621418416991353695 0.00000000099999999998
29 29 (0) 2 : 0.00000000099999999995 0.00000000099999999995 0.00000000099999999995 0.00000000099999999995 0.00000000099999999995 0.00000000099999999995 0.99999999200000000421 0.00000000099999999995 0.00000000099999999995
30 30 (0) 2 : 0.51025745938058253426 0.00000000099999999998 0.00000000099999999998 0.00000000099999999998 0.00000000099999999998 0.25319015897975616358 0.00000000099999999998 0.00000000099999999998 0.23655237563966141634
31 31 (0) 2 : 0.28854804666823885562 0.00000000099999999999 0.07217072881445561749 0.00000000099999999999 0.11402912887678241793 0.29149917945823666798 0.23375291218228633205 0.00000000099999999999 0.00000000099999999999
32 32 (0) 2 : 0.00000000099999999995 0.00000000099999999995 0.00000000099999999995 0.00000000099999999995 0.59348050860040268972 0.00000000099999999995 0.00000000099999999995 0.40651948439959728621 0.00000000099999999995
33 33 (0) 2 : 0.72601280533865741873 0.00000000099999999991 0.00000000099999999991 0.00000000099999999991 0.00000000099999999991 0.00000000099999999991 0.00000000099999999991 0.27398718766134283475 0.00000000099999999991
34 34 (0) 3 : 0.00000000099999999983 0.00000000099999999983 0.00000000099999999983 0.00000000099999999983 0.00000000099999999983 0.00000000099999999983 0.99999999200000000421 0.00000000099999999983 0.00000000099999999983
35 35 (0) 3 : 0.00000000099999999984 0.00000000099999999984 0.00000000099999999984 0.00000000099999999984 0.00000000099999999984 0.99999999200000011523 0.00000000099999999984 0.00000000099999999984 0.00000000099999999984
36 36 (0) 3 : 0.01572628770018614022 0.00000000099999999998 0.26239989557618570437 0.00000000099999999998 0.44902458648962562116 0.00000000099999999998 0.27284922523400251260 0.00000000099999999998 0.00000000099999999998
37 37 (0) 3 : 0.00000000099999999999 0.00000000099999999999 0.27499049462900326812 0.17180513382767356734 0.00000307919267829999 0.00000000099999999999 0.41044319767253334419 0.14275809067811146003 0.00000000099999999999
38 38 (0) 3 : 0.00000000099999999998 0.45920136911232511956 0.25602717029057003861 0.28411434966856213835 0.00000000099999999998 0.00000000099999999998 0.00000000099999999998 0.00000000099999999998 0.00065710592854270047
39 39 (0) 3 : 0.00000000099999999996 0.67775505284875681156 0.21320414029075801521 0.00000000099999999996 0.00000000099999999996 0.00000000099999999996 0.00000000099999999996 0.10904080086048538456 0.00000000099999999996
40 40 (0) 3 : 0.00000000099999999998 0.27144944746256810530 0.00000000099999999998 0.00000000099999999998 0.13297334631944621175 0.00000000099999999998 0.00000000099999999998 0.02240385471438331721 0.57317334650360218795
41 41 (0) 3 : 0.00000000099999999998 0.30044360036088241239 0.00000000099999999998 0.03331362660386340269 0.00000000099999999998 0.00000000099999999998 0.00000000099999999998 0.29657261266503714969 0.36967015537021685745
42 42 (0) 3 : 0.23749010471507622788 0.00000000099999999997 0.21728133534222265899 0.00000000099999999997 0.00000000099999999997 0.00000000099999999997 0.00000000099999999997 0.00000000099999999997 0.54522855394270097751
43 43 (0) 3 : 0.00000000099999999983 0.00000000099999999983 0.00000000099999999983 0.00000000099999999983 0.99999999200000011523 0.00000000099999999983 0.00000000099999999983 0.00000000099999999983 0.00000000099999999983
44 44 (0) 3 : 0.00000000099999999989 0.00000000099999999989 0.00000000099999999989 0.00000000099999999989 0.00000000099999999989 0.00000000099999999989 0.00000000099999999989 0.00000000099999999989 0.99999999200000000421
45 45 (0) 3 : 0.00000000099999999986 0.00000000099999999986 0.00000000099999999986 0.00000000099999999986 0.00000000099999999986 0.99999999200000000421 0.00000000099999999986 0.00000000099999999986 0.00000000099999999986
46 46 (0) 3 : 0.00000000099999999998 0.35020876571044784464 0.18858917185146764628 0.09958488073010740571 0.26383593221500922787 0.00000000099999999998 0.00000000099999999998 0.09778124549296796086 0.00000000099999999998
47 47 (0) 3 : 0.00000000099999999990 0.00000000099999999990 0.00000000099999999990 0.00000000099999999990 0.00000000099999999990 0.99999999200000000421 0.00000000099999999990 0.00000000099999999990 0.00000000099999999990
48 48 (0) 3 : 0.00000000099999999991 0.00000000099999999991 0.00000000099999999991 0.00000000099999999991 0.00000000099999999991 0.62608671547003458269 0.00000000099999999991 0.00000000099999999991 0.37391327752996550426
49 49 (0) 3 : 0.00000000099999999987 0.00000000099999999987 0.00000000099999999987 0.00000000099999999987 0.00000000099999999987 0.00000000099999999987 0.00000000099999999987 0.00000000099999999987 0.99999999200000000421
50 50 (0) 3 : 0.00000000099999999989 0.00000000099999999989 0.00000000099999999989 0.00000000099999999989 0.00000000099999999989 0.99999999200000000421 0.00000000099999999989 0.00000000099999999989 0.00000000099999999989
51 51 (0) 3 : 0.00000000099999999999 0.38608457122185574351 0.03982422455007753742 0.00000001497547004410 0.35147844452046611563 0.12356758593535116519 0.00000000099999999999 0.09904515579677929116 0.00000000099999999999
52 52 (0) 3 : 0.21126982461831872451 0.08354638133403599620 0.28957264983956498838 0.00000000100000000000 0.16130751269248502777 0.05828553146087536024 0.00000000100000000000 0.13694482126426268942 0.05907327679045740187
53 53 (0) 3 : 0.08977494920821899038 0.00000000099999999999 0.29916079711894083548 0.00000000099999999999 0.17982158161052094747 0.31056336312567989211 0.00000000099999999999 0.00000000099999999999 0.12067930493663939218
54 54 (0) 3 : 0.00000000099999999987 0.99999999200000022626 0.00000000099999999987 0.00000000099999999987 0.00000000099999999987 0.00000000099999999987 0.00000000099999999987 0.00000000099999999987 0.00000000099999999987
55 55 (0) 3 : 0.00000000099999999991 0.00000000099999999991 0.00000000099999999991 0.00000000099999999991 0.00000000099999999991 0.00000000099999999991 0.00000000099999999991 0.00000000099999999991 0.99999999199999989319
56 56 (0) 3 : 0.00000000099999999990 0.99999999200000011523 0.00000000099999999990 0.00000000099999999990 0.00000000099999999990 0.00000000099999999990 0.00000000099999999990 0.00000000099999999990 0.00000000099999999990
57 57 (0) 3 : 0.00000000099999999999 0.19479868289406518378 0.16934443302735788239 0.00000000099999999999 0.00000000099999999999 0.14451165687320144393 0.19683233946658279523 0.00000000099999999999 0.29451288373879275229
58 58 (0) 3 : 0.00000000099999999997 0.37430506099514559981 0.27858083395319588327 0.00017200417540529694 0.00000000099999999997 0.00000000099999999997 0.00000000099999999997 0.00000000099999999997 0.34694209587625324254
59 59 (0) 3 : 0.00000000099999999984 0.00000000099999999984 0.00000000099999999984 0.00000000099999999984 0.99999999200000000421 0.00000000099999999984 0.00000000099999999984 0.00000000099999999984 0.00000000099999999984
60 60 (0) 4 : 0.58777351807807698414 0.00000000099999999996 0.00000000102092631721 0.41222647490099684209 0.00000000099999999996 0.00000000099999999996 0.00000000099999999996 0.00000000099999999996 0.00000000099999999996
61 61 (0) 4 : 0.27812024037443783264 0.00000000099999999996 0.00000000099999999996 0.00000000099999999996 0.00000000099999999996 0.24420868756334468408 0.00000000099999999996 0.47767106606221720888 0.00000000099999999996
62 62 (0) 4 : 0.00000000099999999992 0.00000000099999999992 0.00000000099999999992 0.00000000099999999992 0.00000000099999999992 0.99999999200000000421 0.00000000099999999992 0.00000000099999999992 0.00000000099999999992
63 63 (0) 4 : 0.00000000099999999999 0.08772637097459495825 0.11329186301399246650 0.09128048677654290732 0.00000000099999999999 0.00000000099999999999 0.31421952084191012711 0.13225989914081920373 0.26122185625214022764
64 64 (0) 4 : 0.08616449692412357642 0.07187366697640695801 0.18038499336336002998 0.00000850821514326653 0.42858118772543435382 0.07375693406608632707 0.00000000100000000000 0.06231951156192888641 0.09691070016751666960
65 65 (0) 4 : 0.00000000099999999985 0.00000000099999999985 0.00000000099999999985 0.00000000099999999985 0.99999999200000011523 0.00000000099999999985 0.00000000099999999985 0.00000000099999999985 0.00000000099999999985
66 66 (0) 4 : 0.00000000099999999991 0.00000000099999999991 0.00000000099999999991 0.00000000099999999991 0.99999999200000000421 0.00000000099999999991 0.00000000099999999991 0.00000000099999999991 0.00000000099999999991
67 67 (0) 4 : 0.21803455128644616545 0.18810587438495457446 0.22099357879914147129 0.15328630334208406816 0.00763200721328438809 0.13000208576585078890 0.00000000100000000000 0.08194450336249033129 0.00000109484574826604
68 68 (0) 4 : 0.13418397734291276358 0.31154589212833683209 0.00000000099999999999 0.31131124646480068385 0.00000000099999999999 0.00000000099999999999 0.24295887906394988964 0.00000000099999999999 0.00000000099999999999
69 69 (0) 4 : 0.00000000099999999996 0.38730307190428314712 0.00000000099999999996 0.00000000099999999996 0.00000000099999999996 0.61269692109571671779 0.00000000099999999996 0.00000000099999999996 0.00000000099999999996
70 70 (0) 4 : 0.00000000099999999981 0.00000000099999999981 0.00000000099999999981 0.00000000099999999981 0.00000000099999999981 0.00000000099999999981 0.00000000099999999981 0.99999999199999989319 0.00000000099999999981
71 71 (0) 4 : 0.00000000099999999998 0.40290535438565527881 0.39906142856002874142 0.00000000099999999998 0.00000000099999999998 0.19803321105431603844 0.00000000099999999998 0.00000000099999999998 0.00000000099999999998
72 72 (0) 4 : 0.35754600320581869655 0.00000000099999999997 0.00000000099999999997 0.00000000099999999997 0.00000000099999999997 0.41625844488892482786 0.00000000099999999997 0.22619554590525633997 0.00000000099999999997
73 73 (0) 4 : 0.00000000099999999994 0.00000000099999999994 0.00000000099999999994 0.15853191241430691916 0.00000000099999999994 0.00000000099999999994 0.00000000099999999994 0.00000000099999999994 0.84146808058569300126
74 74 (0) 4 : 0.00000000099999999998 0.00000000099999999998 0.00000000099999999998 0.00000000099999999998 0.05027008320034717648 0.00000000099999999998 0.54484588368631792221 0.00000000099999999998 0.40488402711333482120
75 75 (0) 4 : 0.00000000099999999986 0.00000000099999999986 0.00000000099999999986 0.00000000099999999986 0.00000000099999999986 0.00000000099999999986 0.99999999199999989319 0.00000000099999999986 0.00000000099999999986
76 76 (0) 4 : 0.00000000099999999996 0.00000000099999999996 0.00000000099999999996 0.00000000099999999996 0.00000000099999999996 0.51279906546453613014 0.48720092753546390130 0.00000000099999999996 0.00000000099999999996
77 77 (0) 4 : 0.06776434692210685229 0.17977797991756561125 0.00000000100000000000 0.12346412169399262337 0.00000000100000000000 0.00000000100000000000 0.18237087974486562714 0.00000000100000000000 0.44662266772146919092
78 78 (0) 4 : 0.00000000099999999993 0.99999999200000011523 0.00000000099999999993 0.00000000099999999993 0.00000000099999999993 0.00000000099999999993 0.00000000099999999993 0.00000000099999999993 0.00000000099999999993
79 79 (0) 4 : 0.00000000099999999991 0.00000000099999999991 0.00000000099999999991 0.00000000099999999991 0.00000000099999999991 0.00000000099999999991 0.99999999200000000421 0.00000000099999999991 0.00000000099999999991
80 80 (0) 4 : 0.00000000099999999997 0.17155107927839699511 0.00000000099999999997 0.47226766762537220057 0.19805305715793097843 0.15812819093829966199 0.00000000099999999997 0.00000000099999999997 0.00000000099999999997
81 81 (0) 4 : 0.40891409104399728536 0.00000000099999999999 0.00000000099999999999 0.00000000099999999999 0.00282840556276923441 0.00000000199492704398 0.29158892863413177210 0.29666856876417446731 0.00000000099999999999
82 82 (0) 4 : 0.12859570229033218114 0.29588934333598554405 0.34790556242571418766 0.00000000100000000000 0.00000000100000000000 0.00000000100000000000 0.22760938542416547792 0.00000000100000000000 0.00000000252380274767
83 83 (0) 4 : 0.00000000099999999998 0.00000000099999999998 0.52014319200220515693 0.00000000099999999998 0.31100881348684022987 0.16884798851095475514 0.00000000099999999998 0.00000000099999999998 0.00000000099999999998
84 84 (0) 4 : 0.09492530403731826161 0.00000000099999999999 0.20043615946962789476 0.15344067395373173213 0.24700462332328368409 0.14680573896108414789 0.00000000099999999999 0.00000000099999999999 0.15738749725495435050
85 85 (0) 4 : 0.53496109606398434266 0.00000000099999999997 0.00000000099999999997 0.17794775910099444594 0.21453781198401167263 0.00000000099999999997 0.00000000099999999997 0.00000000099999999997 0.07255332785100974957
86 86 (0) 5 : 0.00000000099999999998 0.46054699405589011318 0.00000000099999999998 0.00000000099999999998 0.00000000099999999998 0.00000000099999999998 0.37349901051057049495 0.16595398943353931176 0.00000000099999999998
87 87 (0) 5 : 0.00000000099999999990 0.00000000099999999990 0.00000000099999999990 0.00000000099999999990 0.00000000099999999990 0.00000000099999999990 0.00000000099999999990 0.00000000099999999990 0.99999999199999989319
88 88 (0) 5 : 0.00000000099999999999 0.00000000099999999999 0.04206509466497804911 0.26186399714367075697 0.32845571585432409289 0.00000000099999999999 0.22143924117887012204 0.14617594715815693251 0.00000000099999999999
89 89 (0) 5 : 0.00000000099999999999 0.28175905246986004959 0.00000000099999999999 0.39396073917155849387 0.00000000099999999999 0.00000000099999999999 0.32428020235858140419 0.00000000099999999999 0.00000000099999999999
90 90 (0) 5 : 0.00000000099999999998 0.18758141312264522971 0.00000000099999999998 0.33126681583179834467 0.00000000099999999998 0.00000000099999999998 0.38078504194214263245 0.10036672410341392070 0.00000000099999999998
91 91 (0) 5 : 0.00000000099999999999 0.41444595006208995169 0.00000000099999999999 0.18441692552543659245 0.00000000099999999999 0.00000000099999999999 0.00000000099999999999 0.12236566605785113848 0.27877145335462227838
92 92 (0) 5 : 0.00000000099999999999 0.00000000099999999999 0.26902437640772652871 0.16140929757172708947 0.11216488411951544557 0.11990474418468476114 0.33749669371634616333 0.00000000099999999999 0.00000000099999999999
93 93 (0) 5 : 0.00000000099999999984 0.00000000099999999984 0.00000000099999999984 0.99999999200000011523 0.00000000099999999984 0.00000000099999999984 0.00000000099999999984 0.00000000099999999984 0.00000000099999999984
94 94 (0) 5 : 0.00000000099999999998 0.39026798914238242100 0.50972246249512687122 0.00000000099999999998 0.00000000099999999998 0.00000000099999999998 0.00000000099999999998 0.10000954236249079421 0.00000000099999999998
95 95 (0) 5 : 0.50584786901539968706 0.17923631817032065205 0.00000000099999999997 0.00000000099999999997 0.11261195957458752792 0.00000000099999999997 0.00000000099999999997 0.00000000099999999997 0.20230384823969235764
96 96 (0) 5 : 0.00000000099999999997 0.28408735315862820858 0.07261917480069193798 0.27735570800299225169 0.27745125876634085804 0.00000000099999999997 0.00000000099999999997 0.00000000099999999997 0.08848650127134670418
97 97 (0) 5 : 0.24703028394549145230 0.18058107982370977251 0.00000000099999999997 0.57238863023079877834 0.00000000099999999997 0.00000000099999999997 0.00000000099999999997 0.00000000099999999997 0.00000000099999999997
98 98 (0) 5 : 0.00000000099999999996 0.00000000099999999996 0.68103511564813135060 0.00000000099999999996 0.00000000099999999996 0.00000000099999999996 0.00000000099999999996 0.31896487735186862533 0.00000000099999999996
99 99 (0) 5 : 0.00000000099999999996 0.00000000099999999996 0.00000000099999999996 0.46586754926567430779 0.00000000099999999996 0.53413244373432566814 0.00000000099999999996 0.00000000099999999996 0.00000000099999999996
100 100 (0) 5 : 0.00000000099999999995 0.00000000099999999995 0.00000000099999999995 0.00000000099999999995 0.40508079689100551235 0.00000000099999999995 0.55203178959797372105 0.04288740751102076976 0.00000000099999999995
101 101 (0) 5 : 0.00000000099999999996 0.26767213475119849830 0.13843017040378480242 0.00000000099999999996 0.16458032837902891732 0.00000000099999999996 0.00000000099999999996 0.00000000099999999996 0.42931736146598792336
102 102 (0) 5 : 0.00000000099999999997 0.22072154544205810356 0.00000000099999999997 0.00000000099999999997 0.00000000099999999997 0.00000000099999999997 0.16625129061749491233 0.00000000099999999997 0.61302715794044693176
103 103 (0) 5 : 0.00000000099999999992 0.00000000099999999992 0.00000000099999999992 0.00000000099999999992 0.99999999200000000421 0.00000000099999999992 0.00000000099999999992 0.00000000099999999992 0.00000000099999999992
104 104 (0) 5 : 0.00000000099999999994 0.00000000099999999994 0.99999999200000011523 0.00000000099999999994 0.00000000099999999994 0.00000000099999999994 0.00000000099999999994 0.00000000099999999994 0.00000000099999999994
105 105 (0) 5 : 0.00000000099999999998 0.14686756155860342110 0.28963424966527429039 0.22117550963577220502 0.14727362260451873355 0.00000000099999999998 0.19504905253583132430 0.00000000099999999998 0.00000000099999999998
106 106 (0) 5 : 0.00000000099999999999 0.00000000099999999999 0.46981421512806514906 0.00000000099999999999 0.00000000099999999999 0.32244855189684029639 0.00000000099999999999 0.20773722697509455770 0.00000000099999999999
107 107 (0) 5 : 0.07406233182248134206 0.54415181271082879721 0.00000000099999999998 0.08319952196321322990 0.00000000099999999998 0.29858632850347666121 0.00000000099999999998 0.00000000099999999998 0.00000000099999999998
108 108 (0) 5 : 0.00000000099999999999 0.00000000099999999999 0.21787449922418589132 0.16147126991168408994 0.00000000099999999999 0.15089248735260576972 0.14010351269589954581 0.26598925409736706715 0.06366897371825766538
109 109 (0) 5 : 0.13917342787641134860 0.00000000099999999999 0.10290305302325029879 0.19517260814062969976 0.00000000099999999999 0.00000000099999999999 0.00000000099999999999 0.18806712872050856955 0.37468377823920007152
110 110 (0) 5 : 0.14778522923852038806 0.15113864982882141419 0.00000000099999999999 0.20571417042787876195 0.00000000099999999999 0.32340483576221251694 0.05194446161170768878 0.00000000099999999999 0.12001265013085911371
111 111 (0) 5 : 0.00000000099999999998 0.00000000099999999998 0.27032837031810741379 0.00000000099999999998 0.49257955227855904079 0.00077746136486908429 0.00000000099999999998 0.00000000099999999998 0.23631461103846437832
112 112 (0) 5 : 0.00000000099999999996 0.13070224720940074037 0.19445781452846150339 0.25431126292414962808 0.00000000099999999996 0.36280802723900412721 0.05772064409898396836 0.00000000099999999996 0.00000000099999999996
113 113 (0) 4 : 0.00000000099999999996 0.00000000099999999996 0.00000000099999999996 0.00000000099999999996 0.00000000099999999996 0.00000000099999999996 0.99999999199999989319 0.00000000099999999996 0.00000000099999999996
114 114 (0) 6 : 0.00000000099999999998 0.14586453488342884799 0.28031877234547841748 0.00000000099999999998 0.00000000099999999998 0.00000000099999999998 0.39067609839089439960 0.18314058938019836531 0.00000000099999999998
115 115 (0) 6 : 0.31717806181361996032 0.00000000099999999997 0.25455393249750807305 0.00000000099999999997 0.42826799968887202530 0.00000000099999999997 0.00000000099999999997 0.00000000099999999997 0.00000000099999999997
116 116 (0) 6 : 0.45754793701513302162 0.00000000099999999998 0.21417326223649110761 0.00000000099999999998 0.02506402349161152010 0.00000000099999999998 0.21169252225129583933 0.09152225100546859671 0.00000000099999999998
117 117 (0) 6 : 0.67557275780205172655 0.00000000099999999994 0.00000000099999999994 0.00000000099999999994 0.00000000099999999994 0.00000000099999999994 0.00000000099999999994 0.00000000099999999994 0.32442723519794847142
118 118 (0) 6 : 0.39087090989126654916 0.00000000099999999997 0.00000000099999999997 0.37337068131964146200 0.21511666959120789855 0.00000000099999999997 0.00000000099999999997 0.02064173419788398189 0.00000000099999999997
119 119 (0) 6 : 0.82283474670051448552 0.00000000099999999994 0.17716433628549604906 0.00000000099999999994 0.00000000099999999994 0.00000000099999999994 0.00000000099999999994 0.00000091101398966694 0.00000000099999999994
120 120 (0) 6 : 0.00000000099999999997 0.00000000099999999997 0.23689622403263679851 0.14604282153622613616 0.18503446768421688562 0.00011228344872091269 0.00000000099999999997 0.00000000099999999997 0.43191419929819940826
121 121 (0) 6 : 0.00011577122153597763 0.00000000099999999999 0.37692612507346734407 0.22795947365141758234 0.16396097214960311805 0.09310021138816225450 0.00000000099999999999 0.13793744351581374574 0.00000000099999999999
122 122 (0) 6 : 0.00000000099999999992 0.00000000099999999992 0.00000000099999999992 0.00000000099999999992 0.00000000099999999992 0.00000000099999999992 0.00000000099999999992 0.00000000099999999992 0.99999999200000000421
123 123 (0) 6 : 0.28105556465250253195 0.00000000099999999999 0.14371058796033225891 0.12487378816862568232 0.00000000099999999999 0.05802322622861703916 0.30440464458255517277 0.08793218540736717770 0.00000000099999999999
124 124 (0) 6 : 0.00000000099999999987 0.00000000099999999987 0.99999999200000011523 0.00000000099999999987 0.00000000099999999987 0.00000000099999999987 0.00000000099999999987 0.00000000099999999987 0.00000000099999999987
125 125 (0) 6 : 0.00000000099999999999 0.05221808726537204015 0.00000000099999999999 0.24019503395561603298 0.00000000099999999999 0.00000000099999999999 0.24106192148199895309 0.16422018195333279444 0.30230477134368022307
126 126 (0) 6 : 0.00000000099999999996 0.00000000099999999996 0.54195500107934924117 0.00000000099999999996 0.00000000099999999996 0.00000000099999999996 0.00000000099999999996 0.00000000099999999996 0.45804499192065090130
127 127 (0) 6 : 0.39022768063891960511 0.00000000099999999999 0.00000000099999999999 0.16335380047540173920 0.01962109330046562031 0.19969698342958197568 0.00000000099999999999 0.16075802570762021126 0.06634241344801067308
128 128 (0) 6 : 0.00000000099999999988 0.00000000099999999988 0.00000000099999999988 0.99999999200000000421 0.00000000099999999988 0.00000000099999999988 0.00000000099999999988 0.00000000099999999988 0.00000000099999999988
129 129 (0) 6 : 0.00000000099999999985 0.00000000099999999985 0.00000000099999999985 0.00000000099999999985 0.00000000099999999985 0.00000000099999999985 0.99999999199999989319 0.00000000099999999985 0.00000000099999999985
130 130 (0) 6 : 0.19427026236745298382 0.00000000100000000000 0.21754814019571019901 0.13322699636546050939 0.02088023636694884971 0.23308106019493232686 0.12070737502871688174 0.02736392482528849507 0.05292200365548979657
131 131 (0) 6 : 0.44336304495225359323 0.00000000099999999998 0.00000000099999999998 0.27342247335943226094 0.16112484769968421494 0.00000000099999999998 0.00000000099999999998 0.12208962898862985025 0.00000000099999999998
132 132 (0) 6 : 0.00000000099999999999 0.33083968660192147881 0.19025990351415070223 0.00000000099999999999 0.00000000099999999999 0.41739749925341040893 0.00000000099999999999 0.06150290563051747511 0.00000000099999999999
133 133 (0) 6 : 0.00000000099999999996 0.00000000099999999996 0.00000000099999999996 0.99999999200000000421 0.00000000099999999996 0.00000000099999999996 0.00000000099999999996 0.00000000099999999996 0.00000000099999999996
134 134 (0) 6 : 0.10332422430029866711 0.16641783857188349738 0.00000000099999999997 0.28442504533138651679 0.35844126971359269174 0.00000000099999999997 0.08739161808283869848 0.00000000099999999997 0.00000000099999999997
135 135 (0) 6 : 0.00000000099999999982 0.00000000099999999982 0.00000000099999999982 0.00000000099999999982 0.00000000099999999982 0.00000000099999999982 0.00000000099999999982 0.99999999200000000421 0.00000000099999999982
136 136 (0) 6 : 0.09998925304248708346 0.18772676979665400832 0.11049396709116904303 0.13213123513030161638 0.27691104453171766497 0.08432234570597699208 0.00000000100000000000 0.10842538270169371772 0.00000000100000000000
137 137 (0) 6 : 0.08799766173483301868 0.00001117751163363429 0.17471586776372111105 0.14944749438648352591 0.00000000099999999999 0.33416923106448154224 0.25334285980024418006 0.00000000099999999999 0.00031570573860299089
138 138 (0) 6 : 0.00000000099999999986 0.00000000099999999986 0.99999999200000000421 0.00000000099999999986 0.00000000099999999986 0.00000000099999999986 0.00000000099999999986 0.00000000099999999986 0.00000000099999999986
139 139 (0) 6 : 0.07146351990227614581 0.25917552107348595936 0.00000000099999999998 0.00000000099999999998 0.06982724547447523300 0.00000000099999999998 0.37285785981809987932 0.00000000099999999998 0.22667584973166285400
140 140 (0) 6 : 0.21960997552721728265 0.00000000099999999999 0.00000000099999999999 0.00000000135558103961 0.06555484364745128856 0.47241994684017851736 0.00000000099999999999 0.24241522862957190498 0.00000000099999999999
141 141 (0) 6 : 0.32842649498139819819 0.29969372600936594608 0.31246288209474915032 0.00000000099999999999 0.00101101764786683192 0.00000000099999999999 0.05840587526661995821 0.00000000099999999999 0.00000000099999999999
142 142 (0) 7 : 0.00000000099999999998 0.09926036837082895248 0.00000000099999999998 0.00000000099999999998 0.23086859086210367864 0.29376810621435672788 0.37609876739565495374 0.00000000099999999998 0.00000416315705568292
143 143 (0) 7 : 0.00000000099999999970 0.00000000099999999970 0.00000000099999999970 0.00000000099999999970 0.00000000099999999970 0.00000000099999999970 0.00000000099999999970 0.99999999199999989319 0.00000000099999999970
144 144 (0) 7 : 0.00000000099999999999 0.35676036415059286799 0.00000000099999999999 0.00000000099999999999 0.00000009122776455191 0.19339426509340787441 0.23417327016968508824 0.20047471204752778662 0.01519729431102179520
145 145 (0) 7 : 0.00000000099999999995 0.00000000099999999995 0.65288486752682328706 0.00000000099999999995 0.34711512547317679989 0.00000000099999999995 0.00000000099999999995 0.00000000099999999995 0.00000000099999999995
146 146 (0) 7 : 0.00000000099999999997 0.35979440644759419499 0.22116986528140525348 0.00000000099999999997 0.00000000099999999997 0.00000000099999999997 0.00000000099999999997 0.41903572227100066572 0.00000000099999999997
147 147 (0) 7 : 0.00000000099999999984 0.99999999200000022626 0.00000000099999999984 0.00000000099999999984 0.00000000099999999984 0.00000000099999999984 0.00000000099999999984 0.00000000099999999984 0.00000000099999999984
148 148 (0) 7 : 0.00000000099999999997 0.00000000099999999997 0.28192261160300718936 0.00000000099999999997 0.28798975179454910922 0.00000000099999999997 0.43008763060244381560 0.00000000099999999997 0.00000000099999999997
149 149 (0) 7 : 0.45416743765768002872 0.00000000099999999997 0.00000000099999999997 0.00000000099999999997 0.00000000099999999997 0.00000000099999999997 0.00000000099999999997 0.24785580637710249996 0.29797674996521728019
150 150 (0) 7 : 0.32926620506291631729 0.00000000099999999999 0.00000000099999999999 0.16237670321106298377 0.00000000099999999999 0.15208374495223508927 0.35627334177378566782 0.00000000099999999999 0.00000000099999999999
151 151 (0) 7 : 0.43188868759864440516 0.00000000842900070728 0.10729049369752459431 0.00000000099999999999 0.00000000099999999999 0.00000000099999999999 0.22787894591457727445 0.23294186036025316122 0.00000000099999999999
152 152 (0) 7 : 0.00000000100000000000 0.10772549668790992738 0.00000000153283620725 0.13855096521263787768 0.28891823314053061145 0.04296626209031696036 0.14046477741575202902 0.00000000100000000000 0.28137426192001641079
153 153 (0) 7 : 0.62491026986049891256 0.00000000099999999986 0.00000000099999999986 0.00000000099999999986 0.00000000099999999986 0.00000000099999999986 0.00000000099999999986 0.37508972313950117439 0.00000000099999999986
154 154 (0) 7 : 0.00000000099999999991 0.00000000099999999991 0.00000000099999999991 0.99999999200000011523 0.00000000099999999991 0.00000000099999999991 0.00000000099999999991 0.00000000099999999991 0.00000000099999999991
155 155 (0) 7 : 0.61782178619093297556 0.07581037050125473409 0.08537547377349297140 0.00000000099999999997 0.00000000099999999997 0.15816195200292335055 0.06283041353139592888 0.00000000099999999997 0.00000000099999999997
156 156 (0) 7 : 0.00000000099999999996 0.21757926509925495928 0.29537199543254621936 0.00000000099999999996 0.48704873346819899105 0.00000000099999999996 0.00000000099999999996 0.00000000099999999996 0.00000000099999999996
157 157 (0) 7 : 0.00000000099999999984 0.99999999200000022626 0.00000000099999999984 0.00000000099999999984 0.00000000099999999984 0.00000000099999999984 0.00000000099999999984 0.00000000099999999984 0.00000000099999999984
158 158 (0) 7 : 0.00000000099999999998 0.00000000099999999998 0.52597833319113407313 0.00000000099999999998 0.00010990259975070287 0.00000000099999999998 0.00000000099999999998 0.17547862783813711340 0.29843313137097804422
159 159 (0) 7 : 0.67658344618527321845 0.00002135214586858243 0.32339519566885843727 0.00000000099999999999 0.00000000099999999999 0.00000000099999999999 0.00000000099999999999 0.00000000099999999999 0.00000000099999999999
160 160 (0) 7 : 0.20313681315548715034 0.13917909633982533668 0.00000000099999999998 0.14832754091860839152 0.04855540645529378418 0.00000000099999999998 0.00000000099999999998 0.17042622317409172883 0.29037491695669370717
161 161 (0) 7 : 0.80596425392650739017 0.00000000099999999997 0.19123124375583624990 0.00280448544041397895 0.00000000099999999997 0.00000001187724231900 0.00000000099999999997 0.00000000099999999997 0.00000000099999999997
162 162 (0) 7 : 0.17795738042850753335 0.07340725636371735197 0.12488847273541103799 0.00000000099999999998 0.11126035085782451373 0.08106433473500897213 0.00000000099999999998 0.00000000099999999998 0.43142220187953084221
163 163 (0) 7 : 0.00000000099999999993 0.00000000099999999993 0.00000000099999999993 0.00000000099999999993 0.46506823052843493382 0.00000000099999999993 0.00000000099999999993 0.00000000099999999993 0.53493176247156493108
164 164 (0) 7 : 0.18551217410874046299 0.10762388322551372233 0.29026144120779323599 0.00000000099999999999 0.16578287181469353317 0.05697164620539367508 0.00000001599803351050 0.19384796543983176531 0.00000000099999999999
165 165 (0) 7 : 0.44560830932430711693 0.00000000099999999995 0.55439116580311653681 0.00000000099999999995 0.00000000099999999995 0.00000000099999999995 0.00000051887257645550 0.00000000099999999995 0.00000000099999999995
166 166 (0) 7 : 0.20624335555172634837 0.00000000099999999998 0.00000000099999999998 0.10006287380414900789 0.42585833099339065466 0.26783543465073411660 0.00000000099999999998 0.00000000099999999998 0.00000000099999999998
167 167 (0) 7 : 0.00000000099999999997 0.24073612422079215811 0.00000000099999999997 0.22449366332782191846 0.24293291881834480628 0.00000000099999999997 0.16638277948046675814 0.00000000099999999997 0.12545451015257436111
168 168 (0) 7 : 0.06156038123880225310 0.11420430955115637439 0.29158113337707841639 0.00000000099999999999 0.19816653475446990851 0.33448763707849293869 0.00000000099999999999 0.00000000099999999999 0.00000000099999999999
169 169 (0) 7 : 0.69070636487980230367 0.00000000099999999996 0.00000000099999999996 0.00000000099999999996 0.00000000099999999996 0.30929362812019789430 0.00000000099999999996 0.00000000099999999996 0.00000000099999999996
1 1 (0) 1 : 0.00000000099999999999 0.32058646122241774012 0.02187491551599868994 0.00000000099999999999 0.00000000099999999999 0.22484196307728684938 0.29789189823630302101 0.00000000344937981079 0.13480475549861378748
2 2 (0) 1 : 0.00000000099999999999 0.02230967011088044391 0.00000088387527382001 0.00000000099999999999 0.33074627485390084569 0.21143545827107693147 0.00000000099999999999 0.43548628753030393934 0.00002142235856421051
3 3 (0) 1 : 0.00000000099999999989 0.99999999200000011523 0.00000000099999999989 0.00000000099999999989 0.00000000099999999989 0.00000000099999999989 0.00000000099999999989 0.00000000099999999989 0.00000000099999999989
4 4 (0) 1 : 0.00000000099999999999 0.00000000099999999999 0.00368129109988040880 0.36521985462157957603 0.00000000099999999999 0.36506462401732997503 0.01290920376939774621 0.25312502249181223490 0.00000000099999999999
5 5 (0) 1 : 0.32687770283390582549 0.00000000099999999999 0.00000000106453110800 0.00000000099999999999 0.52598985643956552849 0.00000000099999999999 0.14713243466199746323 0.00000000099999999999 0.00000000099999999999
6 6 (0) 1 : 0.00000000099999999997 0.54503797594760394762 0.00000000099999999997 0.00000000099999999997 0.00000000099999999997 0.00000000099999999997 0.00000000099999999997 0.00000000099999999997 0.45496201705239625035
7 7 (0) 1 : 0.34530567888908908492 0.00000000099999999996 0.53751727507165814046 0.00000000099999999996 0.00000000099999999996 0.00000000099999999996 0.11717704003925298595 0.00000000099999999996 0.00000000099999999996
8 8 (0) 1 : 0.00000000099999999998 0.00016000643559805326 0.99983869976915484834 0.00000000099999999998 0.00000000099999999998 0.00000128779524735226 0.00000000099999999998 0.00000000099999999998 0.00000000099999999998
9 9 (0) 1 : 0.00000000099999999999 0.00000000099999999999 0.00000000099999999999 0.00000000240506082895 0.33403137664412568819 0.00000000099999999999 0.60253105767883230470 0.00000000099999999999 0.06343755827198105379
10 10 (0) 1 : 0.00000288028030401519 0.00000000100000000000 0.00000003575172822127 0.00000000100000000000 0.01607083249972393948 0.60363555344057995278 0.38029069402766402241 0.00000000100000000000 0.00000000100000000000
11 11 (0) 1 : 0.00000000099999999997 0.00000000099999999997 0.00006778604680768294 0.00000000099999999997 0.00000000099999999997 0.00000000099999999997 0.99993220695319229296 0.00000000099999999997 0.00000000099999999997
12 12 (0) 1 : 0.36900006974663823733 0.00000000099999999999 0.00000000099999999999 0.00000000099999999999 0.30211746986575011009 0.00000000099999999999 0.32888245438761176676 0.00000000099999999999 0.00000000099999999999
13 13 (0) 2 : 0.00000000099999999999 0.00000004785618058273 0.00000000099999999999 0.00000000099999999999 0.00000000099999999999 0.00118033930327032083 0.43621562341242509087 0.00000000099999999999 0.56260398442812387110
14 14 (0) 2 : 0.00000000099999999991 0.00000000099999999991 0.00000000099999999991 0.00000000099999999991 0.00000000099999999991 0.00000000099999999991 0.99999999200000000421 0.00000000099999999991 0.00000000099999999991
15 15 (0) 2 : 0.00000000099999999993 0.00000000099999999993 0.00000000099999999993 0.00000000099999999993 0.00000000099999999993 0.00000000099999999993 0.88968541961328162504 0.00000000099999999993 0.11031457338671832313
16 16 (0) 2 : 0.00000000099999999996 0.11788789266889811158 0.00000000099999999996 0.00000000099999999996 0.00000000099999999996 0.00000000099999999996 0.88211210033110187823 0.00000000099999999996 0.00000000099999999996
17 17 (0) 2 : 0.00000000100000000000 0.00000013465282345211 0.12476746219738611698 0.23600719461502689400 0.20382325982002044706 0.00000000100000000000 0.43540194471474308324 0.00000000100000000000 0.00000000100000000000
18 18 (0) 2 : 0.00000000099999999997 0.00000000099999999997 0.14350336218316644965 0.07129434171152720934 0.00000000099999999997 0.00000000099999999997 0.78520229010530628866 0.00000000099999999997 0.00000000099999999997
19 19 (0) 2 : 0.00000000099999999998 0.00000000099999999998 0.00000000099999999998 0.00000000099999999998 0.00000000099999999998 0.00000000099999999998 0.81334378353876202183 0.18665620946123789858 0.00000000099999999998
20 20 (0) 2 : 0.33982086029077257505 0.00000000099999999999 0.08349276140169351046 0.00000000099999999999 0.39345802986146100055 0.00000000099999999999 0.13068671705719098197 0.05254162738888186468 0.00000000099999999999
21 21 (0) 2 : 0.00000000099999999999 0.99646822140337920626 0.00000000099999999999 0.00000000099999999999 0.00000000099999999999 0.00000000099999999999 0.00000000099999999999 0.00029909360913576028 0.00323267898748507690
22 22 (0) 2 : 0.16202841497666617410 0.09901488143352506210 0.14674387184622500468 0.16273338216252880573 0.00000000099999999999 0.00718157700568348295 0.37034798122761519723 0.00000000099999999999 0.05194988934775610079
23 23 (0) 2 : 0.00000000099999999999 0.22030012643408669604 0.00000000099999999999 0.00000000099999999999 0.00277994827196846291 0.00000000099999999999 0.53698225720918235648 0.00000000099999999999 0.23993766308476258131
24 24 (0) 2 : 0.00000000099999999994 0.52312611736987169042 0.47687387563012834102 0.00000000099999999994 0.00000000099999999994 0.00000000099999999994 0.00000000099999999994 0.00000000099999999994 0.00000000099999999994
25 25 (0) 2 : 0.00000000099999999975 0.00000000099999999975 0.99999999200000000421 0.00000000099999999975 0.00000000099999999975 0.00000000099999999975 0.00000000099999999975 0.00000000099999999975 0.00000000099999999975
26 26 (0) 2 : 0.00000000204556526432 0.49454961380357770340 0.00000000099999999998 0.00000000099999999998 0.27085956958140872120 0.00000000099999999998 0.23459080956944824981 0.00000000099999999998 0.00000000099999999998
27 27 (0) 2 : 0.25155286323359371536 0.00000000100000000000 0.00000000100000000000 0.00141230270628052478 0.15007205943636087175 0.05847686265393060856 0.12067693159101054723 0.00000000100000000000 0.41780897737882366494
28 28 (0) 2 : 0.00000000099999999998 0.00000000099999999998 0.39164598202293648965 0.00000000099999999998 0.00000000099999999998 0.00000000099999999998 0.60835401097706354179 0.00000000099999999998 0.00000000099999999998
29 29 (0) 2 : 0.00000000099999999999 0.01830275589895584420 0.26468460786623004832 0.00000000099999999999 0.00118868315291379410 0.00000000099999999999 0.00000000099999999999 0.35813955650891926563 0.35768439257298101364
30 30 (0) 2 : 0.00000000099999999998 0.00000000099999999998 0.29963601871250006292 0.11318454625118760937 0.00000000099999999998 0.15582829635939035584 0.43135113151955356559 0.00000000099999999998 0.00000000315736838389
31 31 (0) 2 : 0.00000000099999999999 0.00000000099999999999 0.00000000099999999999 0.28787420922492112929 0.37585957843933293088 0.00341338181303429229 0.26733732591820180691 0.06551550060450986313 0.00000000099999999999
32 32 (0) 2 : 0.99999999200000011523 0.00000000099999999986 0.00000000099999999986 0.00000000099999999986 0.00000000099999999986 0.00000000099999999986 0.00000000099999999986 0.00000000099999999986 0.00000000099999999986
33 33 (0) 2 : 0.00000000099999999993 0.00000000099999999993 0.00000000099999999993 0.00000000099999999993 0.00000000099999999993 0.00000000099999999993 0.99999999200000000421 0.00000000099999999993 0.00000000099999999993
34 34 (0) 3 : 0.00000000099999999986 0.99999999200000011523 0.00000000099999999986 0.00000000099999999986 0.00000000099999999986 0.00000000099999999986 0.00000000099999999986 0.00000000099999999986 0.00000000099999999986
35 35 (0) 3 : 0.00000000099999999984 0.00000000099999999984 0.00000000099999999984 0.99999999200000011523 0.00000000099999999984 0.00000000099999999984 0.00000000099999999984 0.00000000099999999984 0.00000000099999999984
36 36 (0) 3 : 0.00000000099999999999 0.40626648095004996852 0.11089748736114389549 0.00000000099999999999 0.22721969805755568017 0.00000000099999999999 0.00000000099999999999 0.14985638719205218727 0.10575994243919815962
37 37 (0) 3 : 0.00000000099999999996 0.00000000099999999996 0.00000000099999999996 0.00000000099999999996 0.99999999200000011523 0.00000000099999999996 0.00000000099999999996 0.00000000099999999996 0.00000000099999999996
38 38 (0) 3 : 0.00000000099999999995 0.00000000099999999995 0.00000000099999999995 0.00000000099999999995 0.40845953708610838184 0.59154045591389159409 0.00000000099999999995 0.00000000099999999995 0.00000000099999999995
39 39 (0) 3 : 0.00000000099999999988 0.00000000099999999988 0.00000000099999999988 0.00000000099999999988 0.00000000099999999988 0.99999999200000011523 0.00000000099999999988 0.00000000099999999988 0.00000000099999999988
40 40 (0) 3 : 0.19081737752849387002 0.00000000099999999998 0.00000000099999999998 0.16185353017483986027 0.00000000099999999998 0.35364111163006611838 0.00000000099999999998 0.14601533087241883035 0.14767264579418143411
41 41 (0) 3 : 0.99999999200000022626 0.00000000099999999986 0.00000000099999999986 0.00000000099999999986 0.00000000099999999986 0.00000000099999999986 0.00000000099999999986 0.00000000099999999986 0.00000000099999999986
42 42 (0) 3 : 0.00000000099999999999 0.00000000099999999999 0.17206797896125833325 0.10624761803956121742 0.08332181673982437531 0.02217360444537031655 0.17890316833145911146 0.25728450287527809826 0.18000130860724852799
43 43 (0) 3 : 0.00000000099999999983 0.00000000099999999983 0.00000000099999999983 0.00000000099999999983 0.00000000099999999983 0.00000000099999999983 0.00000000099999999983 0.00000000099999999983 0.99999999200000000421
44 44 (0) 3 : 0.00000000099999999999 0.00000000099999999999 0.00000000099999999999 0.32018080553343053474 0.32683136055561434752 0.15586966954894795889 0.06494299164318524664 0.00000021086502169343 0.13217495885380020626
45 45 (0) 3 : 0.00000000099999999988 0.00000000099999999988 0.00000000099999999988 0.99999999200000000421 0.00000000099999999988 0.00000000099999999988 0.00000000099999999988 0.00000000099999999988 0.00000000099999999988
46 46 (0) 3 : 0.00000000099999999990 0.00000000099999999990 0.00000000099999999990 0.00000000099999999990 0.00000000099999999990 0.99999999200000000421 0.00000000099999999990 0.00000000099999999990 0.00000000099999999990
47 47 (0) 3 : 0.00000000099999999983 0.00000000099999999983 0.00000000099999999983 0.99999999200000011523 0.00000000099999999983 0.00000000099999999983 0.00000000099999999983 0.00000000099999999983 0.00000000099999999983
48 48 (0) 3 : 0.00000000099999999984 0.00000000099999999984 0.00000000099999999984 0.99999999200000000421 0.00000000099999999984 0.00000000099999999984 0.00000000099999999984 0.00000000099999999984 0.00000000099999999984
49 49 (0) 3 : 0.22634499289687029511 0.17572006881112489651 0.00012207628244801486 0.04313399744602797181 0.34028952941895446171 0.00077050725966263864 0.00000000099999999998 0.11612625102605493577 0.09749257585885680311
50 50 (0) 3 : 0.00000000099999999999 0.00000000099999999999 0.00000000099999999999 0.35362201430564427218 0.29116354546729128483 0.08512603664116770441 0.00033936777638755329 0.00000000099999999999 0.26974903180950909887
51 51 (0) 3 : 0.34149554613375249223 0.27523399595243630555 0.00000000099999999997 0.00000000099999999997 0.00000000099999999997 0.38327045124362824069 0.00000000099999999997 0.00000000099999999997 0.00000000167018306042
52 52 (0) 3 : 0.00000000099999999998 0.00000000099999999998 0.00000000099999999998 0.04181415774683498732 0.40537091814288200853 0.15978414756814657283 0.26798877434499890349 0.12504199819713751607 0.00000000099999999998
53 53 (0) 3 : 0.00000000099999999985 0.00000000099999999985 0.00000000099999999985 0.00000000099999999985 0.00000000099999999985 0.00000000099999999985 0.00000000099999999985 0.99999999199999989319 0.00000000099999999985
54 54 (0) 3 : 0.00000000099999999996 0.00000000099999999996 0.00000000099999999996 0.00000000099999999996 0.43590644545471030069 0.50393324196074107402 0.06016030658454873947 0.00000000099999999996 0.00000000099999999996
55 55 (0) 3 : 0.00000000099999999999 0.00000000099999999999 0.19369929062312071788 0.00000000099999999999 0.34202685926387005333 0.13176514723046284239 0.04608092192762608397 0.28642777408378677917 0.00000000387113361501
56 56 (0) 3 : 0.00019242045713509739 0.00000000099999999998 0.00000000099999999998 0.07805968568706683763 0.40286534715233729420 0.27822704912945228628 0.00000000099999999998 0.00000000099999999998 0.24065549357400847774
57 57 (0) 3 : 0.00000000099999999994 0.00000000099999999994 0.16111595883889376357 0.00000000099999999994 0.83888398635950389703 0.00000000691827816350 0.00000000099999999994 0.00000004288332411673 0.00000000099999999994
58 58 (0) 3 : 0.08769920466833423800 0.00000000099999999998 0.00000000099999999998 0.09312254246282998527 0.34323175177620196541 0.26804599030426906614 0.00000000099999999998 0.17909371747913624406 0.02880679030922857556
59 59 (0) 3 : 0.00000000099999999998 0.00000000099999999998 0.00000000099999999998 0.27518288117397671222 0.00000000099999999998 0.28562406596957845561 0.08693304879508656491 0.00000000099999999998 0.35225999906135835316
60 60 (0) 4 : 0.00000000099999999996 0.00000000099999999996 0.00000000099999999996 0.00000000099999999996 0.00000000099999999996 0.43095775525959389984 0.56904223774040607609 0.00000000099999999996 0.00000000099999999996
61 61 (0) 4 : 0.00000000099999999995 0.00000000099999999995 0.00000000099999999995 0.41195142005556334430 0.00000000099999999995 0.00000000099999999995 0.58804857294443668714 0.00000000099999999995 0.00000000099999999995
62 62 (0) 4 : 0.00000000099999999999 0.00130389520248554722 0.11287636093792122183 0.42409531184930798764 0.00000000099999999999 0.21218533704505221360 0.12854282399551705818 0.12099626796971585385 0.00000000099999999999
63 63 (0) 4 : 0.00000000099999999992 0.00000000099999999992 0.00000000099999999992 0.00000000099999999992 0.99999999200000000421 0.00000000099999999992 0.00000000099999999992 0.00000000099999999992 0.00000000099999999992
64 64 (0) 4 : 0.00000000099999999996 0.00000000099999999996 0.46473051722645913886 0.00000000099999999996 0.00000000099999999996 0.00000000099999999996 0.00000000099999999996 0.00000000099999999996 0.53526947577354067054
65 65 (0) 4 : 0.00000000099999999991 0.99999999200000011523 0.00000000099999999991 0.00000000099999999991 0.00000000099999999991 0.00000000099999999991 0.00000000099999999991 0.00000000099999999991 0.00000000099999999991
66 66 (0) 4 : 0.00000000099999999989 0.00000000099999999989 0.00000000099999999989 0.99999999200000011523 0.00000000099999999989 0.00000000099999999989 0.00000000099999999989 0.00000000099999999989 0.00000000099999999989
67 67 (0) 4 : 0.00000000099999999999 0.16185100614201625158 0.10515148418633614436 0.09169067617209833432 0.21305707862923464746 0.20042537170060653606 0.22782438016970821271 0.00000000099999999999 0.00000000099999999999
68 68 (0) 4 : 0.16778643995916706078 0.18771694695760765548 0.18078114181265678151 0.00000000099999999999 0.19565470027832976285 0.08485261610471026006 0.03280505485474581595 0.00000000099999999999 0.15040309803278273382
69 69 (0) 4 : 0.00000000099999999987 0.99999999200000022626 0.00000000099999999987 0.00000000099999999987 0.00000000099999999987 0.00000000099999999987 0.00000000099999999987 0.00000000099999999987 0.00000000099999999987
70 70 (0) 4 : 0.00000000099999999996 0.48173834814208543742 0.00000000099999999996 0.00000000099999999996 0.00000000099999999996 0.00000000099999999996 0.51826164485791459402 0.00000000099999999996 0.00000000099999999996
71 71 (0) 4 : 0.00000000101398177674 0.00000115573596749459 0.00000000099999999998 0.34232277090047141810 0.00000000099999999998 0.65767606734957917425 0.00000000099999999998 0.00000000099999999998 0.00000000099999999998
72 72 (0) 4 : 0.00000000099999999996 0.00000000099999999996 0.35981131285012302179 0.24239463544855729960 0.00000000099999999996 0.00000000099999999996 0.39779404570131970953 0.00000000099999999996 0.00000000099999999996
73 73 (0) 4 : 0.00000000099999999999 0.00000000099999999999 0.15097426197233121403 0.13159245384468887252 0.15386143435521168477 0.00000011229621435490 0.00000000099999999999 0.29892635208239637379 0.26464538244915736254
74 74 (0) 4 : 0.00000000099999999995 0.00000000099999999995 0.00000000099999999995 0.00000000099999999995 0.00000000099999999995 0.00000000099999999995 0.00000000099999999995 0.00000000099999999995 0.99999999200000000421
75 75 (0) 4 : 0.00000000099999999997 0.00000000099999999997 0.00000000099999999997 0.36265282204453003212 0.00035548782001852051 0.00000000099999999997 0.00000000099999999997 0.33693849774968182009 0.30005318738576963744
76 76 (0) 4 : 0.00000000099999999999 0.09598947219519049501 0.00000000099999999999 0.35249342339012768033 0.35346191583940061998 0.00000000099999999999 0.00000000099999999999 0.00000000099999999999 0.19805518357528123508
77 77 (0) 4 : 0.00000023701706992514 0.00000000099999999999 0.37979420034124611316 0.00000000099999999999 0.05825664235816279540 0.00620952933240869528 0.00000000099999999999 0.32826534874525614693 0.22747403920585623771
78 78 (0) 4 : 0.37604043766645611768 0.00000005323394412606 0.00000000099999999999 0.00000000099999999999 0.00000000099999999999 0.19920963354456769356 0.00000000099999999999 0.21395954332610292448 0.21079032822892909693
79 79 (0) 4 : 0.00000000099999999993 0.99999999200000011523 0.00000000099999999993 0.00000000099999999993 0.00000000099999999993 0.00000000099999999993 0.00000000099999999993 0.00000000099999999993 0.00000000099999999993
80 80 (0) 4 : 0.07174332945551624430 0.03906150354916421152 0.13897498875142177965 0.13106870492883190837 0.33541277887212217479 0.06022717744556423114 0.00000000099999999999 0.00000000099999999999 0.22351151499737936801
81 81 (0) 4 : 0.18988465596302883664 0.06507751962171991200 0.00000000099999999999 0.13580248676322739798 0.00000000099999999999 0.00000000099999999999 0.54828036750923248022 0.00000000099999999999 0.06095496614279129199
82 82 (0) 4 : 0.67920149875133783990 0.32055412194395105363 0.00000000099999999999 0.00024437330471124927 0.00000000099999999999 0.00000000099999999999 0.00000000099999999999 0.00000000099999999999 0.00000000099999999999
83 83 (0) 4 : 0.11290887221915336946 0.14136804855750778609 0.00000000099999999999 0.11272069964621748983 0.00000000099999999999 0.18523819161625296181 0.00000000099999999999 0.44776418396086825613 0.00000000099999999999
84 84 (0) 4 : 0.05910875489287756301 0.14569562381933043316 0.14393018248367975276 0.05043152425620712337 0.35749409851213070910 0.00000000100000000000 0.05362107033089845431 0.08954732594256545331 0.10017141876231058784
85 85 (0) 4 : 0.00000000099999999997 0.00000000099999999997 0.43800624598960535838 0.00000000099999999997 0.00000000099999999997 0.00000000099999999997 0.40214216380948625273 0.00000000099999999997 0.15985158420090839204
86 86 (0) 5 : 0.18533487319493646694 0.17515472231575157647 0.00000000099999999998 0.00000000099999999998 0.18284326793974689518 0.23257692298050786084 0.05538959428650093442 0.00000000099999999998 0.16870061628255608732
87 87 (0) 5 : 0.00000000099999999999 0.00000000099999999999 0.31193306712455981522 0.00000000099999999999 0.00000000099999999999 0.00000000099999999999 0.00000398297923767821 0.25023642497805353990 0.43782651991814891534
88 88 (0) 5 : 0.00000000099999999999 0.13673382192519484279 0.00000000099999999999 0.09901795473153358895 0.41767933559037834224 0.15121012971667768809 0.11055335344112411644 0.00000000099999999999 0.08480540159509131204
89 89 (0) 5 : 0.00000000099999999999 0.58648228999787521687 0.00000000099999999999 0.00000000099999999999 0.00000000099999999999 0.00026650508619677481 0.00000000099999999999 0.00000000099999999999 0.41325119891592809740
90 90 (0) 5 : 0.99999999200000022626 0.00000000099999999983 0.00000000099999999983 0.00000000099999999983 0.00000000099999999983 0.00000000099999999983 0.00000000099999999983 0.00000000099999999983 0.00000000099999999983
91 91 (0) 5 : 0.00000000099999999993 0.00000000099999999993 0.00000000099999999993 0.00000000099999999993 0.00000000099999999993 0.99999999200000011523 0.00000000099999999993 0.00000000099999999993 0.00000000099999999993
92 92 (0) 5 : 0.22371906763928559037 0.00000000099999999998 0.00000000099999999998 0.35079402382454438758 0.24676679633161996419 0.00000085590149580504 0.00000000099999999998 0.00000000099999999998 0.17871925230305443777
93 93 (0) 5 : 0.00000000099999999997 0.00000000099999999997 0.00000000099999999997 0.00000000099999999997 0.00000000099999999997 0.42962633169302977265 0.00000000099999999997 0.00000000099999999997 0.57037366130697020328
94 94 (0) 5 : 0.08801554795077286275 0.00000000099999999999 0.00000000099999999999 0.13822157530584666674 0.19465797307102425395 0.32047430661365106097 0.02305487220479620833 0.23557572185390876496 0.00000000099999999999
95 95 (0) 5 : 0.00000000099999999995 0.00000000099999999995 0.00000000099999999995 0.00000000099999999995 0.49197695840696370473 0.00000000099999999995 0.49414775026778656741 0.00000000099999999995 0.01387528532524971193
96 96 (0) 5 : 0.00000000099999999996 0.22525105095688516266 0.25395084819437174772 0.00000000099999999996 0.00000000099999999996 0.51002029578387875208 0.00000000099999999996 0.01077780006486433149 0.00000000099999999996
97 97 (0) 5 : 0.00000000099999999980 0.00000000099999999980 0.99999999200000011523 0.00000000099999999980 0.00000000099999999980 0.00000000099999999980 0.00000000099999999980 0.00000000099999999980 0.00000000099999999980
98 98 (0) 5 : 0.00000000099999999998 0.00000000099999999998 0.00000000099999999998 0.51128145108242240013 0.41473945979473958445 0.00000000099999999998 0.07397908312283810184 0.00000000099999999998 0.00000000099999999998
99 99 (0) 5 : 0.00000000099999999998 0.00000000099999999998 0.00000019645311067356 0.31565877772542688673 0.00000000099999999998 0.47504387814116044719 0.00000000099999999998 0.20873211157070542532 0.00056503210959649218
100 100 (0) 5 : 0.00000000099999999996 0.00000000099999999996 0.23785252408742812991 0.00000000099999999996 0.76214746891257190153 0.00000000099999999996 0.00000000099999999996 0.00000000099999999996 0.00000000099999999996
101 101 (0) 5 : 0.00000000099999999999 0.01826596210726689692 0.00000000099999999999 0.11836953258839361114 0.00256134765153398156 0.30007211303881253794 0.00000000099999999999 0.35203015183393493448 0.20870088978005804647
102 102 (0) 5 : 0.00000000099999999993 0.00000000099999999993 0.00000000099999999993 0.00000000099999999993 0.00000000099999999993 0.00000000099999999993 0.00000000099999999993 0.00000000099999999993 0.99999999200000000421
103 103 (0) 5 : 0.00000000099999999997 0.54223707816783528468 0.00000000099999999997 0.45776291483216485778 0.00000000099999999997 0.00000000099999999997 0.00000000099999999997 0.00000000099999999997 0.00000000099999999997
104 104 (0) 5 : 0.41821850397853804759 0.00000000099999999999 0.26418061009312199250 0.00000000099999999999 0.00000000099999999999 0.00000000099999999999 0.00000000099999999999 0.31760087992833996307 0.00000000099999999999
105 105 (0) 5 : 0.00000000099999999998 0.00000000099999999998 0.00000000099999999998 0.00000000099999999998 0.35344167387904495969 0.22624399392371635775 0.00000000099999999998 0.00000000099999999998 0.42031432619723868571
106 106 (0) 5 : 0.28124930276994336564 0.00000000099999999997 0.19939747855500011831 0.00000000099999999997 0.00000000099999999997 0.00000000099999999997 0.00000000099999999997 0.51935321267505629717 0.00000000099999999997
107 107 (0) 5 : 0.18484671386636933321 0.24261581053436570565 0.00000000099999999998 0.00000000099999999998 0.00000000099999999998 0.53416715400195713404 0.03544268947287015914 0.00292762812443752348 0.00000000099999999998
108 108 (0) 5 : 0.23717965624564327221 0.05718929260473980258 0.12456636664497093558 0.17362007807039137042 0.00000000100000000000 0.13399468074972004095 0.08412813530080880120 0.18932178838372584750 0.00000000100000000000
109 109 (0) 5 : 0.19028819347555542274 0.37575796717969334182 0.26940452709546391930 0.00000000099999999999 0.00000000099999999999 0.00000000099999999999 0.15665449334358971800 0.00789481490569763494 0.00000000099999999999
110 110 (0) 5 : 0.00000000099999999999 0.00000000099999999999 0.16443850864788792099 0.21743802360529787543 0.23193980291171323316 0.30583904326789967953 0.08034461756720134851 0.00000000099999999999 0.00000000099999999999
111 111 (0) 5 : 0.00000000099999999990 0.00000000099999999990 0.00000000099999999990 0.00000000099999999990 0.00000000099999999990 0.00000000099999999990 0.00000000099999999990 0.00000000099999999990 0.99999999200000000421
112 112 (0) 5 : 0.00000000099999999995 0.37034744748535702863 0.00000000099999999995 0.26396268238200837342 0.00000000099999999995 0.06553210841743763171 0.00000000099999999995 0.30015775671519701051 0.00000000099999999995
113 113 (0) 4 : 0.00000000099999999999 0.42004156693176319948 0.00000000099999999999 0.57995467575448589326 0.00000375131375093063 0.00000000099999999999 0.00000000099999999999 0.00000000099999999999 0.00000000099999999999
114 114 (0) 6 : 0.00000000099999999994 0.00000000099999999994 0.00000000099999999994 0.00000000099999999994 0.99999999200000011523 0.00000000099999999994 0.00000000099999999994 0.00000000099999999994 0.00000000099999999994
115 115 (0) 6 : 0.22923679277379044317 0.12069455600403217188 0.13991565514533560455 0.00000000100000000000 0.19765731443905737441 0.00000000100000000000 0.22548108044839404451 0.00000000100000000000 0.08701459818939033530
116 116 (0) 6 : 0.00000000099999999999 0.01001304765030860619 0.04585197431392422363 0.00000000099999999999 0.27142536568920061502 0.00000000099999999999 0.47262548769394452375 0.18987401346919247080 0.01021010818342947546
117 117 (0) 6 : 0.00000000099999999997 0.00000000099999999997 0.00000000099999999997 0.00000000099999999997 0.34247048973578919639 0.00001255076551996656 0.65751695349869077045 0.00000000099999999997 0.00000000099999999997
118 118 (0) 6 : 0.10685612294060763128 0.14799976604755529785 0.10740794044087970116 0.00000000099999999999 0.00000000099999999999 0.06150350128054618559 0.34069147977968156082 0.09389032287734255799 0.14165086463338705247
119 119 (0) 6 : 0.00000000099999999994 0.00000000099999999994 0.00000000099999999994 0.00000000099999999994 0.00000000099999999994 0.00000000099999999994 0.77330511682066582768 0.22669487617933409274 0.00000000099999999994
120 120 (0) 6 : 0.00000000099999999995 0.00000000099999999995 0.00000000099999999995 0.00000000099999999995 0.62157986427534739349 0.00000000099999999995 0.00000000099999999995 0.37834942438162094680 0.00007070534303161559
121 121 (0) 6 : 0.28968470569617715826 0.00000000099999999999 0.00000000099999999999 0.00000000389712871405 0.00000000099999999999 0.00000000099999999999 0.07492124915806888663 0.22291630674749596253 0.41247773050112918058
122 122 (0) 6 : 0.00000000099999999999 0.19216707501304006178 0.00000000099999999999 0.22134566819831083540 0.28687531158498297268 0.04771357490515290567 0.00000000099999999999 0.08277163162229125848 0.16912673567622213411
123 123 (0) 6 : 0.00000000099999999985 0.00000000099999999985 0.99999999200000011523 0.00000000099999999985 0.00000000099999999985 0.00000000099999999985 0.00000000099999999985 0.00000000099999999985 0.00000000099999999985
124 124 (0) 6 : 0.00000000099999999990 0.00000000099999999990 0.00000000099999999990 0.00000000099999999990 0.00000000099999999990 0.00000000099999999990 0.00000000099999999990 0.99999999200000000421 0.00000000099999999990
125 125 (0) 6 : 0.00000000099999999997 0.82527748240179521488 0.17472251059820489982 0.00000000099999999997 0.00000000099999999997 0.00000000099999999997 0.00000000099999999997 0.00000000099999999997 0.00000000099999999997
126 126 (0) 6 : 0.00000000099999999991 0.00000000099999999991 0.00000000099999999991 0.00000000099999999991 0.00000000099999999991 0.00000000099999999991 0.00000000099999999991 0.99999999199999989319 0.00000000099999999991
127 127 (0) 6 : 0.00000000099999999997 0.00000000099999999997 0.00000000099999999997 0.08750947404821869668 0.42288557376536417554 0.00000000099999999997 0.48960494618641720033 0.00000000099999999997 0.00000000099999999997
128 128 (0) 6 : 0.00000000099999999998 0.00597069815808665572 0.19192490742167758744 0.28533609657740943710 0.18923643333004194766 0.25838716421260943257 0.00000000099999999998 0.00000000099999999998 0.06914469730017504256
129 129 (0) 6 : 0.20692681061013809551 0.00000000099999999997 0.14448759290349777462 0.12512312069941658454 0.48680808562309779708 0.03665438616384986831 0.00000000099999999997 0.00000000099999999997 0.00000000099999999997
130 130 (0) 6 : 0.00000000099999999999 0.00000000099999999999 0.34284300020193431147 0.07914587570978051656 0.00000000099999999999 0.08985995891064302299 0.12270744879777596703 0.20389570508046239716 0.16154800829940399454
131 131 (0) 6 : 0.00000000099999999995 0.49023932931515801226 0.00000000099999999995 0.00000000099999999995 0.00000000099999999995 0.00000000099999999995 0.50976066368484185265 0.00000000099999999995 0.00000000099999999995
132 132 (0) 6 : 0.00000000099999999998 0.00000000099999999998 0.00154340247260465109 0.34614757937662943288 0.00000000099999999998 0.35566648778256126917 0.00000000099999999998 0.29664252536820445716 0.00000000099999999998
133 133 (0) 6 : 0.00000000099999999998 0.84135485869749793153 0.00000000099999999998 0.00000000099999999998 0.00000000099999999998 0.00000000099999999998 0.00000000099999999998 0.00000000099999999998 0.15864513430250229420
134 134 (0) 6 : 0.00000000099999999985 0.00000000099999999985 0.00000000099999999985 0.00000000099999999985 0.00000000099999999985 0.00000000099999999985 0.00000000099999999985 0.00000000099999999985 0.99999999199999989319
135 135 (0) 6 : 0.00000000099999999996 0.00000000099999999996 0.00000000099999999996 0.36385476388008697324 0.00000000099999999996 0.00000000099999999996 0.63614522911991289167 0.00000000099999999996 0.00000000099999999996
136 136 (0) 6 : 0.99999999200000011523 0.00000000099999999991 0.00000000099999999991 0.00000000099999999991 0.00000000099999999991 0.00000000099999999991 0.00000000099999999991 0.00000000099999999991 0.00000000099999999991
137 137 (0) 6 : 0.00000000099999999999 0.00000000099999999999 0.00000000099999999999 0.21722411277045192146 0.34902727895800761404 0.12852579291681617835 0.06985477198250585051 0.23536803937221845162 0.00000000099999999999
138 138 (0) 6 : 0.00000000099999999985 0.00000000099999999985 0.00000000099999999985 0.00000000099999999985 0.00000000099999999985 0.00000000099999999985 0.00000000099999999985 0.99999999199999989319 0.00000000099999999985
139 139 (0) 6 : 0.00000000099999999996 0.00000000099999999996 0.00000000099999999996 0.00000000099999999996 0.99999999200000011523 0.00000000099999999996 0.00000000099999999996 0.00000000099999999996 0.00000000099999999996
140 140 (0) 6 : 0.00000000099999999999 0.00000000099999999999 0.11958279933594567757 0.37724871616436650434 0.00000000099999999999 0.14705168482805783259 0.35611679467162998813 0.00000000099999999999 0.00000000099999999999
141 141 (0) 6 : 0.32711647717899944299 0.00000000099999999998 0.00000000099999999998 0.00000000099999999998 0.00000000099999999998 0.00570218532993330487 0.24051324147235039752 0.42666809101871655541 0.00000000099999999998
142 142 (0) 7 : 0.00000000099999999998 0.42673554647702477416 0.00000000099999999998 0.11332077220001575413 0.18673796441659784584 0.01303320274537513729 0.00000000099999999998 0.25934395995088749265 0.00082855121009896304
143 143 (0) 7 : 0.15128023496208153897 0.00000000099999999998 0.00000000099999999998 0.00000000099999999998 0.00000000099999999998 0.00000000099999999998 0.84871975803791854798 0.00000000099999999998 0.00000000099999999998
144 144 (0) 7 : 0.14861638329995266461 0.00000000099999999997 0.25537546520012677220 0.00000000099999999997 0.59600814549992076063 0.00000000099999999997 0.00000000099999999997 0.00000000099999999997 0.00000000099999999997
145 145 (0) 7 : 0.00000000099999999999 0.00000000099999999999 0.04798513391280134766 0.18603752544206286768 0.25843415053843643570 0.00000000099999999999 0.00000000099999999999 0.27144981116189792480 0.23609337494480128750
146 146 (0) 7 : 0.99999999200000011523 0.00000000099999999984 0.00000000099999999984 0.00000000099999999984 0.00000000099999999984 0.00000000099999999984 0.00000000099999999984 0.00000000099999999984 0.00000000099999999984
147 147 (0) 7 : 0.00000000099999999983 0.00000000099999999983 0.00000000099999999983 0.00000000099999999983 0.00000000099999999983 0.99999999200000000421 0.00000000099999999983 0.00000000099999999983 0.00000000099999999983
148 148 (0) 7 : 0.00000000099999999992 0.29230598963244314170 0.00000000099999999992 0.00000000099999999992 0.70769400336755683423 0.00000000099999999992 0.00000000099999999992 0.00000000099999999992 0.00000000099999999992
149 149 (0) 7 : 0.00000000099999999996 0.00000000099999999996 0.00000000099999999996 0.16467473175824656750 0.22950770733967634785 0.00000009616688591805 0.60581745973519118831 0.00000000099999999996 0.00000000099999999996
150 150 (0) 7 : 0.14368482161214407578 0.40430386932249806620 0.00000000099999999998 0.00000000099999999998 0.18189799069712550561 0.00000000099999999998 0.27011331336823246607 0.00000000099999999998 0.00000000099999999998
151 151 (0) 7 : 0.02258031419000790935 0.00000000099999999999 0.06656162320716992042 0.00000000099999999999 0.25773170209883455861 0.00000000099999999999 0.53426753337455434867 0.00000000246480980555 0.11885882166462344300
152 152 (0) 7 : 0.13422980183067087512 0.00000000099999999999 0.00000007118453212265 0.20732163187534963233 0.19866360528113180539 0.22595490262822445771 0.00000000099999999999 0.00000000099999999999 0.23382998420009101781
153 153 (0) 7 : 0.00000000099999999992 0.00000000099999999992 0.00000000099999999992 0.00000000099999999992 0.00000000099999999992 0.00000000099999999992 0.99999999199999989319 0.00000000099999999992 0.00000000099999999992
154 154 (0) 7 : 0.00000000099999999998 0.00000000099999999998 0.25801126911772992445 0.00000000100005098304 0.00000000099999999998 0.35570859949110184006 0.00000000099999999998 0.00000000099999999998 0.38628012539111733492
155 155 (0) 7 : 0.00000000099999999998 0.00000000099999999998 0.14289944496990072964 0.05025005967078484403 0.00000000099999999998 0.00493684467390133417 0.51440937199207292796 0.28750427469334011166 0.00000000099999999998
156 156 (0) 7 : 0.53433741383464528063 0.00000000099999999994 0.00000000099999999994 0.00000000099999999994 0.00000000099999999994 0.46566257916535486183 0.00000000099999999994 0.00000000099999999994 0.00000000099999999994
157 157 (0) 7 : 0.00000000099999999983 0.00000000099999999983 0.00000000099999999983 0.00000000099999999983 0.00000000099999999983 0.99999999200000000421 0.00000000099999999983 0.00000000099999999983 0.00000000099999999983
158 158 (0) 7 : 0.00000000099999999989 0.00000000099999999989 0.00000000099999999989 0.00000000099999999989 0.00000000099999999989 0.00000000099999999989 0.00000000099999999989 0.99999999199999989319 0.00000000099999999989
159 159 (0) 7 : 0.00000000099999999999 0.00000000099999999999 0.00000000099999999999 0.00000000099999999999 0.07380034199279626728 0.04040882339396353884 0.63732066385062235980 0.24847016576261773957 0.00000000099999999999
160 160 (0) 7 : 0.00000000099999999998 0.00000000099999999998 0.07329265429088635542 0.00000000099999999998 0.35457674073507716717 0.05417548544435779601 0.29567739445795965247 0.00000000099999999998 0.22227772107171894778
161 161 (0) 7 : 0.00000000099999999996 0.00000000099999999996 0.00000000099999999996 0.00000000099999999996 0.00000000099999999996 0.00000000099999999996 0.73841781478763346414 0.26158217821236640077 0.00000000099999999996
162 162 (0) 7 : 0.00000000099999999999 0.00000000099999999999 0.14320407630626458273 0.24892838287309956846 0.18747229067971218908 0.00000000099999999999 0.10700315723637165988 0.17353954992668696455 0.13985253997786498137
163 163 (0) 7 : 0.00021033506206703063 0.00000000099999999997 0.00000000099999999997 0.00000000099999999997 0.64435138190982133022 0.00000000099999999997 0.00000000099999999997 0.00000000099999999997 0.35543827702811181535
164 164 (0) 7 : 0.00112380118457024560 0.18630704693111699299 0.15147281202807302836 0.03312610166330325762 0.00000000099999999999 0.00000000099999999999 0.22262682234262318182 0.40534341285031316726 0.00000000099999999999
165 165 (0) 7 : 0.00000000099999999994 0.00000000099999999994 0.00000000099999999994 0.00000000099999999994 0.00000000099999999994 0.00000000099999999994 0.36014650214622595525 0.63985349085377407619 0.00000000099999999994
166 166 (0) 7 : 0.00000000099999999997 0.38378191386635562843 0.36030037667359360309 0.11555790810137064883 0.00000000099999999997 0.00000000099999999997 0.08835053896907688054 0.00000000099999999997 0.05200925838960322733
167 167 (0) 7 : 0.00000000099999999986 0.00000000099999999986 0.00000000099999999986 0.00000000099999999986 0.00000000099999999986 0.00000000099999999986 0.00000000099999999986 0.00000000099999999986 0.99999999200000000421
168 168 (0) 7 : 0.10597517289176819344 0.00000000099999999999 0.18352260488363425495 0.31349816832012822321 0.00000000099999999999 0.00000000099999999999 0.00000000099999999999 0.22759955923554503476 0.16940449066892432350
169 169 (0) 7 : 0.00000000099999999996 0.00000000099999999996 0.00000000099999999996 0.31397619345996002904 0.00000000099999999996 0.00000000099999999996 0.68602379954003989138 0.00000000099999999996 0.00000000099999999996
