1.0000 0.4530 0.5144 0.4080 0.4349 0.4422 0.4422 0.4174 0.4794 0.4565 0.4524 0.4623 0.4269 0.4723 0.3908 0.4117 0.4398 0.4406 0.4567 0.5144
0.4530 1.0000 0.5397 0.5414 0.5938 0.4794 0.4794 0.4813 0.6170 0.4706 0.4296 0.5406 0.5145 0.5742 0.4980 0.5191 0.4265 0.5473 0.4875 0.5397
0.5144 0.5397 1.0000 0.5105 0.5629 0.5853 0.5853 0.5737 0.6302 0.5537 0.5829 0.5857 0.5657 0.5357 0.4784 0.5526 0.5871 0.5105 0.6128 1.0000
0.4080 0.5414 0.5105 1.0000 0.5755 0.4382 0.4382 0.4693 0.5844 0.4985 0.4172 0.6199 0.5382 0.4284 0.5853 0.5446 0.4631 0.6162 0.4744 0.5105
0.4349 0.5938 0.5629 0.5755 1.0000 0.5374 0.5374 0.4720 0.5913 0.5020 0.4214 0.5477 0.5933 0.4929 0.4691 0.4954 0.4873 0.5352 0.5131 0.5629
0.4422 0.4794 0.5853 0.4382 0.5374 1.0000 1.0000 0.5045 0.5110 0.5535 0.4644 0.4583 0.4700 0.4518 0.4034 0.4365 0.4903 0.4600 0.5207 0.5853
0.4422 0.4794 0.5853 0.4382 0.5374 1.0000 1.0000 0.5045 0.5110 0.5535 0.4644 0.4583 0.4700 0.4518 0.4034 0.4365 0.4903 0.4600 0.5207 0.5853
0.4174 0.4813 0.5737 0.4693 0.4720 0.5045 0.5045 1.0000 0.4846 0.5331 0.5280 0.4534 0.4646 0.4437 0.4670 0.5082 0.5816 0.4438 0.5914 0.5737
0.4794 0.6170 0.6302 0.5844 0.5913 0.5110 0.5110 0.4846 1.0000 0.5179 0.4895 0.6776 0.6211 0.5167 0.5324 0.5533 0.5077 0.5586 0.5532 0.6302
0.4565 0.4706 0.5537 0.4985 0.5020 0.5535 0.5535 0.5331 0.5179 1.0000 0.5023 0.5085 0.4486 0.4923 0.5038 0.5439 0.5145 0.5169 0.5524 0.5537
0.4524 0.4296 0.5829 0.4172 0.4214 0.4644 0.4644 0.5280 0.4895 0.5023 1.0000 0.5276 0.4972 0.4414 0.3946 0.4463 0.5459 0.4335 0.5970 0.5829
0.4623 0.5406 0.5857 0.6199 0.5477 0.4583 0.4583 0.4534 0.6776 0.5085 0.5276 1.0000 0.5885 0.4962 0.5538 0.5273 0.4889 0.5685 0.4835 0.5857
0.4269 0.5145 0.5657 0.5382 0.5933 0.4700 0.4700 0.4646 0.6211 0.4486 0.4972 0.5885 1.0000 0.4364 0.4613 0.4753 0.5035 0.5306 0.5220 0.5657
0.4723 0.5742 0.5357 0.4284 0.4929 0.4518 0.4518 0.4437 0.5167 0.4923 0.4414 0.4962 0.4364 1.0000 0.4082 0.5912 0.4301 0.4394 0.4814 0.5357
0.3908 0.4980 0.4784 0.5853 0.4691 0.4034 0.4034 0.4670 0.5324 0.5038 0.3946 0.5538 0.4613 0.4082 1.0000 0.5142 0.4488 0.6174 0.3949 0.4784
0.4117 0.5191 0.5526 0.5446 0.4954 0.4365 0.4365 0.5082 0.5533 0.5439 0.4463 0.5273 0.4753 0.5912 0.5142 1.0000 0.4516 0.5348 0.5216 0.5526
0.4398 0.4265 0.5871 0.4631 0.4873 0.4903 0.4903 0.5816 0.5077 0.5145 0.5459 0.4889 0.5035 0.4301 0.4488 0.4516 1.0000 0.4272 0.5933 0.5871
0.4406 0.5473 0.5105 0.6162 0.5352 0.4600 0.4600 0.4438 0.5586 0.5169 0.4335 0.5685 0.5306 0.4394 0.6174 0.5348 0.4272 1.0000 0.4219 0.5105
0.4567 0.4875 0.6128 0.4744 0.5131 0.5207 0.5207 0.5914 0.5532 0.5524 0.5970 0.4835 0.5220 0.4814 0.3949 0.5216 0.5933 0.4219 1.0000 0.6128
0.5144 0.5397 1.0000 0.5105 0.5629 0.5853 0.5853 0.5737 0.6302 0.5537 0.5829 0.5857 0.5657 0.5357 0.4784 0.5526 0.5871 0.5105 0.6128 1.0000
