1 1 (0) 1 : 0.02986356577065400406 0.00000000100000000000 0.00001121684869502756 0.10258715129675644029 0.00000000100000000000 0.28354680047489055905 0.16152616705261357843 0.19021694966755134382 0.23224814688883901881
2 2 (0) 1 : 0.00000000099999999990 0.00000000099999999990 0.00000000099999999990 0.00000000099999999990 0.00000000099999999990 0.00000000099999999990 0.99999999199999989319 0.00000000099999999990 0.00000000099999999990
3 3 (0) 2 : 0.00000000100000000000 0.39940623839769739956 0.19038108302966605390 0.19465861096305814293 0.21379307851418757891 0.00000000109944155564 0.00000503756811030549 0.00175594842783876226 0.00000000100000000000
4 4 (0) 2 : 0.00000000099999999999 0.34129858275523483613 0.00000000099999999999 0.10290794178454119867 0.00000000099999999999 0.00000190649836102403 0.13936197423286844632 0.41642959072899432549 0.00000000099999999999
5 5 (0) 2 : 0.00000209165207911496 0.20865356797614484363 0.04972583917116056573 0.00000000099999999999 0.35210352856966165014 0.18168510669360049548 0.00000000099999999999 0.00000000099999999999 0.20782986293735319916
6 6 (0) 2 : 0.00000000099999999993 0.00000000099999999993 0.00000000099999999993 0.00000000099999999993 0.00000000099999999993 0.00000000099999999993 0.00000000099999999993 0.00000000099999999993 0.99999999200000000421
7 7 (0) 2 : 0.00000000099999999989 0.00000000099999999989 0.00000000099999999989 0.00000000099999999989 0.00000000099999999989 0.99999999200000000421 0.00000000099999999989 0.00000000099999999989 0.00000000099999999989
8 8 (0) 2 : 0.00000000100000000000 0.13961869128609483148 0.32399497826980983017 0.06719644339139579925 0.06285635355743840469 0.11973374282818451120 0.00000000100000000000 0.17921460629821014954 0.10738518236886655799
9 9 (0) 2 : 0.00000000099999999999 0.00000000099999999999 0.00000000099999999999 0.00000000099999999999 0.48127071367185508821 0.00000000099999999999 0.27208223265904374344 0.00003070788410161114 0.24661634078499955480
10 10 (0) 2 : 0.76824180378432105343 0.00000000099999999997 0.00000000099999999997 0.00000000099999999997 0.00000000099999999997 0.23174325297933767720 0.00000000099999999997 0.00001493723634140589 0.00000000099999999997
11 11 (0) 2 : 0.20301099846307954500 0.04179407057427612926 0.25030599817269783003 0.00000132861743154792 0.00000000099999999999 0.18182501269386217024 0.00000000099999999999 0.14215501016002959900 0.18090757931862316843
12 12 (0) 2 : 0.13918768741858963955 0.00665793517121351670 0.19252465579826164022 0.18372929009447880322 0.00000000100000000000 0.19611865141354090092 0.12722264144404740738 0.04984127624241235094 0.10471786141745577370
13 13 (0) 2 : 0.00000000099999999996 0.00000000099999999996 0.42985792618734780524 0.00000000099999999996 0.57014206681265222620 0.00000000099999999996 0.00000000099999999996 0.00000000099999999996 0.00000000099999999996
14 14 (0) 2 : 0.00000000099999999999 0.00000000099999999999 0.00000000099999999999 0.00000000099999999999 0.26890259604189614695 0.00000000099999999999 0.40608287407085857934 0.00000000099999999999 0.32501452388724516585
15 15 (0) 2 : 0.00000000100000000000 0.09711619839824062184 0.24919793077687313332 0.16352246043504209405 0.23939806760564200094 0.05654506170752621186 0.19422025604394557718 0.00000002303273043500 0.00000000100000000000
16 16 (0) 2 : 0.00000000099999999999 0.25615504741608030592 0.00000000099999999999 0.14168361686561281587 0.02975410076127733838 0.36139760225052003362 0.21100962870650946668 0.00000000099999999999 0.00000000099999999999
17 17 (0) 2 : 0.00000000099999999992 0.00000000099999999992 0.00000000099999999992 0.00000000099999999992 0.00000000099999999992 0.99999999200000000421 0.00000000099999999992 0.00000000099999999992 0.00000000099999999992
18 18 (0) 2 : 0.00000000100000000000 0.20488450046045741937 0.14320613224450820522 0.19953532179307384431 0.02691849945316093784 0.12290434869645833205 0.00515399374325297387 0.22767632211758248584 0.06972088049150573785
19 19 (0) 2 : 0.00000000549739323225 0.16315627745197072707 0.19490282884652274098 0.00000000100000000000 0.17419364100734383016 0.12150227414079406429 0.34623790350179789455 0.00000000100000000000 0.00000706755417744619
20 20 (0) 2 : 0.00000000099999999999 0.18167782868978962774 0.00000000099999999999 0.00000000099999999999 0.00000005114236662602 0.20086812451631708143 0.35637523528158010500 0.25652135299082845510 0.00455740437911803051
21 21 (0) 2 : 0.39158646474382435843 0.00000000099999999999 0.00000000099999999999 0.00000000099999999999 0.00000000099999999999 0.35228651068293681536 0.00000000099999999999 0.00000000099999999999 0.25612701857323877386
22 22 (0) 2 : 0.00000004237554568591 0.00000000099999999999 0.26845425198247929721 0.00000000099999999999 0.38340530896463670407 0.00000000099999999999 0.00000000099999999999 0.00000000099999999999 0.34814039167733834557
23 23 (0) 2 : 0.24976078221099437537 0.00000010122208695237 0.13286695626649047686 0.00000000100000000000 0.36490646082792493887 0.00000000100000000000 0.12753998051210174713 0.04477815292156436117 0.08014756403883722957
24 24 (0) 2 : 0.22806259569070058690 0.00000008215130136446 0.19987701392867157635 0.11299854759668344351 0.00000000099999999999 0.00000000099999999999 0.24777766909520451688 0.02637075374179629478 0.18491333579564239731
25 25 (0) 2 : 0.00000000099999999997 0.00000000099999999997 0.64693630885219188809 0.00000000099999999997 0.00000000099999999997 0.00000000099999999997 0.00000000099999999997 0.35306368414780814335 0.00000000099999999997
26 26 (0) 2 : 0.18586301223004750294 0.17435552232696355235 0.25429825551737894607 0.00000000100000000000 0.14276213292138303923 0.24272107300422701703 0.00000000100000000000 0.00000000100000000000 0.00000000100000000000
27 27 (0) 2 : 0.00000000100000000000 0.30975310306751097089 0.16752496945566430764 0.08136134114263975092 0.18135150676469136144 0.00000000100000000000 0.00512898895983392340 0.08292248789804698705 0.17195760071161284022
28 28 (0) 2 : 0.00000000099999999999 0.03263331279745557839 0.00600126215337472117 0.26858570517918750609 0.00000000099999999999 0.30225165914715407256 0.08226035181324886647 0.00000000099999999999 0.30826770590957930374
29 29 (0) 2 : 0.00000000099999999998 0.00000000099999999998 0.37689087578544178125 0.00000000099999999998 0.32091661008788757714 0.30219250812667058925 0.00000000099999999998 0.00000000099999999998 0.00000000099999999998
30 30 (0) 3 : 0.00000000099999999998 0.00000000099999999998 0.61938404176006989221 0.38061593603196014479 0.00000000099999999998 0.00000000099999999998 0.00000001608621347806 0.00000000112175652743 0.00000000099999999998
31 31 (0) 3 : 0.00000000099999999998 0.00000000099999999998 0.00000000099999999998 0.00000000099999999998 0.45617442605338531791 0.00000000099999999998 0.54382377271802040397 0.00000000099999999998 0.00000179522859426499
32 32 (0) 3 : 0.03103337955622399030 0.25826252390247611546 0.22871147430093149988 0.00000000100000000000 0.00608201788135793574 0.13076954533803347713 0.00000000100000000000 0.14204779632108952003 0.20309326069988761776
33 33 (0) 3 : 0.11551257440593575010 0.38306874038790678094 0.15046271776380482077 0.09553082817392252735 0.00463126635172350729 0.00000058439941625098 0.02637863360406959845 0.22441458970766547942 0.00000006520555544955
34 34 (0) 3 : 0.00000000100000000000 0.04113078048039197493 0.11410349609041940677 0.00000000100000000000 0.32182843126505883413 0.25681047396201228672 0.19881729598088832001 0.00000000100000000000 0.06730951922122917208
35 35 (0) 3 : 0.00000000099999999997 0.70597804795971697001 0.00000000099999999997 0.00000000099999999997 0.00000000099999999997 0.00000000099999999997 0.29402194504028328348 0.00000000099999999997 0.00000000099999999997
36 36 (0) 3 : 0.00000000099999999999 0.38789105968684611803 0.00000000099999999999 0.00000000099999999999 0.35232565197641241284 0.14286724630883934628 0.00000000099999999999 0.00000000099999999999 0.11691603702790223651
37 37 (0) 3 : 0.00001257786785087075 0.15840042390673511608 0.08094456186943140008 0.10515764088956318367 0.08525567888517555926 0.14061079533984122136 0.11796292997102374167 0.19502672281219876615 0.11662866845818013750
38 38 (0) 3 : 0.00000000099999999989 0.00000000099999999989 0.00000000099999999989 0.00000000099999999989 0.00000000099999999989 0.00000000099999999989 0.00000000099999999989 0.99999999200000000421 0.00000000099999999989
39 39 (0) 3 : 0.00000000099999999999 0.00000000099999999999 0.00000000099999999999 0.18910245264431382872 0.00000000099999999999 0.38774988682320771227 0.00000000099999999999 0.00000000099999999999 0.42314765453247848992
40 40 (0) 3 : 0.00000000099999999990 0.00000000099999999990 0.00000000099999999990 0.00000000099999999990 0.00000000099999999990 0.99999999200000000421 0.00000000099999999990 0.00000000099999999990 0.00000000099999999990
41 41 (0) 3 : 0.00000000099999999999 0.39294438001038234365 0.00000000099999999999 0.00002180292907034857 0.00000000099999999999 0.00000000099999999999 0.30478611385065157435 0.30224769820989560998 0.00000000099999999999
42 42 (0) 3 : 0.00000000099999999991 0.00000000099999999991 0.00000000099999999991 0.00000000099999999991 0.00000000099999999991 0.00000000099999999991 0.00000000099999999991 0.00000000099999999991 0.99999999199999989319
43 43 (0) 3 : 0.00000000100000000000 0.46968047298479520535 0.17117213563490379924 0.23176190995315126830 0.00000000100000000000 0.00000012930759289789 0.00000000100000000000 0.02498195670236455848 0.10240339241719230434
44 44 (0) 3 : 0.00000365220477653889 0.26936203745552844691 0.09561563442942401514 0.24316440226930166602 0.13869507064649150285 0.25315919999447783484 0.00000000099999999998 0.00000000099999999998 0.00000000099999999998
45 45 (0) 3 : 0.00000000099999999999 0.11133755673271021613 0.11577931796592520752 0.24600642271389563942 0.00000000099999999999 0.45764824761769151706 0.00000000099999999999 0.05422353829478709225 0.01500491367499022337
46 46 (0) 3 : 0.00000000099999999999 0.34432868404844402255 0.11106964076602351965 0.00000000099999999999 0.00000000099999999999 0.00000000099999999999 0.30281476852312005921 0.24178629542413465625 0.00000060723827761038
47 47 (0) 3 : 0.00000000099999999999 0.00000000099999999999 0.00000003777043638978 0.00000000099999999999 0.00000000099999999999 0.49228854119557186042 0.00000000099999999999 0.24882568386373909997 0.25888573217025262485
48 48 (0) 3 : 0.00000000099999999998 0.33663893243349174433 0.00000000099999999998 0.00000000099999999998 0.00005946368021083295 0.00000000099999999998 0.26922660741045945088 0.39407499147583785470 0.00000000099999999998
49 49 (0) 3 : 0.99999999200000011523 0.00000000099999999990 0.00000000099999999990 0.00000000099999999990 0.00000000099999999990 0.00000000099999999990 0.00000000099999999990 0.00000000099999999990 0.00000000099999999990
50 50 (0) 3 : 0.00000000099999999999 0.33353695682067496797 0.00000000099999999999 0.00000000099999999999 0.00000000099999999999 0.00000000099999999999 0.26280514153472300798 0.00000000099999999999 0.40365789564460197170
51 51 (0) 3 : 0.00000000099999999990 0.00000000099999999990 0.00000000099999999990 0.00000000099999999990 0.99999999200000000421 0.00000000099999999990 0.00000000099999999990 0.00000000099999999990 0.00000000099999999990
52 52 (0) 3 : 0.46110536873386959167 0.53889462426613055079 0.00000000099999999998 0.00000000099999999998 0.00000000099999999998 0.00000000099999999998 0.00000000099999999998 0.00000000099999999998 0.00000000099999999998
53 53 (0) 3 : 0.00000000099999999999 0.51626618062837448253 0.10104637761175984390 0.00000000099999999999 0.11066405210600822884 0.09479455410004725135 0.00000000099999999999 0.17722883155381013998 0.00000000099999999999
54 54 (0) 3 : 0.00000000100000000000 0.07155135347245503152 0.04627456374672463818 0.31056207817524750237 0.21759969166686973785 0.08943859832807227184 0.04485508941908666891 0.09106718404052453752 0.12865144015101967478
55 55 (0) 3 : 0.00000000099999999999 0.26767539323891731406 0.31655946889571529024 0.00000000099999999999 0.22606564057413661151 0.00000000099999999999 0.18969949229123078682 0.00000000099999999999 0.00000000099999999999
56 56 (0) 3 : 0.00000000099999999997 0.72099013973391767873 0.27900985326608235271 0.00000000099999999997 0.00000000099999999997 0.00000000099999999997 0.00000000099999999997 0.00000000099999999997 0.00000000099999999997
57 57 (0) 3 : 0.00000000099999999999 0.25009371603730340405 0.00000000099999999999 0.00002273173920814972 0.29262534469061929343 0.00000000099999999999 0.16688437908905140450 0.29037382444381770741 0.00000000099999999999
58 58 (0) 3 : 0.00000000099999999990 0.00000000099999999990 0.00000000099999999990 0.00000000099999999990 0.00000000099999999990 0.00000000099999999990 0.99999999199999989319 0.00000000099999999990 0.00000000099999999990
59 59 (0) 3 : 0.00000000099999999997 0.00000000099999999997 0.57055870343444148318 0.42944128956555854826 0.00000000099999999997 0.00000000099999999997 0.00000000099999999997 0.00000000099999999997 0.00000000099999999997
60 60 (0) 4 : 0.41814986149693622597 0.00000000099999999998 0.00000000099999999998 0.00000000099999999998 0.00000000099999999998 0.00000000099999999998 0.00000000099999999998 0.58185013150306352792 0.00000000099999999998
61 61 (0) 4 : 0.00000000099999999997 0.68337458582996324363 0.00000000099999999997 0.00000000099999999997 0.31662540717003700985 0.00000000099999999997 0.00000000099999999997 0.00000000099999999997 0.00000000099999999997
62 62 (0) 4 : 0.00000000099999999997 0.57024674776271266907 0.00000000099999999997 0.00000000099999999997 0.00000000099999999997 0.00000000099999999997 0.42975324523728741788 0.00000000099999999997 0.00000000099999999997
63 63 (0) 4 : 0.00000000100000000000 0.07953252774384610146 0.00000000100000000000 0.29909226542926642400 0.26008893198074872766 0.19287744380997426386 0.09574839723181362283 0.07265987124752378012 0.00000056055682707957
64 64 (0) 4 : 0.12267563843027606829 0.00000000290186484096 0.24506075291930268234 0.00000000100000000000 0.00000000100000000000 0.21847605521473703605 0.28226434259936378224 0.13152320493445532334 0.00000000100000000000
65 65 (0) 4 : 0.00000000099999999997 0.00000000099999999997 0.00000000099999999997 0.00000000099999999997 0.63404255829510636211 0.00000000099999999997 0.36595743470489372484 0.00000000099999999997 0.00000000099999999997
66 66 (0) 4 : 0.00000000099999999999 0.00000000099999999999 0.26959564769015281760 0.10868878240931406642 0.19551298689360296912 0.19924790519097562713 0.22695467381595449408 0.00000000099999999999 0.00000000099999999999
67 67 (0) 4 : 0.30457953867163750639 0.00000000099999999998 0.00000000099999999998 0.00000000099999999998 0.44347027816000123002 0.00000000099999999998 0.06659033715336985793 0.18535984101499136667 0.00000000099999999998
68 68 (0) 4 : 0.17591647105408411700 0.06099307445784527687 0.00000000100000000000 0.08396408032476156136 0.15887319086247539413 0.24203936390942348833 0.27821381639141024023 0.00000000100000000000 0.00000000100000000000
69 69 (0) 4 : 0.04355245143772203120 0.26759736450093846161 0.30185616415519866962 0.00000000099999999999 0.00000000099999999999 0.00000000099999999999 0.21521824026140093378 0.00000000099999999999 0.17177577564474000305
70 70 (0) 4 : 0.24062846541938578970 0.22641341161025257955 0.00000000099999999999 0.23781830325991426545 0.13322845959572512942 0.00000000099999999999 0.00000000099999999999 0.00000000099999999999 0.16191135611472234901
71 71 (0) 1 : 0.00000000099999999999 0.00000000099999999999 0.00000000099999999999 0.00000000099999999999 0.39457000609502868027 0.44017535023381132442 0.00000000099999999999 0.16525463767115997071 0.00000000099999999999
72 72 (0) 1 : 0.00000000099999999997 0.00000000099999999997 0.00000001646564756741 0.34018262905493273918 0.00000000099999999997 0.00000000099999999997 0.00000000099999999997 0.65981734847941964084 0.00000000099999999997
73 73 (0) 1 : 0.00000000099999999993 0.99999999200000022626 0.00000000099999999993 0.00000000099999999993 0.00000000099999999993 0.00000000099999999993 0.00000000099999999993 0.00000000099999999993 0.00000000099999999993
74 74 (0) 1 : 0.17553848552638359748 0.13944569555847033393 0.00000000100000000000 0.17890041226982481004 0.09376311444485625757 0.05044321886979696162 0.04609602200577514464 0.31581304932489284720 0.00000000100000000000
75 75 (0) 1 : 0.00000000099999999999 0.39444629430137728709 0.00035444514186066498 0.00000000099999999999 0.20294267657116074610 0.07728946965138662473 0.14909104814511089931 0.00000000099999999999 0.17587606318910375958
76 76 (0) 1 : 0.00000000099999999998 0.27821379673119972509 0.00000000099999999998 0.41640969633068325439 0.00000000099999999998 0.21351263081806443056 0.00000000099999999998 0.09186387112005256483 0.00000000099999999998
77 77 (0) 1 : 0.00000000099999999990 0.00000000099999999990 0.00000000099999999990 0.00000000099999999990 0.00000000099999999990 0.00000000099999999990 0.00000000099999999990 0.99999999200000000421 0.00000000099999999990
78 78 (0) 1 : 0.06855570209272568438 0.00000000099999999999 0.00000000099999999999 0.10576489429737490067 0.00000000099999999999 0.14303116959747522174 0.16859502836057696507 0.24253904271892706701 0.27151415993292032924
79 79 (0) 1 : 0.00000000099999999999 0.00000000099999999999 0.00000000099999999999 0.21341946629179697759 0.20506127860038783628 0.01114883166435670300 0.27943224685539053143 0.29093817258806786707 0.00000000099999999999
80 80 (0) 1 : 0.00000000099999999998 0.00000000099999999998 0.33720806137740916286 0.00000000099999999998 0.21756055416831485139 0.00000000099999999998 0.00000000099999999998 0.12819202264114165635 0.31703935681313422101
81 81 (0) 1 : 0.00000000099999999997 0.23380558773199469624 0.00000000099999999997 0.38359132455584160626 0.00000000099999999997 0.00000000099999999997 0.00000000099999999997 0.00000000099999999997 0.38260308171216361739
82 82 (0) 1 : 0.30778323301443999416 0.00000000099999999999 0.00000000099999999999 0.00000000099999999999 0.00000000099999999999 0.15624290571927573756 0.00000124636724730850 0.38186108628215881255 0.15411152461687802062
83 83 (0) 1 : 0.00000000099999999997 0.00000000099999999997 0.00000000099999999997 0.73839137022687872935 0.00000000099999999997 0.26160862277312130209 0.00000000099999999997 0.00000000099999999997 0.00000000099999999997
84 84 (0) 1 : 0.20217694902281227454 0.00002352893841890177 0.05197357235806625286 0.00000000100000000000 0.00000000100000000000 0.23140593239561751959 0.25339759283487955921 0.00143190420690877734 0.25959051824329681946
85 85 (0) 1 : 0.00000000099999999999 0.00000000099999999999 0.34103525266736028909 0.00000000099999999999 0.00000000099999999999 0.32809133562204478851 0.00000000099999999999 0.00000000099999999999 0.33087340571059475902
86 86 (0) 1 : 0.21343362810515359440 0.15438747373426489617 0.07350555542682173094 0.00000000099999999999 0.00000000099999999999 0.16560757790697896996 0.29391885575213366755 0.09914690607464714256 0.00000000099999999999
87 87 (0) 1 : 0.00000000099999999999 0.00000000099999999999 0.18069632300764928989 0.41663820822299829638 0.21548166281811162448 0.00916409173953545812 0.17801971021170542864 0.00000000099999999999 0.00000000099999999999
88 88 (0) 1 : 0.20300362060628804328 0.00000000100000000000 0.34978550781954914628 0.11769848359254599102 0.03853998445474403345 0.00000000100000000000 0.20098974244493936214 0.08998265808193345316 0.00000000100000000000
89 89 (0) 1 : 0.00000000114959822400 0.00000000099999999998 0.00000000099999999998 0.00000000099999999998 0.00000000099999999998 0.54250490644317017619 0.00000000099999999998 0.00000000099999999998 0.45749508640723157704
90 90 (0) 1 : 0.41174012428412409825 0.00000000099999999997 0.00000000099999999997 0.00000000099999999997 0.58825986871587576665 0.00000000099999999997 0.00000000099999999997 0.00000000099999999997 0.00000000099999999997
91 91 (0) 1 : 0.99999999200000022626 0.00000000099999999991 0.00000000099999999991 0.00000000099999999991 0.00000000099999999991 0.00000000099999999991 0.00000000099999999991 0.00000000099999999991 0.00000000099999999991
92 92 (0) 1 : 0.00000000099999999992 0.00000000099999999992 0.00000000099999999992 0.00000000099999999992 0.00000000099999999992 0.00000000099999999992 0.99999999200000000421 0.00000000099999999992 0.00000000099999999992
93 93 (0) 1 : 0.00000000099999999996 0.00000000099999999996 0.00000000099999999996 0.59219712511245703457 0.40780286788754305238 0.00000000099999999996 0.00000000099999999996 0.00000000099999999996 0.00000000099999999996
94 94 (0) 1 : 0.31980700068966488869 0.00000000099999999996 0.00000000099999999996 0.00000000099999999996 0.00000000099999999996 0.68019299231033514275 0.00000000099999999996 0.00000000099999999996 0.00000000099999999996
95 95 (0) 1 : 0.00000000099999999991 0.00000000099999999991 0.99999999200000000421 0.00000000099999999991 0.00000000099999999991 0.00000000099999999991 0.00000000099999999991 0.00000000099999999991 0.00000000099999999991
96 96 (0) 1 : 0.08715072472169568818 0.00000000099999999999 0.22017294119102626127 0.00000000099999999999 0.30221540721578504796 0.12082566081418924520 0.20200341594533582912 0.00000000099999999999 0.06763184711196797150
97 97 (0) 1 : 0.51454579026508484585 0.48545419943020656772 0.00000000099999999998 0.00000000099999999998 0.00000000099999999998 0.00000000099999999998 0.00000000099999999998 0.00000000099999999998 0.00000000430470863991
98 98 (0) 1 : 0.46973654072007442473 0.00000000099999999999 0.28654850973475187725 0.00000000099999999999 0.00000000099999999999 0.00000000099999999999 0.00000000099999999999 0.24371494354517364567 0.00000000099999999999
99 99 (0) 4 : 0.00000000099999999989 0.00000000099999999989 0.00000000099999999989 0.00000000099999999989 0.00000000099999999989 0.00000000099999999989 0.00000000099999999989 0.00000000099999999989 0.99999999199999989319
100 100 (0) 4 : 0.19698878429098284903 0.12567667745005142721 0.00000000099999999999 0.00000000099999999999 0.29368103043323379175 0.00000000099999999999 0.00000000099999999999 0.25301965882817500919 0.13063384499755689716
101 101 (0) 5 : 0.48909104709283723889 0.00000000099999999998 0.00000000099999999998 0.00000000099999999998 0.51090894572609113489 0.00000000099999999998 0.00000000099999999998 0.00000000118107145533 0.00000000099999999998
102 102 (0) 5 : 0.20671020977837772925 0.00519860041873280564 0.10454619645954056628 0.15297274565440119320 0.00000000099999999999 0.13673599389530624593 0.00000000099999999999 0.00000000099999999999 0.39383625079364148469
103 103 (0) 5 : 0.26449746694112336032 0.22352301482665340449 0.12824466532409203867 0.04770715621046419525 0.00000000100000000000 0.00000000151690353990 0.05012679481756239508 0.09229189804463447389 0.19360900131856664808
104 104 (0) 5 : 0.00000000099999999999 0.00000001439965498000 0.20910208955515266482 0.13925586027472963702 0.00000000099999999999 0.00000000099999999999 0.09530211382096410999 0.16519716884095661524 0.39114275010854188119
105 105 (0) 5 : 0.00000000099999999990 0.00000000099999999990 0.00000000099999999990 0.00000000099999999990 0.00000000099999999990 0.00000000099999999990 0.00000000099999999990 0.99999999200000000421 0.00000000099999999990
106 106 (0) 4 : 0.00000000099999999990 0.00000000099999999990 0.99999999200000000421 0.00000000099999999990 0.00000000099999999990 0.00000000099999999990 0.00000000099999999990 0.00000000099999999990 0.00000000099999999990
107 107 (0) 4 : 0.32464483429391255420 0.46264905650010546001 0.00000000099999999999 0.00000000099999999999 0.00000000099999999999 0.00000000099999999999 0.00000000912172257145 0.00000000099999999999 0.21270609508425941669
108 108 (0) 4 : 0.00000000099999999998 0.00000000099999999998 0.00000000099999999998 0.38273773547793082939 0.00000000130980335453 0.00000000099999999998 0.00000000099999999998 0.31977153947290848368 0.29749071873935722943
109 109 (0) 4 : 0.00000000099999999998 0.37297125188228308357 0.00000000099999999998 0.00000000099999999998 0.00000000099999999998 0.16898647984768661034 0.00000000099999999998 0.37909832498479228979 0.07894393828523796341
110 110 (0) 4 : 0.00000000099999999998 0.20449006050172513493 0.32616087819959105332 0.27622562235365827332 0.00000000099999999998 0.00000000099999999998 0.00000000099999999998 0.00000000099999999998 0.19312343394502545779
111 111 (0) 5 : 0.11182903142876171598 0.15348849734767611164 0.25468080657173236547 0.00000046656422098309 0.10829227969302507306 0.14703946554471922226 0.00000000099999999999 0.22466945084986428283 0.00000000099999999999
112 112 (0) 5 : 0.18851699823307851989 0.00000000534919009134 0.15710142743457025660 0.13000943923161054072 0.08336065085134115871 0.09737321179684776951 0.19167534498986094071 0.15196292111350051535 0.00000000100000000000
113 113 (0) 5 : 0.00000000099999999999 0.21489720202702333740 0.00000000099999999999 0.38928502230365213954 0.37357974467262200502 0.01877071501862985839 0.00000000099999999999 0.00346731197807273028 0.00000000099999999999
114 114 (0) 5 : 0.20545653066327879133 0.28642701312753093834 0.32104738920057224183 0.00000000099999999999 0.00000000099999999999 0.00000000099999999999 0.00000000099999999999 0.00000000099999999999 0.18706906200861825318
115 115 (0) 5 : 0.41624827060523506006 0.00000000529210757592 0.00000000099999999999 0.30315507438270655749 0.00000000099999999999 0.00000000099999999999 0.28059664471995088286 0.00000000099999999999 0.00000000099999999999
116 116 (0) 5 : 0.00000000100000000000 0.15156326466180597423 0.22964124173435995768 0.11436528714875227042 0.00000000100000000000 0.06040531819756517207 0.08804708926153057003 0.04807402877636713506 0.30790376821961884524
117 117 (0) 4 : 0.00000000099999999998 0.48842098582740917090 0.00000000099999999998 0.00000000099999999998 0.00000000099999999998 0.51157900717259074952 0.00000000099999999998 0.00000000099999999998 0.00000000099999999998
118 118 (0) 4 : 0.00000000099999999997 0.00000000099999999997 0.00000000099999999997 0.75427637605367059415 0.00000000099999999997 0.24572361694632932627 0.00000000099999999997 0.00000000099999999997 0.00000000099999999997
119 119 (0) 4 : 0.00000000099999999997 0.00000000099999999997 0.43166909744523507264 0.00000000099999999997 0.56833089555476512533 0.00000000099999999997 0.00000000099999999997 0.00000000099999999997 0.00000000099999999997
120 120 (0) 4 : 0.00002351309148713399 0.32757687233884191791 0.00000000099999999999 0.00000000099999999999 0.00016035928623546374 0.00000000099999999999 0.00403667782430266499 0.37503536789543884256 0.29316720656369388287
121 121 (0) 4 : 0.00000000099999999989 0.00000000099999999989 0.00000000099999999989 0.00000000099999999989 0.00000000099999999989 0.00000000099999999989 0.00000000099999999989 0.00000000099999999989 0.99999999200000000421
122 122 (0) 4 : 0.00000000099999999990 0.00000000099999999990 0.00000000099999999990 0.00000000099999999990 0.00000000099999999990 0.00000000099999999990 0.99999999199999989319 0.00000000099999999990 0.00000000099999999990
123 123 (0) 4 : 0.00000000099999999992 0.00000000099999999992 0.00000000099999999992 0.00000000099999999992 0.00000000099999999992 0.00000000099999999992 0.00000000099999999992 0.99999999200000000421 0.00000000099999999992
124 124 (0) 4 : 0.00000000099999999992 0.00000000099999999992 0.00000000099999999992 0.00000000099999999992 0.00000000099999999992 0.00000000099999999992 0.99999999199999989319 0.00000000099999999992 0.00000000099999999992
125 125 (0) 5 : 0.18871138237154502781 0.09864534437483493678 0.16497766798763305318 0.00000000099999999999 0.16575351817252953479 0.21382426620123073935 0.16808781789222673742 0.00000000099999999999 0.00000000099999999999
126 126 (0) 5 : 0.00000000099999999998 0.00000000099999999998 0.00000000099999999998 0.00000000099999999998 0.00000000099999999998 0.00000000099999999998 0.00000000099999999998 0.63510953055709273851 0.36489046244290729293
127 127 (0) 5 : 0.00000000099999999988 0.00000000099999999988 0.00000000099999999988 0.99999999200000011523 0.00000000099999999988 0.00000000099999999988 0.00000000099999999988 0.00000000099999999988 0.00000000099999999988
128 128 (0) 5 : 0.00000000406990088796 0.00000000099999999999 0.33806445956679970211 0.20629064585693915324 0.16852846974642951561 0.00000000099999999999 0.21511437409910158514 0.07200204366082925411 0.00000000099999999999
129 129 (0) 5 : 0.00000000099999999992 0.00000000099999999992 0.00000000099999999992 0.00000000099999999992 0.99999999200000000421 0.00000000099999999992 0.00000000099999999992 0.00000000099999999992 0.00000000099999999992
130 130 (0) 5 : 0.16322133495278082216 0.19065013866262403575 0.00000000100000000000 0.12480130100649676483 0.28535516617500411574 0.00000018811562641219 0.23597186808746786757 0.00000000100000000000 0.00000000100000000000
131 131 (0) 5 : 0.00000000099999999991 0.00000000099999999991 0.00000000099999999991 0.00000000099999999991 0.99999999200000011523 0.00000000099999999991 0.00000000099999999991 0.00000000099999999991 0.00000000099999999991
132 132 (0) 5 : 0.16259861081697182805 0.00000000204884579974 0.00000000099999999999 0.25174906654669010342 0.23577826313233754552 0.00000000099999999999 0.34987405345515482091 0.00000000099999999999 0.00000000099999999999
133 133 (0) 5 : 0.13822742904184506796 0.43662123810278113956 0.00000000100000000000 0.17995024407456169935 0.00000000100000000000 0.15995388301821139576 0.08524716811432658803 0.00000000100000000000 0.00000003464827412017
134 134 (0) 5 : 0.00000000099999999989 0.00000000099999999989 0.00000000099999999989 0.00000000099999999989 0.00000000099999999989 0.99999999200000011523 0.00000000099999999989 0.00000000099999999989 0.00000000099999999989
135 135 (0) 5 : 0.00000000099999999986 0.00000000099999999986 0.00000000099999999986 0.00000000099999999986 0.00000000099999999986 0.00000000099999999986 0.00000000099999999986 0.00000000099999999986 0.99999999200000000421
136 136 (0) 5 : 0.00000000099999999996 0.00000000099999999996 0.33016269465140662964 0.66983729834859351282 0.00000000099999999996 0.00000000099999999996 0.00000000099999999996 0.00000000099999999996 0.00000000099999999996
137 137 (0) 5 : 0.00000000099999999996 0.45054869556695015254 0.00000000099999999996 0.00000000099999999996 0.54945129743304998993 0.00000000099999999996 0.00000000099999999996 0.00000000099999999996 0.00000000099999999996
138 138 (0) 5 : 0.48275920312758058284 0.00000000099999999997 0.51724078987241961514 0.00000000099999999997 0.00000000099999999997 0.00000000099999999997 0.00000000099999999997 0.00000000099999999997 0.00000000099999999997
139 139 (0) 5 : 0.00001780250730153498 0.00000000102438927315 0.08929281745085468347 0.00042997275229603036 0.00000000099999999999 0.00000000099999999999 0.21812874352633909725 0.22741481851038719553 0.46471584222843220768
140 140 (0) 5 : 0.00000000099999999990 0.00000000099999999990 0.00000000099999999990 0.99999999200000000421 0.00000000099999999990 0.00000000099999999990 0.00000000099999999990 0.00000000099999999990 0.00000000099999999990
141 141 (0) 5 : 0.00000000099999999993 0.00000000099999999993 0.99999999200000000421 0.00000000099999999993 0.00000000099999999993 0.00000000099999999993 0.00000000099999999993 0.00000000099999999993 0.00000000099999999993
142 142 (0) 5 : 0.29416137020251142964 0.00000000100000000000 0.00000000100000000000 0.11861065705941148396 0.00000000100000000000 0.22540549285507271993 0.26060202278841682055 0.00000000100000000000 0.10122045309458754803
143 143 (0) 5 : 0.00000000099999999992 0.00000000099999999992 0.00000000099999999992 0.99999999200000000421 0.00000000099999999992 0.00000000099999999992 0.00000000099999999992 0.00000000099999999992 0.00000000099999999992
144 144 (0) 6 : 0.00000000100000000000 0.00000000100000000000 0.00336403558919226835 0.16131650885171774923 0.14753556277151885778 0.17420564472921615251 0.18673550219280685147 0.15426766894463475599 0.17257507492091339607
145 145 (0) 6 : 0.00000000099999999998 0.00000000099999999998 0.00020143883647466570 0.41456343926667515998 0.18471671423088548147 0.00000000099999999998 0.40051840266596472340 0.00000000099999999998 0.00000000099999999998
146 146 (0) 6 : 0.18778082492644071477 0.10463436356400893090 0.19167920316087172505 0.04228986978734276120 0.02939193285882123197 0.00000000100000000000 0.13007044716910862170 0.31415335653340598077 0.00000000100000000000
147 147 (0) 6 : 0.00000000099999999998 0.49926555210065920454 0.00000000099999999998 0.50073444089934071588 0.00000000099999999998 0.00000000099999999998 0.00000000099999999998 0.00000000099999999998 0.00000000099999999998
148 148 (0) 6 : 0.00000000099999999992 0.99999999200000011523 0.00000000099999999992 0.00000000099999999992 0.00000000099999999992 0.00000000099999999992 0.00000000099999999992 0.00000000099999999992 0.00000000099999999992
149 149 (0) 6 : 0.00000000099999999992 0.00000000099999999992 0.00000000099999999992 0.00000000099999999992 0.99999999200000011523 0.00000000099999999992 0.00000000099999999992 0.00000000099999999992 0.00000000099999999992
150 150 (0) 6 : 0.00205562865957651351 0.14883490536313598307 0.00000000099999999999 0.43786249441868330123 0.00000000099999999999 0.03539778760075801972 0.37584917995784627998 0.00000000099999999999 0.00000000099999999999
151 151 (0) 6 : 0.00000000099999999996 0.45212912980937630669 0.00000000099999999996 0.00000000099999999996 0.00000000099999999996 0.54787086319062361373 0.00000000099999999996 0.00000000099999999996 0.00000000099999999996
152 152 (0) 6 : 0.30097103788721002449 0.13529886420161138516 0.00000000100000000000 0.00000000100000000000 0.07647101651122373278 0.16076727269925816799 0.08021399283711300177 0.00000000100000000000 0.24627781286358371715
153 153 (0) 6 : 0.00000000099999999990 0.00000000099999999990 0.99999999200000000421 0.00000000099999999990 0.00000000099999999990 0.00000000099999999990 0.00000000099999999990 0.00000000099999999990 0.00000000099999999990
154 154 (0) 6 : 0.05395479240855301922 0.25505445592633341212 0.00000000100000000000 0.25149355652248145399 0.22214575126756824774 0.00009505196513791743 0.20333788798463187097 0.01391850192529411716 0.00000000100000000000
155 155 (0) 6 : 0.99999999200000022626 0.00000000099999999991 0.00000000099999999991 0.00000000099999999991 0.00000000099999999991 0.00000000099999999991 0.00000000099999999991 0.00000000099999999991 0.00000000099999999991
156 156 (0) 6 : 0.04956973525499486222 0.00000000099999999999 0.06692288401987689372 0.31114322214760004037 0.15483518452220532136 0.00079608757001592022 0.00000000099999999999 0.26039612670326223176 0.15633675778204481066
157 157 (0) 6 : 0.00000000100000000000 0.16670116040191523821 0.40861235002598772503 0.00376151976199458468 0.20536292280109422204 0.14778980638628394506 0.00000000100000000000 0.06735948905097383088 0.00041274957175079402
158 158 (0) 6 : 0.00000000099999999993 0.00000000099999999993 0.00000000099999999993 0.00000000099999999993 0.00000000099999999993 0.00000000099999999993 0.00000000099999999993 0.99999999199999989319 0.00000000099999999993
159 159 (0) 6 : 0.00000000651550411592 0.17566684937590645865 0.12229551391461356002 0.23940211237547318057 0.19390277095200400548 0.06629055816452660010 0.04954800024023314070 0.02873907013815004199 0.12415511832358873401
160 160 (0) 6 : 0.00000000099999999989 0.00000000099999999989 0.99999999200000011523 0.00000000099999999989 0.00000000099999999989 0.00000000099999999989 0.00000000099999999989 0.00000000099999999989 0.00000000099999999989
161 161 (0) 6 : 0.17057090232925090079 0.00006332785213737253 0.03598011473922264197 0.19937946865787922746 0.17024501295409960600 0.08035934234947898769 0.14272459077832314045 0.00000000100000000000 0.20067723933960809890
162 162 (0) 6 : 0.00000000099999999994 0.99999999200000022626 0.00000000099999999994 0.00000000099999999994 0.00000000099999999994 0.00000000099999999994 0.00000000099999999994 0.00000000099999999994 0.00000000099999999994
163 163 (0) 6 : 0.00003443490274282332 0.00000000099999999998 0.00000000099999999998 0.49252904869729674520 0.00000000099999999998 0.00000000099999999998 0.00000000099999999998 0.50743651039996029439 0.00000000099999999998
164 164 (0) 6 : 0.17070031754021786075 0.00000000100000000000 0.30340801059472805035 0.09889265669173011308 0.00000000100000000000 0.00000000100000000000 0.00000000100000000000 0.12957144391651084780 0.29742756725681329666
165 165 (0) 6 : 0.28253955589584595076 0.05059786870226281458 0.26688982014341416926 0.00000000099999999999 0.00000000099999999999 0.19038122364507975570 0.00000000099999999999 0.00000000099999999999 0.20959152761339758242
166 166 (0) 6 : 0.22072306627968443782 0.36812378787343669195 0.10030198300674185441 0.00000000099999999999 0.31085115784013706008 0.00000000099999999999 0.00000000099999999999 0.00000000099999999999 0.00000000099999999999
167 167 (0) 6 : 0.00000000099999999999 0.00000000099999999999 0.25880809033520685292 0.39218702966163809798 0.00000000099999999999 0.00000437795465445174 0.19831781281171598219 0.15068268523678463033 0.00000000099999999999
168 168 (0) 6 : 0.00000000099999999997 0.00000000099999999997 0.00000000099999999997 0.00000000099999999997 0.00000000099999999997 0.00000000099999999997 0.68241182582782511368 0.31758816717217469572 0.00000000099999999997
169 169 (0) 6 : 0.00000000099999999999 0.00000000099999999999 0.00000000099999999999 0.34617713693478441295 0.00000000099999999999 0.00000000099999999999 0.38033876761955487389 0.00000000422966580347 0.27348408621599479273
170 170 (0) 6 : 0.00000000099999999998 0.00000000099999999998 0.00000000099999999998 0.00000000099999999998 0.30340312561819399173 0.00000000099999999998 0.17007755941905750019 0.00000000099999999998 0.52651930896274834470
171 171 (0) 6 : 0.00000000099999999995 0.00000000099999999995 0.00000000099999999995 0.00000000099999999995 0.00000000099999999995 0.00000000099999999995 0.00000000099999999995 0.99999999200000000421 0.00000000099999999995
172 172 (0) 4 : 0.57801428229415641180 0.00000000099999999998 0.00000000099999999998 0.00000000099999999998 0.00000000099999999998 0.00000000099999999998 0.42198571070584373066 0.00000000099999999998 0.00000000099999999998
173 173 (0) 4 : 0.00000000099999999999 0.27971464303839727039 0.07560140023321336444 0.00000000099999999999 0.00000000099999999999 0.21751076438074529174 0.00000000099999999999 0.00000000099999999999 0.42717318734764403443
174 174 (0) 7 : 0.00000000099999999998 0.50687199062957899454 0.15633454496792772992 0.00076563956367228997 0.33602781983882112904 0.00000000099999999998 0.00000000099999999998 0.00000000099999999998 0.00000000099999999998
175 175 (0) 7 : 0.99999999200000011523 0.00000000099999999987 0.00000000099999999987 0.00000000099999999987 0.00000000099999999987 0.00000000099999999987 0.00000000099999999987 0.00000000099999999987 0.00000000099999999987
176 176 (0) 7 : 0.11719246192839738452 0.19675280264901787164 0.00000000100000000000 0.29327226554731355979 0.27738422214911612196 0.00000000100000000000 0.00000000100000000000 0.11539824372615507808 0.00000000100000000000
177 177 (0) 7 : 0.20716805106316610319 0.09816179564212773601 0.26582850498461041422 0.00000000100000000000 0.13109333778198214993 0.18322620875964110154 0.11433785665352906580 0.00018424311494355717 0.00000000100000000000
178 178 (0) 7 : 0.34057620814152933519 0.00000000099999999999 0.00000000099999999999 0.00000000099999999999 0.36432754299999386971 0.00000000099999999999 0.00000000099999999999 0.29463566271242097594 0.00046058114605594983
179 179 (0) 7 : 0.38434113089603755276 0.61565886210396258971 0.00000000099999999998 0.00000000099999999998 0.00000000099999999998 0.00000000099999999998 0.00000000099999999998 0.00000000099999999998 0.00000000099999999998
180 180 (0) 7 : 0.00000000099999999999 0.47371751842410486644 0.06984919561594077342 0.00000000099999999999 0.12108726207252316909 0.00000000099999999999 0.07587563140337831580 0.25947038848405301614 0.00000000099999999999
181 181 (0) 7 : 0.00000000099999999999 0.00000000099999999999 0.00000000099999999999 0.21384568603350975757 0.04285315269724979809 0.00000000099999999999 0.22424484314844519983 0.32431622182913194541 0.19474009229166319712
182 182 (0) 7 : 0.00000151075592747453 0.06603091069647110123 0.00000000100000000000 0.14412375255147091835 0.15038606031782048023 0.37678532979608231335 0.00000000100000000000 0.06662841895178450713 0.19604401493044318339
183 183 (0) 7 : 0.00000000099999999993 0.00000000099999999993 0.00000000099999999993 0.99999999200000011523 0.00000000099999999993 0.00000000099999999993 0.00000000099999999993 0.00000000099999999993 0.00000000099999999993
184 184 (0) 7 : 0.00000000099999999999 0.42884405650558360401 0.00000000099999999999 0.17960324737734617573 0.00000000099999999999 0.26347882167325592517 0.12807386917864096998 0.00000000126517323306 0.00000000099999999999
185 185 (0) 7 : 0.00000000099999999997 0.00000000099999999997 0.60687337277471364860 0.00000000099999999997 0.00000000099999999997 0.00000000099999999997 0.00000000099999999997 0.39312662022528643835 0.00000000099999999997
186 186 (0) 7 : 0.01071726163980143455 0.18331520604596537871 0.12670747415696845262 0.16115911372201727203 0.27426106349078110958 0.00000000100000000000 0.14349992707114350710 0.05671097047282054604 0.04362898240050246818
187 187 (0) 7 : 0.00000000099999999999 0.00000000099999999999 0.28057354349241681035 0.35426897112658983779 0.00000000099999999999 0.00000000099999999999 0.00000000099999999999 0.00000000099999999999 0.36515747938099352154
188 188 (0) 7 : 0.00000000099999999998 0.18394152012918357775 0.00000000099999999998 0.00000000099999999998 0.26662572685890295610 0.00000000099999999998 0.00000000099999999998 0.12485325554299675499 0.42457949246891657502
189 189 (0) 7 : 0.00000000099999999998 0.61325925833334893333 0.00000000099999999998 0.00000000099999999998 0.00000000099999999998 0.00000000099999999998 0.38674073464636543607 0.00000000099999999998 0.00000000102028573880
190 190 (0) 7 : 0.00000000099999999999 0.00000000099999999999 0.37223501677588138881 0.00000000099999999999 0.11925428152618533506 0.00000000099999999999 0.28984181148615772994 0.00000000099999999999 0.21866888521177546556
191 191 (0) 7 : 0.00000037700693145159 0.25411225361467054684 0.00000000099999999999 0.07454797160574036519 0.00000000099999999999 0.15760503079433385576 0.27083945775499618236 0.00000000099999999999 0.24289490622332743364
192 192 (0) 7 : 0.99999999200000011523 0.00000000099999999991 0.00000000099999999991 0.00000000099999999991 0.00000000099999999991 0.00000000099999999991 0.00000000099999999991 0.00000000099999999991 0.00000000099999999991
193 193 (0) 7 : 0.00000000099999999999 0.00023499919616942869 0.00000000099999999999 0.06743275362799090733 0.23083671865947738566 0.36672595340639818629 0.17104223543689409115 0.16372733667306996197 0.00000000099999999999
194 194 (0) 7 : 0.00000000099999999998 0.00000000099999999998 0.00000000099999999998 0.61226574414123124956 0.38773424885876883739 0.00000000099999999998 0.00000000099999999998 0.00000000099999999998 0.00000000099999999998
195 195 (0) 7 : 0.33332883006832203510 0.15126143174373080091 0.00000000099999999999 0.00000000099999999999 0.12839920114331976331 0.13627880200218905893 0.06503928399368974489 0.18569244804874832089 0.00000000099999999999
196 196 (0) 7 : 0.24512120916180529795 0.45039260294703803433 0.00000000099999999998 0.00000000099999999998 0.00000000099999999998 0.00001058665151615872 0.00000000099999999998 0.00000000099999999998 0.30447559623964082220
197 197 (0) 7 : 0.00000000099999999991 0.00000000099999999991 0.00000000099999999991 0.00000000099999999991 0.00000000099999999991 0.00000000099999999991 0.99999999199999989319 0.00000000099999999991 0.00000000099999999991
198 198 (0) 7 : 0.07904812770037836223 0.00007132473814396434 0.00000000099999999999 0.00000000099999999999 0.28238938064290475261 0.15308418925180131143 0.00001180815767021174 0.16777069278255982154 0.31762447472654159464
199 199 (0) 7 : 0.17215184732061644679 0.22812494366408853086 0.00000001159280032121 0.00000000100000000000 0.00000000100000000000 0.31516821722842980336 0.10851371066080475747 0.00000000100000000000 0.17604126653326018781
200 200 (0) 7 : 0.00000000099999999999 0.44643586481079761130 0.00000000099999999999 0.00289142604446332007 0.00000000099999999999 0.26872612191509687163 0.00000000099999999999 0.00029039466178096447 0.28165618856786134305
201 201 (0) 7 : 0.00000000099999999989 0.00000000099999999989 0.00000000099999999989 0.00000000099999999989 0.00000000099999999989 0.99999999200000011523 0.00000000099999999989 0.00000000099999999989 0.00000000099999999989
202 202 (0) 7 : 0.18951546685898126854 0.12201803322651243178 0.00000000099999999999 0.17465777174132604554 0.12429298174398911714 0.30872702755234221472 0.00000000099999999999 0.00000000099999999999 0.08078871587684893774
203 203 (0) 7 : 0.13927832973732942601 0.00918404749267756788 0.12791313778895907483 0.09838872674596531309 0.27836531307765144394 0.00000007234310099641 0.24154916971243323154 0.00000000100000000000 0.10532120210188315734
1 1 (0) 1 : 0.02986356577065400406 0.00000000100000000000 0.00001121684869502756 0.10258715129675644029 0.00000000100000000000 0.28354680047489055905 0.16152616705261357843 0.19021694966755134382 0.23224814688883901881
2 2 (0) 1 : 0.00000000099999999990 0.00000000099999999990 0.00000000099999999990 0.00000000099999999990 0.00000000099999999990 0.00000000099999999990 0.99999999199999989319 0.00000000099999999990 0.00000000099999999990
3 3 (0) 2 : 0.00000000100000000000 0.39940623839769739956 0.19038108302966605390 0.19465861096305814293 0.21379307851418757891 0.00000000109944155564 0.00000503756811030549 0.00175594842783876226 0.00000000100000000000
4 4 (0) 2 : 0.00000000099999999999 0.34129858275523483613 0.00000000099999999999 0.10290794178454119867 0.00000000099999999999 0.00000190649836102403 0.13936197423286844632 0.41642959072899432549 0.00000000099999999999
5 5 (0) 2 : 0.00000209165207911496 0.20865356797614484363 0.04972583917116056573 0.00000000099999999999 0.35210352856966165014 0.18168510669360049548 0.00000000099999999999 0.00000000099999999999 0.20782986293735319916
6 6 (0) 2 : 0.00000000099999999993 0.00000000099999999993 0.00000000099999999993 0.00000000099999999993 0.00000000099999999993 0.00000000099999999993 0.00000000099999999993 0.00000000099999999993 0.99999999200000000421
7 7 (0) 2 : 0.00000000099999999989 0.00000000099999999989 0.00000000099999999989 0.00000000099999999989 0.00000000099999999989 0.99999999200000000421 0.00000000099999999989 0.00000000099999999989 0.00000000099999999989
8 8 (0) 2 : 0.00000000100000000000 0.13961869128609483148 0.32399497826980983017 0.06719644339139579925 0.06285635355743840469 0.11973374282818451120 0.00000000100000000000 0.17921460629821014954 0.10738518236886655799
9 9 (0) 2 : 0.00000000099999999999 0.00000000099999999999 0.00000000099999999999 0.00000000099999999999 0.48127071367185508821 0.00000000099999999999 0.27208223265904374344 0.00003070788410161114 0.24661634078499955480
10 10 (0) 2 : 0.76824180378432105343 0.00000000099999999997 0.00000000099999999997 0.00000000099999999997 0.00000000099999999997 0.23174325297933767720 0.00000000099999999997 0.00001493723634140589 0.00000000099999999997
11 11 (0) 2 : 0.20301099846307954500 0.04179407057427612926 0.25030599817269783003 0.00000132861743154792 0.00000000099999999999 0.18182501269386217024 0.00000000099999999999 0.14215501016002959900 0.18090757931862316843
12 12 (0) 2 : 0.13918768741858963955 0.00665793517121351670 0.19252465579826164022 0.18372929009447880322 0.00000000100000000000 0.19611865141354090092 0.12722264144404740738 0.04984127624241235094 0.10471786141745577370
13 13 (0) 2 : 0.00000000099999999996 0.00000000099999999996 0.42985792618734780524 0.00000000099999999996 0.57014206681265222620 0.00000000099999999996 0.00000000099999999996 0.00000000099999999996 0.00000000099999999996
14 14 (0) 2 : 0.00000000099999999999 0.00000000099999999999 0.00000000099999999999 0.00000000099999999999 0.26890259604189614695 0.00000000099999999999 0.40608287407085857934 0.00000000099999999999 0.32501452388724516585
15 15 (0) 2 : 0.00000000100000000000 0.09711619839824062184 0.24919793077687313332 0.16352246043504209405 0.23939806760564200094 0.05654506170752621186 0.19422025604394557718 0.00000002303273043500 0.00000000100000000000
16 16 (0) 2 : 0.00000000099999999999 0.25615504741608030592 0.00000000099999999999 0.14168361686561281587 0.02975410076127733838 0.36139760225052003362 0.21100962870650946668 0.00000000099999999999 0.00000000099999999999
17 17 (0) 2 : 0.00000000099999999992 0.00000000099999999992 0.00000000099999999992 0.00000000099999999992 0.00000000099999999992 0.99999999200000000421 0.00000000099999999992 0.00000000099999999992 0.00000000099999999992
18 18 (0) 2 : 0.00000000100000000000 0.20488450046045741937 0.14320613224450820522 0.19953532179307384431 0.02691849945316093784 0.12290434869645833205 0.00515399374325297387 0.22767632211758248584 0.06972088049150573785
19 19 (0) 2 : 0.00000000549739323225 0.16315627745197072707 0.19490282884652274098 0.00000000100000000000 0.17419364100734383016 0.12150227414079406429 0.34623790350179789455 0.00000000100000000000 0.00000706755417744619
20 20 (0) 2 : 0.00000000099999999999 0.18167782868978962774 0.00000000099999999999 0.00000000099999999999 0.00000005114236662602 0.20086812451631708143 0.35637523528158010500 0.25652135299082845510 0.00455740437911803051
21 21 (0) 2 : 0.39158646474382435843 0.00000000099999999999 0.00000000099999999999 0.00000000099999999999 0.00000000099999999999 0.35228651068293681536 0.00000000099999999999 0.00000000099999999999 0.25612701857323877386
22 22 (0) 2 : 0.00000004237554568591 0.00000000099999999999 0.26845425198247929721 0.00000000099999999999 0.38340530896463670407 0.00000000099999999999 0.00000000099999999999 0.00000000099999999999 0.34814039167733834557
23 23 (0) 2 : 0.24976078221099437537 0.00000010122208695237 0.13286695626649047686 0.00000000100000000000 0.36490646082792493887 0.00000000100000000000 0.12753998051210174713 0.04477815292156436117 0.08014756403883722957
24 24 (0) 2 : 0.22806259569070058690 0.00000008215130136446 0.19987701392867157635 0.11299854759668344351 0.00000000099999999999 0.00000000099999999999 0.24777766909520451688 0.02637075374179629478 0.18491333579564239731
25 25 (0) 2 : 0.00000000099999999997 0.00000000099999999997 0.64693630885219188809 0.00000000099999999997 0.00000000099999999997 0.00000000099999999997 0.00000000099999999997 0.35306368414780814335 0.00000000099999999997
26 26 (0) 2 : 0.18586301223004750294 0.17435552232696355235 0.25429825551737894607 0.00000000100000000000 0.14276213292138303923 0.24272107300422701703 0.00000000100000000000 0.00000000100000000000 0.00000000100000000000
27 27 (0) 2 : 0.00000000100000000000 0.30975310306751097089 0.16752496945566430764 0.08136134114263975092 0.18135150676469136144 0.00000000100000000000 0.00512898895983392340 0.08292248789804698705 0.17195760071161284022
28 28 (0) 2 : 0.00000000099999999999 0.03263331279745557839 0.00600126215337472117 0.26858570517918750609 0.00000000099999999999 0.30225165914715407256 0.08226035181324886647 0.00000000099999999999 0.30826770590957930374
29 29 (0) 2 : 0.00000000099999999998 0.00000000099999999998 0.37689087578544178125 0.00000000099999999998 0.32091661008788757714 0.30219250812667058925 0.00000000099999999998 0.00000000099999999998 0.00000000099999999998
30 30 (0) 3 : 0.00000000099999999998 0.00000000099999999998 0.61938404176006989221 0.38061593603196014479 0.00000000099999999998 0.00000000099999999998 0.00000001608621347806 0.00000000112175652743 0.00000000099999999998
31 31 (0) 3 : 0.00000000099999999998 0.00000000099999999998 0.00000000099999999998 0.00000000099999999998 0.45617442605338531791 0.00000000099999999998 0.54382377271802040397 0.00000000099999999998 0.00000179522859426499
32 32 (0) 3 : 0.03103337955622399030 0.25826252390247611546 0.22871147430093149988 0.00000000100000000000 0.00608201788135793574 0.13076954533803347713 0.00000000100000000000 0.14204779632108952003 0.20309326069988761776
33 33 (0) 3 : 0.11551257440593575010 0.38306874038790678094 0.15046271776380482077 0.09553082817392252735 0.00463126635172350729 0.00000058439941625098 0.02637863360406959845 0.22441458970766547942 0.00000006520555544955
34 34 (0) 3 : 0.00000000100000000000 0.04113078048039197493 0.11410349609041940677 0.00000000100000000000 0.32182843126505883413 0.25681047396201228672 0.19881729598088832001 0.00000000100000000000 0.06730951922122917208
35 35 (0) 3 : 0.00000000099999999997 0.70597804795971697001 0.00000000099999999997 0.00000000099999999997 0.00000000099999999997 0.00000000099999999997 0.29402194504028328348 0.00000000099999999997 0.00000000099999999997
36 36 (0) 3 : 0.00000000099999999999 0.38789105968684611803 0.00000000099999999999 0.00000000099999999999 0.35232565197641241284 0.14286724630883934628 0.00000000099999999999 0.00000000099999999999 0.11691603702790223651
37 37 (0) 3 : 0.00001257786785087075 0.15840042390673511608 0.08094456186943140008 0.10515764088956318367 0.08525567888517555926 0.14061079533984122136 0.11796292997102374167 0.19502672281219876615 0.11662866845818013750
38 38 (0) 3 : 0.00000000099999999989 0.00000000099999999989 0.00000000099999999989 0.00000000099999999989 0.00000000099999999989 0.00000000099999999989 0.00000000099999999989 0.99999999200000000421 0.00000000099999999989
39 39 (0) 3 : 0.00000000099999999999 0.00000000099999999999 0.00000000099999999999 0.18910245264431382872 0.00000000099999999999 0.38774988682320771227 0.00000000099999999999 0.00000000099999999999 0.42314765453247848992
40 40 (0) 3 : 0.00000000099999999990 0.00000000099999999990 0.00000000099999999990 0.00000000099999999990 0.00000000099999999990 0.99999999200000000421 0.00000000099999999990 0.00000000099999999990 0.00000000099999999990
41 41 (0) 3 : 0.00000000099999999999 0.39294438001038234365 0.00000000099999999999 0.00002180292907034857 0.00000000099999999999 0.00000000099999999999 0.30478611385065157435 0.30224769820989560998 0.00000000099999999999
42 42 (0) 3 : 0.00000000099999999991 0.00000000099999999991 0.00000000099999999991 0.00000000099999999991 0.00000000099999999991 0.00000000099999999991 0.00000000099999999991 0.00000000099999999991 0.99999999199999989319
43 43 (0) 3 : 0.00000000100000000000 0.46968047298479520535 0.17117213563490379924 0.23176190995315126830 0.00000000100000000000 0.00000012930759289789 0.00000000100000000000 0.02498195670236455848 0.10240339241719230434
44 44 (0) 3 : 0.00000365220477653889 0.26936203745552844691 0.09561563442942401514 0.24316440226930166602 0.13869507064649150285 0.25315919999447783484 0.00000000099999999998 0.00000000099999999998 0.00000000099999999998
45 45 (0) 3 : 0.00000000099999999999 0.11133755673271021613 0.11577931796592520752 0.24600642271389563942 0.00000000099999999999 0.45764824761769151706 0.00000000099999999999 0.05422353829478709225 0.01500491367499022337
46 46 (0) 3 : 0.00000000099999999999 0.34432868404844402255 0.11106964076602351965 0.00000000099999999999 0.00000000099999999999 0.00000000099999999999 0.30281476852312005921 0.24178629542413465625 0.00000060723827761038
47 47 (0) 3 : 0.00000000099999999999 0.00000000099999999999 0.00000003777043638978 0.00000000099999999999 0.00000000099999999999 0.49228854119557186042 0.00000000099999999999 0.24882568386373909997 0.25888573217025262485
48 48 (0) 3 : 0.00000000099999999998 0.33663893243349174433 0.00000000099999999998 0.00000000099999999998 0.00005946368021083295 0.00000000099999999998 0.26922660741045945088 0.39407499147583785470 0.00000000099999999998
49 49 (0) 3 : 0.99999999200000011523 0.00000000099999999990 0.00000000099999999990 0.00000000099999999990 0.00000000099999999990 0.00000000099999999990 0.00000000099999999990 0.00000000099999999990 0.00000000099999999990
50 50 (0) 3 : 0.00000000099999999999 0.33353695682067496797 0.00000000099999999999 0.00000000099999999999 0.00000000099999999999 0.00000000099999999999 0.26280514153472300798 0.00000000099999999999 0.40365789564460197170
51 51 (0) 3 : 0.00000000099999999990 0.00000000099999999990 0.00000000099999999990 0.00000000099999999990 0.99999999200000000421 0.00000000099999999990 0.00000000099999999990 0.00000000099999999990 0.00000000099999999990
52 52 (0) 3 : 0.46110536873386959167 0.53889462426613055079 0.00000000099999999998 0.00000000099999999998 0.00000000099999999998 0.00000000099999999998 0.00000000099999999998 0.00000000099999999998 0.00000000099999999998
53 53 (0) 3 : 0.00000000099999999999 0.51626618062837448253 0.10104637761175984390 0.00000000099999999999 0.11066405210600822884 0.09479455410004725135 0.00000000099999999999 0.17722883155381013998 0.00000000099999999999
54 54 (0) 3 : 0.00000000100000000000 0.07155135347245503152 0.04627456374672463818 0.31056207817524750237 0.21759969166686973785 0.08943859832807227184 0.04485508941908666891 0.09106718404052453752 0.12865144015101967478
55 55 (0) 3 : 0.00000000099999999999 0.26767539323891731406 0.31655946889571529024 0.00000000099999999999 0.22606564057413661151 0.00000000099999999999 0.18969949229123078682 0.00000000099999999999 0.00000000099999999999
56 56 (0) 3 : 0.00000000099999999997 0.72099013973391767873 0.27900985326608235271 0.00000000099999999997 0.00000000099999999997 0.00000000099999999997 0.00000000099999999997 0.00000000099999999997 0.00000000099999999997
57 57 (0) 3 : 0.00000000099999999999 0.25009371603730340405 0.00000000099999999999 0.00002273173920814972 0.29262534469061929343 0.00000000099999999999 0.16688437908905140450 0.29037382444381770741 0.00000000099999999999
58 58 (0) 3 : 0.00000000099999999990 0.00000000099999999990 0.00000000099999999990 0.00000000099999999990 0.00000000099999999990 0.00000000099999999990 0.99999999199999989319 0.00000000099999999990 0.00000000099999999990
59 59 (0) 3 : 0.00000000099999999997 0.00000000099999999997 0.57055870343444148318 0.42944128956555854826 0.00000000099999999997 0.00000000099999999997 0.00000000099999999997 0.00000000099999999997 0.00000000099999999997
60 60 (0) 4 : 0.41814986149693622597 0.00000000099999999998 0.00000000099999999998 0.00000000099999999998 0.00000000099999999998 0.00000000099999999998 0.00000000099999999998 0.58185013150306352792 0.00000000099999999998
61 61 (0) 4 : 0.00000000099999999997 0.68337458582996324363 0.00000000099999999997 0.00000000099999999997 0.31662540717003700985 0.00000000099999999997 0.00000000099999999997 0.00000000099999999997 0.00000000099999999997
62 62 (0) 4 : 0.00000000099999999997 0.57024674776271266907 0.00000000099999999997 0.00000000099999999997 0.00000000099999999997 0.00000000099999999997 0.42975324523728741788 0.00000000099999999997 0.00000000099999999997
63 63 (0) 4 : 0.00000000100000000000 0.07953252774384610146 0.00000000100000000000 0.29909226542926642400 0.26008893198074872766 0.19287744380997426386 0.09574839723181362283 0.07265987124752378012 0.00000056055682707957
64 64 (0) 4 : 0.12267563843027606829 0.00000000290186484096 0.24506075291930268234 0.00000000100000000000 0.00000000100000000000 0.21847605521473703605 0.28226434259936378224 0.13152320493445532334 0.00000000100000000000
65 65 (0) 4 : 0.00000000099999999997 0.00000000099999999997 0.00000000099999999997 0.00000000099999999997 0.63404255829510636211 0.00000000099999999997 0.36595743470489372484 0.00000000099999999997 0.00000000099999999997
66 66 (0) 4 : 0.00000000099999999999 0.00000000099999999999 0.26959564769015281760 0.10868878240931406642 0.19551298689360296912 0.19924790519097562713 0.22695467381595449408 0.00000000099999999999 0.00000000099999999999
67 67 (0) 4 : 0.30457953867163750639 0.00000000099999999998 0.00000000099999999998 0.00000000099999999998 0.44347027816000123002 0.00000000099999999998 0.06659033715336985793 0.18535984101499136667 0.00000000099999999998
68 68 (0) 4 : 0.17591647105408411700 0.06099307445784527687 0.00000000100000000000 0.08396408032476156136 0.15887319086247539413 0.24203936390942348833 0.27821381639141024023 0.00000000100000000000 0.00000000100000000000
69 69 (0) 4 : 0.04355245143772203120 0.26759736450093846161 0.30185616415519866962 0.00000000099999999999 0.00000000099999999999 0.00000000099999999999 0.21521824026140093378 0.00000000099999999999 0.17177577564474000305
70 70 (0) 4 : 0.24062846541938578970 0.22641341161025257955 0.00000000099999999999 0.23781830325991426545 0.13322845959572512942 0.00000000099999999999 0.00000000099999999999 0.00000000099999999999 0.16191135611472234901
71 71 (0) 1 : 0.00000000099999999999 0.00000000099999999999 0.00000000099999999999 0.00000000099999999999 0.39457000609502868027 0.44017535023381132442 0.00000000099999999999 0.16525463767115997071 0.00000000099999999999
72 72 (0) 1 : 0.00000000099999999997 0.00000000099999999997 0.00000001646564756741 0.34018262905493273918 0.00000000099999999997 0.00000000099999999997 0.00000000099999999997 0.65981734847941964084 0.00000000099999999997
73 73 (0) 1 : 0.00000000099999999993 0.99999999200000022626 0.00000000099999999993 0.00000000099999999993 0.00000000099999999993 0.00000000099999999993 0.00000000099999999993 0.00000000099999999993 0.00000000099999999993
74 74 (0) 1 : 0.17553848552638359748 0.13944569555847033393 0.00000000100000000000 0.17890041226982481004 0.09376311444485625757 0.05044321886979696162 0.04609602200577514464 0.31581304932489284720 0.00000000100000000000
75 75 (0) 1 : 0.00000000099999999999 0.39444629430137728709 0.00035444514186066498 0.00000000099999999999 0.20294267657116074610 0.07728946965138662473 0.14909104814511089931 0.00000000099999999999 0.17587606318910375958
76 76 (0) 1 : 0.00000000099999999998 0.27821379673119972509 0.00000000099999999998 0.41640969633068325439 0.00000000099999999998 0.21351263081806443056 0.00000000099999999998 0.09186387112005256483 0.00000000099999999998
77 77 (0) 1 : 0.00000000099999999990 0.00000000099999999990 0.00000000099999999990 0.00000000099999999990 0.00000000099999999990 0.00000000099999999990 0.00000000099999999990 0.99999999200000000421 0.00000000099999999990
78 78 (0) 1 : 0.06855570209272568438 0.00000000099999999999 0.00000000099999999999 0.10576489429737490067 0.00000000099999999999 0.14303116959747522174 0.16859502836057696507 0.24253904271892706701 0.27151415993292032924
79 79 (0) 1 : 0.00000000099999999999 0.00000000099999999999 0.00000000099999999999 0.21341946629179697759 0.20506127860038783628 0.01114883166435670300 0.27943224685539053143 0.29093817258806786707 0.00000000099999999999
80 80 (0) 1 : 0.00000000099999999998 0.00000000099999999998 0.33720806137740916286 0.00000000099999999998 0.21756055416831485139 0.00000000099999999998 0.00000000099999999998 0.12819202264114165635 0.31703935681313422101
81 81 (0) 1 : 0.00000000099999999997 0.23380558773199469624 0.00000000099999999997 0.38359132455584160626 0.00000000099999999997 0.00000000099999999997 0.00000000099999999997 0.00000000099999999997 0.38260308171216361739
82 82 (0) 1 : 0.30778323301443999416 0.00000000099999999999 0.00000000099999999999 0.00000000099999999999 0.00000000099999999999 0.15624290571927573756 0.00000124636724730850 0.38186108628215881255 0.15411152461687802062
83 83 (0) 1 : 0.00000000099999999997 0.00000000099999999997 0.00000000099999999997 0.73839137022687872935 0.00000000099999999997 0.26160862277312130209 0.00000000099999999997 0.00000000099999999997 0.00000000099999999997
84 84 (0) 1 : 0.20217694902281227454 0.00002352893841890177 0.05197357235806625286 0.00000000100000000000 0.00000000100000000000 0.23140593239561751959 0.25339759283487955921 0.00143190420690877734 0.25959051824329681946
85 85 (0) 1 : 0.00000000099999999999 0.00000000099999999999 0.34103525266736028909 0.00000000099999999999 0.00000000099999999999 0.32809133562204478851 0.00000000099999999999 0.00000000099999999999 0.33087340571059475902
86 86 (0) 1 : 0.21343362810515359440 0.15438747373426489617 0.07350555542682173094 0.00000000099999999999 0.00000000099999999999 0.16560757790697896996 0.29391885575213366755 0.09914690607464714256 0.00000000099999999999
87 87 (0) 1 : 0.00000000099999999999 0.00000000099999999999 0.18069632300764928989 0.41663820822299829638 0.21548166281811162448 0.00916409173953545812 0.17801971021170542864 0.00000000099999999999 0.00000000099999999999
88 88 (0) 1 : 0.20300362060628804328 0.00000000100000000000 0.34978550781954914628 0.11769848359254599102 0.03853998445474403345 0.00000000100000000000 0.20098974244493936214 0.08998265808193345316 0.00000000100000000000
89 89 (0) 1 : 0.00000000114959822400 0.00000000099999999998 0.00000000099999999998 0.00000000099999999998 0.00000000099999999998 0.54250490644317017619 0.00000000099999999998 0.00000000099999999998 0.45749508640723157704
90 90 (0) 1 : 0.41174012428412409825 0.00000000099999999997 0.00000000099999999997 0.00000000099999999997 0.58825986871587576665 0.00000000099999999997 0.00000000099999999997 0.00000000099999999997 0.00000000099999999997
91 91 (0) 1 : 0.99999999200000022626 0.00000000099999999991 0.00000000099999999991 0.00000000099999999991 0.00000000099999999991 0.00000000099999999991 0.00000000099999999991 0.00000000099999999991 0.00000000099999999991
92 92 (0) 1 : 0.00000000099999999992 0.00000000099999999992 0.00000000099999999992 0.00000000099999999992 0.00000000099999999992 0.00000000099999999992 0.99999999200000000421 0.00000000099999999992 0.00000000099999999992
93 93 (0) 1 : 0.00000000099999999996 0.00000000099999999996 0.00000000099999999996 0.59219712511245703457 0.40780286788754305238 0.00000000099999999996 0.00000000099999999996 0.00000000099999999996 0.00000000099999999996
94 94 (0) 1 : 0.31980700068966488869 0.00000000099999999996 0.00000000099999999996 0.00000000099999999996 0.00000000099999999996 0.68019299231033514275 0.00000000099999999996 0.00000000099999999996 0.00000000099999999996
95 95 (0) 1 : 0.00000000099999999991 0.00000000099999999991 0.99999999200000000421 0.00000000099999999991 0.00000000099999999991 0.00000000099999999991 0.00000000099999999991 0.00000000099999999991 0.00000000099999999991
96 96 (0) 1 : 0.08715072472169568818 0.00000000099999999999 0.22017294119102626127 0.00000000099999999999 0.30221540721578504796 0.12082566081418924520 0.20200341594533582912 0.00000000099999999999 0.06763184711196797150
97 97 (0) 1 : 0.51454579026508484585 0.48545419943020656772 0.00000000099999999998 0.00000000099999999998 0.00000000099999999998 0.00000000099999999998 0.00000000099999999998 0.00000000099999999998 0.00000000430470863991
98 98 (0) 1 : 0.46973654072007442473 0.00000000099999999999 0.28654850973475187725 0.00000000099999999999 0.00000000099999999999 0.00000000099999999999 0.00000000099999999999 0.24371494354517364567 0.00000000099999999999
99 99 (0) 4 : 0.00000000099999999989 0.00000000099999999989 0.00000000099999999989 0.00000000099999999989 0.00000000099999999989 0.00000000099999999989 0.00000000099999999989 0.00000000099999999989 0.99999999199999989319
100 100 (0) 4 : 0.19698878429098284903 0.12567667745005142721 0.00000000099999999999 0.00000000099999999999 0.29368103043323379175 0.00000000099999999999 0.00000000099999999999 0.25301965882817500919 0.13063384499755689716
101 101 (0) 5 : 0.48909104709283723889 0.00000000099999999998 0.00000000099999999998 0.00000000099999999998 0.51090894572609113489 0.00000000099999999998 0.00000000099999999998 0.00000000118107145533 0.00000000099999999998
102 102 (0) 5 : 0.20671020977837772925 0.00519860041873280564 0.10454619645954056628 0.15297274565440119320 0.00000000099999999999 0.13673599389530624593 0.00000000099999999999 0.00000000099999999999 0.39383625079364148469
103 103 (0) 5 : 0.26449746694112336032 0.22352301482665340449 0.12824466532409203867 0.04770715621046419525 0.00000000100000000000 0.00000000151690353990 0.05012679481756239508 0.09229189804463447389 0.19360900131856664808
104 104 (0) 5 : 0.00000000099999999999 0.00000001439965498000 0.20910208955515266482 0.13925586027472963702 0.00000000099999999999 0.00000000099999999999 0.09530211382096410999 0.16519716884095661524 0.39114275010854188119
105 105 (0) 5 : 0.00000000099999999990 0.00000000099999999990 0.00000000099999999990 0.00000000099999999990 0.00000000099999999990 0.00000000099999999990 0.00000000099999999990 0.99999999200000000421 0.00000000099999999990
106 106 (0) 4 : 0.00000000099999999990 0.00000000099999999990 0.99999999200000000421 0.00000000099999999990 0.00000000099999999990 0.00000000099999999990 0.00000000099999999990 0.00000000099999999990 0.00000000099999999990
107 107 (0) 4 : 0.32464483429391255420 0.46264905650010546001 0.00000000099999999999 0.00000000099999999999 0.00000000099999999999 0.00000000099999999999 0.00000000912172257145 0.00000000099999999999 0.21270609508425941669
108 108 (0) 4 : 0.00000000099999999998 0.00000000099999999998 0.00000000099999999998 0.38273773547793082939 0.00000000130980335453 0.00000000099999999998 0.00000000099999999998 0.31977153947290848368 0.29749071873935722943
109 109 (0) 4 : 0.00000000099999999998 0.37297125188228308357 0.00000000099999999998 0.00000000099999999998 0.00000000099999999998 0.16898647984768661034 0.00000000099999999998 0.37909832498479228979 0.07894393828523796341
110 110 (0) 4 : 0.00000000099999999998 0.20449006050172513493 0.32616087819959105332 0.27622562235365827332 0.00000000099999999998 0.00000000099999999998 0.00000000099999999998 0.00000000099999999998 0.19312343394502545779
111 111 (0) 5 : 0.11182903142876171598 0.15348849734767611164 0.25468080657173236547 0.00000046656422098309 0.10829227969302507306 0.14703946554471922226 0.00000000099999999999 0.22466945084986428283 0.00000000099999999999
112 112 (0) 5 : 0.18851699823307851989 0.00000000534919009134 0.15710142743457025660 0.13000943923161054072 0.08336065085134115871 0.09737321179684776951 0.19167534498986094071 0.15196292111350051535 0.00000000100000000000
113 113 (0) 5 : 0.00000000099999999999 0.21489720202702333740 0.00000000099999999999 0.38928502230365213954 0.37357974467262200502 0.01877071501862985839 0.00000000099999999999 0.00346731197807273028 0.00000000099999999999
114 114 (0) 5 : 0.20545653066327879133 0.28642701312753093834 0.32104738920057224183 0.00000000099999999999 0.00000000099999999999 0.00000000099999999999 0.00000000099999999999 0.00000000099999999999 0.18706906200861825318
115 115 (0) 5 : 0.41624827060523506006 0.00000000529210757592 0.00000000099999999999 0.30315507438270655749 0.00000000099999999999 0.00000000099999999999 0.28059664471995088286 0.00000000099999999999 0.00000000099999999999
116 116 (0) 5 : 0.00000000100000000000 0.15156326466180597423 0.22964124173435995768 0.11436528714875227042 0.00000000100000000000 0.06040531819756517207 0.08804708926153057003 0.04807402877636713506 0.30790376821961884524
117 117 (0) 4 : 0.00000000099999999998 0.48842098582740917090 0.00000000099999999998 0.00000000099999999998 0.00000000099999999998 0.51157900717259074952 0.00000000099999999998 0.00000000099999999998 0.00000000099999999998
118 118 (0) 4 : 0.00000000099999999997 0.00000000099999999997 0.00000000099999999997 0.75427637605367059415 0.00000000099999999997 0.24572361694632932627 0.00000000099999999997 0.00000000099999999997 0.00000000099999999997
119 119 (0) 4 : 0.00000000099999999997 0.00000000099999999997 0.43166909744523507264 0.00000000099999999997 0.56833089555476512533 0.00000000099999999997 0.00000000099999999997 0.00000000099999999997 0.00000000099999999997
120 120 (0) 4 : 0.00002351309148713399 0.32757687233884191791 0.00000000099999999999 0.00000000099999999999 0.00016035928623546374 0.00000000099999999999 0.00403667782430266499 0.37503536789543884256 0.29316720656369388287
121 121 (0) 4 : 0.00000000099999999989 0.00000000099999999989 0.00000000099999999989 0.00000000099999999989 0.00000000099999999989 0.00000000099999999989 0.00000000099999999989 0.00000000099999999989 0.99999999200000000421
122 122 (0) 4 : 0.00000000099999999990 0.00000000099999999990 0.00000000099999999990 0.00000000099999999990 0.00000000099999999990 0.00000000099999999990 0.99999999199999989319 0.00000000099999999990 0.00000000099999999990
123 123 (0) 4 : 0.00000000099999999992 0.00000000099999999992 0.00000000099999999992 0.00000000099999999992 0.00000000099999999992 0.00000000099999999992 0.00000000099999999992 0.99999999200000000421 0.00000000099999999992
124 124 (0) 4 : 0.00000000099999999992 0.00000000099999999992 0.00000000099999999992 0.00000000099999999992 0.00000000099999999992 0.00000000099999999992 0.99999999199999989319 0.00000000099999999992 0.00000000099999999992
125 125 (0) 5 : 0.18871138237154502781 0.09864534437483493678 0.16497766798763305318 0.00000000099999999999 0.16575351817252953479 0.21382426620123073935 0.16808781789222673742 0.00000000099999999999 0.00000000099999999999
126 126 (0) 5 : 0.00000000099999999998 0.00000000099999999998 0.00000000099999999998 0.00000000099999999998 0.00000000099999999998 0.00000000099999999998 0.00000000099999999998 0.63510953055709273851 0.36489046244290729293
127 127 (0) 5 : 0.00000000099999999988 0.00000000099999999988 0.00000000099999999988 0.99999999200000011523 0.00000000099999999988 0.00000000099999999988 0.00000000099999999988 0.00000000099999999988 0.00000000099999999988
128 128 (0) 5 : 0.00000000406990088796 0.00000000099999999999 0.33806445956679970211 0.20629064585693915324 0.16852846974642951561 0.00000000099999999999 0.21511437409910158514 0.07200204366082925411 0.00000000099999999999
129 129 (0) 5 : 0.00000000099999999992 0.00000000099999999992 0.00000000099999999992 0.00000000099999999992 0.99999999200000000421 0.00000000099999999992 0.00000000099999999992 0.00000000099999999992 0.00000000099999999992
130 130 (0) 5 : 0.16322133495278082216 0.19065013866262403575 0.00000000100000000000 0.12480130100649676483 0.28535516617500411574 0.00000018811562641219 0.23597186808746786757 0.00000000100000000000 0.00000000100000000000
131 131 (0) 5 : 0.00000000099999999991 0.00000000099999999991 0.00000000099999999991 0.00000000099999999991 0.99999999200000011523 0.00000000099999999991 0.00000000099999999991 0.00000000099999999991 0.00000000099999999991
132 132 (0) 5 : 0.16259861081697182805 0.00000000204884579974 0.00000000099999999999 0.25174906654669010342 0.23577826313233754552 0.00000000099999999999 0.34987405345515482091 0.00000000099999999999 0.00000000099999999999
133 133 (0) 5 : 0.13822742904184506796 0.43662123810278113956 0.00000000100000000000 0.17995024407456169935 0.00000000100000000000 0.15995388301821139576 0.08524716811432658803 0.00000000100000000000 0.00000003464827412017
134 134 (0) 5 : 0.00000000099999999989 0.00000000099999999989 0.00000000099999999989 0.00000000099999999989 0.00000000099999999989 0.99999999200000011523 0.00000000099999999989 0.00000000099999999989 0.00000000099999999989
135 135 (0) 5 : 0.00000000099999999986 0.00000000099999999986 0.00000000099999999986 0.00000000099999999986 0.00000000099999999986 0.00000000099999999986 0.00000000099999999986 0.00000000099999999986 0.99999999200000000421
136 136 (0) 5 : 0.00000000099999999996 0.00000000099999999996 0.33016269465140662964 0.66983729834859351282 0.00000000099999999996 0.00000000099999999996 0.00000000099999999996 0.00000000099999999996 0.00000000099999999996
137 137 (0) 5 : 0.00000000099999999996 0.45054869556695015254 0.00000000099999999996 0.00000000099999999996 0.54945129743304998993 0.00000000099999999996 0.00000000099999999996 0.00000000099999999996 0.00000000099999999996
138 138 (0) 5 : 0.48275920312758058284 0.00000000099999999997 0.51724078987241961514 0.00000000099999999997 0.00000000099999999997 0.00000000099999999997 0.00000000099999999997 0.00000000099999999997 0.00000000099999999997
139 139 (0) 5 : 0.00001780250730153498 0.00000000102438927315 0.08929281745085468347 0.00042997275229603036 0.00000000099999999999 0.00000000099999999999 0.21812874352633909725 0.22741481851038719553 0.46471584222843220768
140 140 (0) 5 : 0.00000000099999999990 0.00000000099999999990 0.00000000099999999990 0.99999999200000000421 0.00000000099999999990 0.00000000099999999990 0.00000000099999999990 0.00000000099999999990 0.00000000099999999990
141 141 (0) 5 : 0.00000000099999999993 0.00000000099999999993 0.99999999200000000421 0.00000000099999999993 0.00000000099999999993 0.00000000099999999993 0.00000000099999999993 0.00000000099999999993 0.00000000099999999993
142 142 (0) 5 : 0.29416137020251142964 0.00000000100000000000 0.00000000100000000000 0.11861065705941148396 0.00000000100000000000 0.22540549285507271993 0.26060202278841682055 0.00000000100000000000 0.10122045309458754803
143 143 (0) 5 : 0.00000000099999999992 0.00000000099999999992 0.00000000099999999992 0.99999999200000000421 0.00000000099999999992 0.00000000099999999992 0.00000000099999999992 0.00000000099999999992 0.00000000099999999992
144 144 (0) 6 : 0.00000000100000000000 0.00000000100000000000 0.00336403558919226835 0.16131650885171774923 0.14753556277151885778 0.17420564472921615251 0.18673550219280685147 0.15426766894463475599 0.17257507492091339607
145 145 (0) 6 : 0.00000000099999999998 0.00000000099999999998 0.00020143883647466570 0.41456343926667515998 0.18471671423088548147 0.00000000099999999998 0.40051840266596472340 0.00000000099999999998 0.00000000099999999998
146 146 (0) 6 : 0.18778082492644071477 0.10463436356400893090 0.19167920316087172505 0.04228986978734276120 0.02939193285882123197 0.00000000100000000000 0.13007044716910862170 0.31415335653340598077 0.00000000100000000000
147 147 (0) 6 : 0.00000000099999999998 0.49926555210065920454 0.00000000099999999998 0.50073444089934071588 0.00000000099999999998 0.00000000099999999998 0.00000000099999999998 0.00000000099999999998 0.00000000099999999998
148 148 (0) 6 : 0.00000000099999999992 0.99999999200000011523 0.00000000099999999992 0.00000000099999999992 0.00000000099999999992 0.00000000099999999992 0.00000000099999999992 0.00000000099999999992 0.00000000099999999992
149 149 (0) 6 : 0.00000000099999999992 0.00000000099999999992 0.00000000099999999992 0.00000000099999999992 0.99999999200000011523 0.00000000099999999992 0.00000000099999999992 0.00000000099999999992 0.00000000099999999992
150 150 (0) 6 : 0.00205562865957651351 0.14883490536313598307 0.00000000099999999999 0.43786249441868330123 0.00000000099999999999 0.03539778760075801972 0.37584917995784627998 0.00000000099999999999 0.00000000099999999999
151 151 (0) 6 : 0.00000000099999999996 0.45212912980937630669 0.00000000099999999996 0.00000000099999999996 0.00000000099999999996 0.54787086319062361373 0.00000000099999999996 0.00000000099999999996 0.00000000099999999996
152 152 (0) 6 : 0.30097103788721002449 0.13529886420161138516 0.00000000100000000000 0.00000000100000000000 0.07647101651122373278 0.16076727269925816799 0.08021399283711300177 0.00000000100000000000 0.24627781286358371715
153 153 (0) 6 : 0.00000000099999999990 0.00000000099999999990 0.99999999200000000421 0.00000000099999999990 0.00000000099999999990 0.00000000099999999990 0.00000000099999999990 0.00000000099999999990 0.00000000099999999990
154 154 (0) 6 : 0.05395479240855301922 0.25505445592633341212 0.00000000100000000000 0.25149355652248145399 0.22214575126756824774 0.00009505196513791743 0.20333788798463187097 0.01391850192529411716 0.00000000100000000000
155 155 (0) 6 : 0.99999999200000022626 0.00000000099999999991 0.00000000099999999991 0.00000000099999999991 0.00000000099999999991 0.00000000099999999991 0.00000000099999999991 0.00000000099999999991 0.00000000099999999991
156 156 (0) 6 : 0.04956973525499486222 0.00000000099999999999 0.06692288401987689372 0.31114322214760004037 0.15483518452220532136 0.00079608757001592022 0.00000000099999999999 0.26039612670326223176 0.15633675778204481066
157 157 (0) 6 : 0.00000000100000000000 0.16670116040191523821 0.40861235002598772503 0.00376151976199458468 0.20536292280109422204 0.14778980638628394506 0.00000000100000000000 0.06735948905097383088 0.00041274957175079402
158 158 (0) 6 : 0.00000000099999999993 0.00000000099999999993 0.00000000099999999993 0.00000000099999999993 0.00000000099999999993 0.00000000099999999993 0.00000000099999999993 0.99999999199999989319 0.00000000099999999993
159 159 (0) 6 : 0.00000000651550411592 0.17566684937590645865 0.12229551391461356002 0.23940211237547318057 0.19390277095200400548 0.06629055816452660010 0.04954800024023314070 0.02873907013815004199 0.12415511832358873401
160 160 (0) 6 : 0.00000000099999999989 0.00000000099999999989 0.99999999200000011523 0.00000000099999999989 0.00000000099999999989 0.00000000099999999989 0.00000000099999999989 0.00000000099999999989 0.00000000099999999989
161 161 (0) 6 : 0.17057090232925090079 0.00006332785213737253 0.03598011473922264197 0.19937946865787922746 0.17024501295409960600 0.08035934234947898769 0.14272459077832314045 0.00000000100000000000 0.20067723933960809890
162 162 (0) 6 : 0.00000000099999999994 0.99999999200000022626 0.00000000099999999994 0.00000000099999999994 0.00000000099999999994 0.00000000099999999994 0.00000000099999999994 0.00000000099999999994 0.00000000099999999994
163 163 (0) 6 : 0.00003443490274282332 0.00000000099999999998 0.00000000099999999998 0.49252904869729674520 0.00000000099999999998 0.00000000099999999998 0.00000000099999999998 0.50743651039996029439 0.00000000099999999998
164 164 (0) 6 : 0.17070031754021786075 0.00000000100000000000 0.30340801059472805035 0.09889265669173011308 0.00000000100000000000 0.00000000100000000000 0.00000000100000000000 0.12957144391651084780 0.29742756725681329666
165 165 (0) 6 : 0.28253955589584595076 0.05059786870226281458 0.26688982014341416926 0.00000000099999999999 0.00000000099999999999 0.19038122364507975570 0.00000000099999999999 0.00000000099999999999 0.20959152761339758242
166 166 (0) 6 : 0.22072306627968443782 0.36812378787343669195 0.10030198300674185441 0.00000000099999999999 0.31085115784013706008 0.00000000099999999999 0.00000000099999999999 0.00000000099999999999 0.00000000099999999999
167 167 (0) 6 : 0.00000000099999999999 0.00000000099999999999 0.25880809033520685292 0.39218702966163809798 0.00000000099999999999 0.00000437795465445174 0.19831781281171598219 0.15068268523678463033 0.00000000099999999999
168 168 (0) 6 : 0.00000000099999999997 0.00000000099999999997 0.00000000099999999997 0.00000000099999999997 0.00000000099999999997 0.00000000099999999997 0.68241182582782511368 0.31758816717217469572 0.00000000099999999997
169 169 (0) 6 : 0.00000000099999999999 0.00000000099999999999 0.00000000099999999999 0.34617713693478441295 0.00000000099999999999 0.00000000099999999999 0.38033876761955487389 0.00000000422966580347 0.27348408621599479273
170 170 (0) 6 : 0.00000000099999999998 0.00000000099999999998 0.00000000099999999998 0.00000000099999999998 0.30340312561819399173 0.00000000099999999998 0.17007755941905750019 0.00000000099999999998 0.52651930896274834470
171 171 (0) 6 : 0.00000000099999999995 0.00000000099999999995 0.00000000099999999995 0.00000000099999999995 0.00000000099999999995 0.00000000099999999995 0.00000000099999999995 0.99999999200000000421 0.00000000099999999995
172 172 (0) 4 : 0.57801428229415641180 0.00000000099999999998 0.00000000099999999998 0.00000000099999999998 0.00000000099999999998 0.00000000099999999998 0.42198571070584373066 0.00000000099999999998 0.00000000099999999998
173 173 (0) 4 : 0.00000000099999999999 0.27971464303839727039 0.07560140023321336444 0.00000000099999999999 0.00000000099999999999 0.21751076438074529174 0.00000000099999999999 0.00000000099999999999 0.42717318734764403443
174 174 (0) 7 : 0.00000000099999999998 0.50687199062957899454 0.15633454496792772992 0.00076563956367228997 0.33602781983882112904 0.00000000099999999998 0.00000000099999999998 0.00000000099999999998 0.00000000099999999998
175 175 (0) 7 : 0.99999999200000011523 0.00000000099999999987 0.00000000099999999987 0.00000000099999999987 0.00000000099999999987 0.00000000099999999987 0.00000000099999999987 0.00000000099999999987 0.00000000099999999987
176 176 (0) 7 : 0.11719246192839738452 0.19675280264901787164 0.00000000100000000000 0.29327226554731355979 0.27738422214911612196 0.00000000100000000000 0.00000000100000000000 0.11539824372615507808 0.00000000100000000000
177 177 (0) 7 : 0.20716805106316610319 0.09816179564212773601 0.26582850498461041422 0.00000000100000000000 0.13109333778198214993 0.18322620875964110154 0.11433785665352906580 0.00018424311494355717 0.00000000100000000000
178 178 (0) 7 : 0.34057620814152933519 0.00000000099999999999 0.00000000099999999999 0.00000000099999999999 0.36432754299999386971 0.00000000099999999999 0.00000000099999999999 0.29463566271242097594 0.00046058114605594983
179 179 (0) 7 : 0.38434113089603755276 0.61565886210396258971 0.00000000099999999998 0.00000000099999999998 0.00000000099999999998 0.00000000099999999998 0.00000000099999999998 0.00000000099999999998 0.00000000099999999998
180 180 (0) 7 : 0.00000000099999999999 0.47371751842410486644 0.06984919561594077342 0.00000000099999999999 0.12108726207252316909 0.00000000099999999999 0.07587563140337831580 0.25947038848405301614 0.00000000099999999999
181 181 (0) 7 : 0.00000000099999999999 0.00000000099999999999 0.00000000099999999999 0.21384568603350975757 0.04285315269724979809 0.00000000099999999999 0.22424484314844519983 0.32431622182913194541 0.19474009229166319712
182 182 (0) 7 : 0.00000151075592747453 0.06603091069647110123 0.00000000100000000000 0.14412375255147091835 0.15038606031782048023 0.37678532979608231335 0.00000000100000000000 0.06662841895178450713 0.19604401493044318339
183 183 (0) 7 : 0.00000000099999999993 0.00000000099999999993 0.00000000099999999993 0.99999999200000011523 0.00000000099999999993 0.00000000099999999993 0.00000000099999999993 0.00000000099999999993 0.00000000099999999993
184 184 (0) 7 : 0.00000000099999999999 0.42884405650558360401 0.00000000099999999999 0.17960324737734617573 0.00000000099999999999 0.26347882167325592517 0.12807386917864096998 0.00000000126517323306 0.00000000099999999999
185 185 (0) 7 : 0.00000000099999999997 0.00000000099999999997 0.60687337277471364860 0.00000000099999999997 0.00000000099999999997 0.00000000099999999997 0.00000000099999999997 0.39312662022528643835 0.00000000099999999997
186 186 (0) 7 : 0.01071726163980143455 0.18331520604596537871 0.12670747415696845262 0.16115911372201727203 0.27426106349078110958 0.00000000100000000000 0.14349992707114350710 0.05671097047282054604 0.04362898240050246818
187 187 (0) 7 : 0.00000000099999999999 0.00000000099999999999 0.28057354349241681035 0.35426897112658983779 0.00000000099999999999 0.00000000099999999999 0.00000000099999999999 0.00000000099999999999 0.36515747938099352154
188 188 (0) 7 : 0.00000000099999999998 0.18394152012918357775 0.00000000099999999998 0.00000000099999999998 0.26662572685890295610 0.00000000099999999998 0.00000000099999999998 0.12485325554299675499 0.42457949246891657502
189 189 (0) 7 : 0.00000000099999999998 0.61325925833334893333 0.00000000099999999998 0.00000000099999999998 0.00000000099999999998 0.00000000099999999998 0.38674073464636543607 0.00000000099999999998 0.00000000102028573880
190 190 (0) 7 : 0.00000000099999999999 0.00000000099999999999 0.37223501677588138881 0.00000000099999999999 0.11925428152618533506 0.00000000099999999999 0.28984181148615772994 0.00000000099999999999 0.21866888521177546556
191 191 (0) 7 : 0.00000037700693145159 0.25411225361467054684 0.00000000099999999999 0.07454797160574036519 0.00000000099999999999 0.15760503079433385576 0.27083945775499618236 0.00000000099999999999 0.24289490622332743364
192 192 (0) 7 : 0.99999999200000011523 0.00000000099999999991 0.00000000099999999991 0.00000000099999999991 0.00000000099999999991 0.00000000099999999991 0.00000000099999999991 0.00000000099999999991 0.00000000099999999991
193 193 (0) 7 : 0.00000000099999999999 0.00023499919616942869 0.00000000099999999999 0.06743275362799090733 0.23083671865947738566 0.36672595340639818629 0.17104223543689409115 0.16372733667306996197 0.00000000099999999999
194 194 (0) 7 : 0.00000000099999999998 0.00000000099999999998 0.00000000099999999998 0.61226574414123124956 0.38773424885876883739 0.00000000099999999998 0.00000000099999999998 0.00000000099999999998 0.00000000099999999998
195 195 (0) 7 : 0.33332883006832203510 0.15126143174373080091 0.00000000099999999999 0.00000000099999999999 0.12839920114331976331 0.13627880200218905893 0.06503928399368974489 0.18569244804874832089 0.00000000099999999999
196 196 (0) 7 : 0.24512120916180529795 0.45039260294703803433 0.00000000099999999998 0.00000000099999999998 0.00000000099999999998 0.00001058665151615872 0.00000000099999999998 0.00000000099999999998 0.30447559623964082220
197 197 (0) 7 : 0.00000000099999999991 0.00000000099999999991 0.00000000099999999991 0.00000000099999999991 0.00000000099999999991 0.00000000099999999991 0.99999999199999989319 0.00000000099999999991 0.00000000099999999991
198 198 (0) 7 : 0.07904812770037836223 0.00007132473814396434 0.00000000099999999999 0.00000000099999999999 0.28238938064290475261 0.15308418925180131143 0.00001180815767021174 0.16777069278255982154 0.31762447472654159464
199 199 (0) 7 : 0.17215184732061644679 0.22812494366408853086 0.00000001159280032121 0.00000000100000000000 0.00000000100000000000 0.31516821722842980336 0.10851371066080475747 0.00000000100000000000 0.17604126653326018781
200 200 (0) 7 : 0.00000000099999999999 0.44643586481079761130 0.00000000099999999999 0.00289142604446332007 0.00000000099999999999 0.26872612191509687163 0.00000000099999999999 0.00029039466178096447 0.28165618856786134305
201 201 (0) 7 : 0.00000000099999999989 0.00000000099999999989 0.00000000099999999989 0.00000000099999999989 0.00000000099999999989 0.99999999200000011523 0.00000000099999999989 0.00000000099999999989 0.00000000099999999989
202 202 (0) 7 : 0.18951546685898126854 0.12201803322651243178 0.00000000099999999999 0.17465777174132604554 0.12429298174398911714 0.30872702755234221472 0.00000000099999999999 0.00000000099999999999 0.08078871587684893774
203 203 (0) 7 : 0.13927832973732942601 0.00918404749267756788 0.12791313778895907483 0.09838872674596531309 0.27836531307765144394 0.00000007234310099641 0.24154916971243323154 0.00000000100000000000 0.10532120210188315734
