1.0000	0.4801	0.4665	0.4946	0.4902	0.4474	0.4474	0.4471	0.4801	0.4801	0.4801	0.4727	0.4801	0.4512	0.4733	0.4269	0.4429	0.4480	0.4665	0.4801
0.4801	1.0000	0.5218	0.5281	0.5025	0.4718	0.4718	0.4469	1.0000	1.0000	1.0000	0.4567	1.0000	0.5151	0.4854	0.4622	0.4944	0.5239	0.5218	1.0000
0.4665	0.5218	1.0000	0.4979	0.4767	0.4648	0.4648	0.4137	0.5218	0.5218	0.5218	0.4702	0.5218	0.4705	0.4248	0.4565	0.4557	0.4862	1.0000	0.5218
0.4946	0.5281	0.4979	1.0000	0.5242	0.4702	0.4702	0.4383	0.5281	0.5281	0.5281	0.4873	0.5281	0.4820	0.4581	0.4534	0.4878	0.4967	0.4979	0.5281
0.4902	0.5025	0.4767	0.5242	1.0000	0.4773	0.4773	0.4834	0.5025	0.5025	0.5025	0.4646	0.5025	0.4508	0.4826	0.4532	0.4790	0.4903	0.4767	0.5025
0.4474	0.4718	0.4648	0.4702	0.4773	1.0000	1.0000	0.4341	0.4718	0.4718	0.4718	0.4421	0.4718	0.4408	0.4480	0.4388	0.4476	0.5014	0.4648	0.4718
0.4474	0.4718	0.4648	0.4702	0.4773	1.0000	1.0000	0.4341	0.4718	0.4718	0.4718	0.4421	0.4718	0.4408	0.4480	0.4388	0.4476	0.5014	0.4648	0.4718
0.4471	0.4469	0.4137	0.4383	0.4834	0.4341	0.4341	1.0000	0.4469	0.4469	0.4469	0.4835	0.4469	0.3991	0.4871	0.4226	0.4515	0.4450	0.4137	0.4469
0.4801	1.0000	0.5218	0.5281	0.5025	0.4718	0.4718	0.4469	1.0000	1.0000	1.0000	0.4567	1.0000	0.5151	0.4854	0.4622	0.4944	0.5239	0.5218	1.0000
0.4801	1.0000	0.5218	0.5281	0.5025	0.4718	0.4718	0.4469	1.0000	1.0000	1.0000	0.4567	1.0000	0.5151	0.4854	0.4622	0.4944	0.5239	0.5218	1.0000
0.4801	1.0000	0.5218	0.5281	0.5025	0.4718	0.4718	0.4469	1.0000	1.0000	1.0000	0.4567	1.0000	0.5151	0.4854	0.4622	0.4944	0.5239	0.5218	1.0000
0.4727	0.4567	0.4702	0.4873	0.4646	0.4421	0.4421	0.4835	0.4567	0.4567	0.4567	1.0000	0.4567	0.4376	0.4832	0.4555	0.4440	0.4388	0.4702	0.4567
0.4801	1.0000	0.5218	0.5281	0.5025	0.4718	0.4718	0.4469	1.0000	1.0000	1.0000	0.4567	1.0000	0.5151	0.4854	0.4622	0.4944	0.5239	0.5218	1.0000
0.4512	0.5151	0.4705	0.4820	0.4508	0.4408	0.4408	0.3991	0.5151	0.5151	0.5151	0.4376	0.5151	1.0000	0.4762	0.4634	0.4679	0.4908	0.4705	0.5151
0.4733	0.4854	0.4248	0.4581	0.4826	0.4480	0.4480	0.4871	0.4854	0.4854	0.4854	0.4832	0.4854	0.4762	1.0000	0.4762	0.4628	0.4583	0.4248	0.4854
0.4269	0.4622	0.4565	0.4534	0.4532	0.4388	0.4388	0.4226	0.4622	0.4622	0.4622	0.4555	0.4622	0.4634	0.4762	1.0000	0.4716	0.4539	0.4565	0.4622
0.4429	0.4944	0.4557	0.4878	0.4790	0.4476	0.4476	0.4515	0.4944	0.4944	0.4944	0.4440	0.4944	0.4679	0.4628	0.4716	1.0000	0.4911	0.4557	0.4944
0.4480	0.5239	0.4862	0.4967	0.4903	0.5014	0.5014	0.4450	0.5239	0.5239	0.5239	0.4388	0.5239	0.4908	0.4583	0.4539	0.4911	1.0000	0.4862	0.5239
0.4665	0.5218	1.0000	0.4979	0.4767	0.4648	0.4648	0.4137	0.5218	0.5218	0.5218	0.4702	0.5218	0.4705	0.4248	0.4565	0.4557	0.4862	1.0000	0.5218
0.4801	1.0000	0.5218	0.5281	0.5025	0.4718	0.4718	0.4469	1.0000	1.0000	1.0000	0.4567	1.0000	0.5151	0.4854	0.4622	0.4944	0.5239	0.5218	1.0000
