-------------------------------------------------------------------------------
 L       Percentage of nodes in the largest component
 D       Percentage of nodes in components of size at most 3 [-div option]
 R       Percentage of nodes not in L or D: 100 - L -D
 S       Percentage of nodes that are singletons
 E       Fraction of edges retained (input graph has 380)
 cce     Expected size of component, nodewise [ sum(sz^2) / sum^2(sz) ]
 EW      Edge weight traits (mean, median and IQR)
 ND      Node degree traits [mean, median and IQR]
 CCF     Clustering coefficient (scale 1-100)
 eff     Induced component efficiency relative to start graph (scale 1-1000)
Total number of nodes: 20
----------------------------------------------------------------------------------------------
  L   D   R   S     E     cce  EWmean   EWmed   EWiqr  NDmean   NDmed  NDiqr CCF  eff  Cutoff 
----------------------------------------------------------------------------------------------
 70  30   0  30 0.295      10    0.66    0.52    0.48     5.6     7.5   11.5   -    -     0.50
 60  40   0  30 0.253       8    0.69    0.52    0.48     4.8     6.5   10.5   -    -     0.51
 55  45   0  35 0.221       7    0.72    0.53    0.48     4.2     3.5    9.5   -    -     0.52
 30  70   0  50 0.089       3    1.00    1.00    0.00     1.7     0.5    5.5   -    -     0.53
 30  70   0  50 0.089       3    1.00    1.00    0.00     1.7     0.5    5.5   -    -     0.54
 30  70   0  50 0.089       3    1.00    1.00    0.00     1.7     0.5    5.5   -    -     0.55
 30  70   0  50 0.089       3    1.00    1.00    0.00     1.7     0.5    5.5   -    -     0.56
 30  70   0  50 0.089       3    1.00    1.00    0.00     1.7     0.5    5.5   -    -     0.57
 30  70   0  50 0.089       3    1.00    1.00    0.00     1.7     0.5    5.5   -    -     0.58
 30  70   0  50 0.089       3    1.00    1.00    0.00     1.7     0.5    5.5   -    -     0.59
 30  70   0  50 0.089       3    1.00    1.00    0.00     1.7     0.5    5.5   -    -     0.60
 30  70   0  50 0.089       3    1.00    1.00    0.00     1.7     0.5    5.5   -    -     0.61
 30  70   0  50 0.089       3    1.00    1.00    0.00     1.7     0.5    5.5   -    -     0.62
 30  70   0  50 0.089       3    1.00    1.00    0.00     1.7     0.5    5.5   -    -     0.63
 30  70   0  50 0.089       3    1.00    1.00    0.00     1.7     0.5    5.5   -    -     0.64
 30  70   0  50 0.089       3    1.00    1.00    0.00     1.7     0.5    5.5   -    -     0.65
 30  70   0  50 0.089       3    1.00    1.00    0.00     1.7     0.5    5.5   -    -     0.66
 30  70   0  50 0.089       3    1.00    1.00    0.00     1.7     0.5    5.5   -    -     0.67
 30  70   0  50 0.089       3    1.00    1.00    0.00     1.7     0.5    5.5   -    -     0.68
 30  70   0  50 0.089       3    1.00    1.00    0.00     1.7     0.5    5.5   -    -     0.69
 30  70   0  50 0.089       3    1.00    1.00    0.00     1.7     0.5    5.5   -    -     0.70
 30  70   0  50 0.089       3    1.00    1.00    0.00     1.7     0.5    5.5   -    -     0.71
 30  70   0  50 0.089       3    1.00    1.00    0.00     1.7     0.5    5.5   -    -     0.72
 30  70   0  50 0.089       3    1.00    1.00    0.00     1.7     0.5    5.5   -    -     0.73
 30  70   0  50 0.089       3    1.00    1.00    0.00     1.7     0.5    5.5   -    -     0.74
 30  70   0  50 0.089       3    1.00    1.00    0.00     1.7     0.5    5.5   -    -     0.75
 30  70   0  50 0.089       3    1.00    1.00    0.00     1.7     0.5    5.5   -    -     0.76
 30  70   0  50 0.089       3    1.00    1.00    0.00     1.7     0.5    5.5   -    -     0.77
 30  70   0  50 0.089       3    1.00    1.00    0.00     1.7     0.5    5.5   -    -     0.78
 30  70   0  50 0.089       3    1.00    1.00    0.00     1.7     0.5    5.5   -    -     0.79
 30  70   0  50 0.089       3    1.00    1.00    0.00     1.7     0.5    5.5   -    -     0.80
 30  70   0  50 0.089       3    1.00    1.00    0.00     1.7     0.5    5.5   -    -     0.81
 30  70   0  50 0.089       3    1.00    1.00    0.00     1.7     0.5    5.5   -    -     0.82
 30  70   0  50 0.089       3    1.00    1.00    0.00     1.7     0.5    5.5   -    -     0.83
 30  70   0  50 0.089       3    1.00    1.00    0.00     1.7     0.5    5.5   -    -     0.84
 30  70   0  50 0.089       3    1.00    1.00    0.00     1.7     0.5    5.5   -    -     0.85
 30  70   0  50 0.089       3    1.00    1.00    0.00     1.7     0.5    5.5   -    -     0.86
 30  70   0  50 0.089       3    1.00    1.00    0.00     1.7     0.5    5.5   -    -     0.87
 30  70   0  50 0.089       3    1.00    1.00    0.00     1.7     0.5    5.5   -    -     0.88
 30  70   0  50 0.089       3    1.00    1.00    0.00     1.7     0.5    5.5   -    -     0.89
 30  70   0  50 0.089       3    1.00    1.00    0.00     1.7     0.5    5.5   -    -     0.90
 30  70   0  50 0.089       3    1.00    1.00    0.00     1.7     0.5    5.5   -    -     0.91
 30  70   0  50 0.089       3    1.00    1.00    0.00     1.7     0.5    5.5   -    -     0.92
 30  70   0  50 0.089       3    1.00    1.00    0.00     1.7     0.5    5.5   -    -     0.93
 30  70   0  50 0.089       3    1.00    1.00    0.00     1.7     0.5    5.5   -    -     0.94
 30  70   0  50 0.089       3    1.00    1.00    0.00     1.7     0.5    5.5   -    -     0.95
 30  70   0  50 0.089       3    1.00    1.00    0.00     1.7     0.5    5.5   -    -     0.96
 30  70   0  50 0.089       3    1.00    1.00    0.00     1.7     0.5    5.5   -    -     0.97
 30  70   0  50 0.089       3    1.00    1.00    0.00     1.7     0.5    5.5   -    -     0.98
 30  70   0  50 0.089       3    1.00    1.00    0.00     1.7     0.5    5.5   -    -     0.99
---------------------------------------------------------------------------------------------
