1 1 (0) 1 : 0.44316530788840446942 0.55683469211159564161
2 2 (0) 1 : 0.62054939362972461048 0.37945060637027544503
3 3 (0) 2 : 0.23467868560254032118 0.76532131439745976209
4 4 (0) 2 : 0.38540157808207209378 0.61459842191792801724
5 5 (0) 2 : 0.37920014456276401882 0.62079985543723603669
6 6 (0) 2 : 0.56323932173099167109 0.43676067826900832891
7 7 (0) 2 : 0.99999999900000002828 0.00000000100000000000
8 8 (0) 2 : 0.39893142750897997439 0.60106857249101997009
9 9 (0) 2 : 0.45674012144236758592 0.54325987855763235856
10 10 (0) 2 : 0.65060872909306355361 0.34939127090693644639
11 11 (0) 2 : 0.52095594297781577797 0.47904405702218427754
12 12 (0) 2 : 0.32302137304264533224 0.67697862695735466776
13 13 (0) 2 : 0.42266522805448997202 0.57733477194551008349
14 14 (0) 2 : 0.37591674402913594077 0.62408325597086400371
15 15 (0) 2 : 0.44668483818467830115 0.55331516181532180987
16 16 (0) 2 : 0.60481350112622656034 0.39518649887377343966
17 17 (0) 2 : 0.73586480830813716381 0.26413519169186283619
18 18 (0) 2 : 0.00308223026611015565 0.99691776973388979144
19 19 (0) 2 : 0.41552819102022237052 0.58447180897977768499
20 20 (0) 2 : 0.00000000100000000000 0.99999999900000002828
21 21 (0) 2 : 0.60419812398375527529 0.39580187601624472471
22 22 (0) 2 : 0.00000000100000000000 0.99999999900000002828
23 23 (0) 2 : 0.49158452843265126875 0.50841547156734878676
24 24 (0) 2 : 0.45249308149938666235 0.54750691850061328214
25 25 (0) 2 : 0.52818759791188574226 0.47181240208811420223
26 26 (0) 2 : 0.30016363083353320151 0.69983636916646685400
27 27 (0) 2 : 0.45514432606976229501 0.54485567393023770499
28 28 (0) 2 : 0.39101096749817437770 0.60898903250182567781
29 29 (0) 2 : 0.42771297310444017503 0.57228702689555988048
30 30 (0) 3 : 0.19876479996437415587 0.80123520003562587188
31 31 (0) 3 : 0.61024438896860078163 0.38975561103139916286
32 32 (0) 3 : 0.31848628142735574409 0.68151371857264431142
33 33 (0) 3 : 0.62854079423646325164 0.37145920576353674836
34 34 (0) 3 : 0.53480250271001261719 0.46519749728998738281
35 35 (0) 3 : 0.47186155106460736519 0.52813844893539274583
36 36 (0) 3 : 0.51153421404216603552 0.48846578595783390897
37 37 (0) 3 : 0.59914729646039222022 0.40085270353960772427
38 38 (0) 3 : 0.99999999900000002828 0.00000000100000000000
39 39 (0) 3 : 0.35871478428354491852 0.64128521571645513699
40 40 (0) 3 : 0.51828655428180958609 0.48171344571819046942
41 41 (0) 3 : 0.41682121981738690097 0.58317878018261315454
42 42 (0) 3 : 0.00000000100000000000 0.99999999900000002828
43 43 (0) 3 : 0.39246137169946715417 0.60753862830053284583
44 44 (0) 3 : 0.37475331974335113205 0.62524668025664875692
45 45 (0) 3 : 0.50750329591235365800 0.49249670408764639751
46 46 (0) 3 : 0.20680321017555444718 0.79319678982444541404
47 47 (0) 3 : 0.43630347429956839456 0.56369652570043160544
48 48 (0) 3 : 0.44377857279238069887 0.55622142720761935664
49 49 (0) 3 : 0.59058848370950367546 0.40941151629049626903
50 50 (0) 3 : 0.00000000100000000000 0.99999999900000002828
51 51 (0) 3 : 0.54285966237386618083 0.45714033762613381917
52 52 (0) 3 : 0.56017257967932132523 0.43982742032067867477
53 53 (0) 3 : 0.43406242014401175133 0.56593757985598835969
54 54 (0) 3 : 0.36896461442905703620 0.63103538557094307482
55 55 (0) 3 : 0.00000000100000000000 0.99999999900000002828
56 56 (0) 3 : 0.39598728353426165816 0.60401271646573839735
57 57 (0) 3 : 0.48561797151188440536 0.51438202848811565016
58 58 (0) 3 : 0.99999786869010975909 0.00000213130989023051
59 59 (0) 3 : 0.00000000100000000000 0.99999999900000002828
60 60 (0) 4 : 0.53832228129738557421 0.46167771870261431477
61 61 (0) 4 : 0.99999999900000002828 0.00000000100000000000
62 62 (0) 4 : 0.43090515322030020773 0.56909484677969979227
63 63 (0) 4 : 0.46133338876131935180 0.53866661123868064820
64 64 (0) 4 : 0.99999999900000002828 0.00000000100000000000
65 65 (0) 4 : 0.50675003899720327816 0.49324996100279683287
66 66 (0) 4 : 0.34626813174326542821 0.65373186825673446076
67 67 (0) 4 : 0.76905276207584938319 0.23094723792415061681
68 68 (0) 4 : 0.71230902717392508006 0.28769097282607486443
69 69 (0) 4 : 0.28073521096387543672 0.71926478903612467430
70 70 (0) 4 : 0.00000000100000000000 0.99999999900000002828
71 71 (0) 1 : 0.54287277001706835122 0.45712722998293164878
72 72 (0) 1 : 0.99999999900000002828 0.00000000100000000000
73 73 (0) 1 : 0.34813461691849156843 0.65186538308150854260
74 74 (0) 1 : 0.00384923570587704031 0.99615076429412297010
75 75 (0) 1 : 0.40930050261384887111 0.59069949738615112889
76 76 (0) 1 : 0.39237175356641790236 0.60762824643358215315
77 77 (0) 1 : 0.49827666794953889839 0.50172333205046104609
78 78 (0) 1 : 0.70678887002340928802 0.29321112997659071198
79 79 (0) 1 : 0.58663243832834643943 0.41336756167165350506
80 80 (0) 1 : 0.34554300966161027864 0.65445699033838977687
81 81 (0) 1 : 0.39188724337979674583 0.60811275662020325417
82 82 (0) 1 : 0.59883980532000047337 0.40116019467999958215
83 83 (0) 1 : 0.99999999900000002828 0.00000000100000000000
84 84 (0) 1 : 0.73306591683469612963 0.26693408316530392588
85 85 (0) 1 : 0.38257665384935279906 0.61742334615064720094
86 86 (0) 1 : 0.48412303374043186288 0.51587696625956813712
87 87 (0) 1 : 0.33064385010192626213 0.66935614989807379338
88 88 (0) 1 : 0.53166917348581599345 0.46833082651418406206
89 89 (0) 1 : 0.25807568178633644163 0.74192431821366366940
90 90 (0) 1 : 0.44070476194230934208 0.55929523805769065792
91 91 (0) 1 : 0.99999999900000002828 0.00000000100000000000
92 92 (0) 1 : 0.27625432056150894811 0.72374567943849110740
93 93 (0) 1 : 0.30392917761356091910 0.69607082238643913641
94 94 (0) 1 : 0.38115980687559797291 0.61884019312440197158
95 95 (0) 1 : 0.46909775018940153002 0.53090224981059852549
96 96 (0) 1 : 0.54821031899077188321 0.45178968100922817230
97 97 (0) 1 : 0.55571863639782270727 0.44428136360217723722
98 98 (0) 1 : 0.45353865140359805874 0.54646134859640183024
99 99 (0) 4 : 0.56041469575586233542 0.43958530424413777560
100 100 (0) 4 : 0.32010928894844276060 0.67989071105155729491
101 101 (0) 5 : 0.52871593937912253480 0.47128406062087752071
102 102 (0) 5 : 0.42346572455538061819 0.57653427544461943732
103 103 (0) 5 : 0.38498591263619147407 0.61501408736380847042
104 104 (0) 5 : 0.59166611022002191245 0.40833388977997814306
105 105 (0) 5 : 0.99999999900000002828 0.00000000100000000000
106 106 (0) 4 : 0.00000000100000000000 0.99999999900000002828
107 107 (0) 4 : 0.64351771255477041578 0.35648228744522969524
108 108 (0) 4 : 0.42492234592297362106 0.57507765407702637894
109 109 (0) 4 : 0.51024518608848123957 0.48975481391151876043
110 110 (0) 4 : 0.34153998415030090152 0.65846001584969915399
111 111 (0) 5 : 0.99999999604546507825 0.00000000395453500767
112 112 (0) 5 : 0.63204949227508333554 0.36795050772491677549
113 113 (0) 5 : 0.54358812246567811410 0.45641187753432183039
114 114 (0) 5 : 0.33703569054451798515 0.66296430945548190383
115 115 (0) 5 : 0.00000000100000000000 0.99999999900000002828
116 116 (0) 5 : 0.24893225916241490392 0.75106774083758509608
117 117 (0) 4 : 0.99999999900000002828 0.00000000100000000000
118 118 (0) 4 : 0.38625019503773500018 0.61374980496226494431
119 119 (0) 4 : 0.48724263273552143039 0.51275736726447851410
120 120 (0) 4 : 0.53360950607811663549 0.46639049392188330900
121 121 (0) 4 : 0.00000000100000000000 0.99999999900000002828
122 122 (0) 4 : 0.41151953411708114272 0.58848046588291880177
123 123 (0) 4 : 0.62516981865199638957 0.37483018134800366594
124 124 (0) 4 : 0.67258520328658688570 0.32741479671341316982
125 125 (0) 5 : 0.69940815056239846736 0.30059184943760164366
126 126 (0) 5 : 0.35665949234166144377 0.64334050765833850072
127 127 (0) 5 : 0.99999977569350873008 0.00000022430649128457
128 128 (0) 5 : 0.31673713032531325418 0.68326286967468674582
129 129 (0) 5 : 0.21439105264330790557 0.78560894735669195565
130 130 (0) 5 : 0.41424778694932601342 0.58575221305067404209
131 131 (0) 5 : 0.00000000100000000000 0.99999999900000002828
132 132 (0) 5 : 0.65323535763431339607 0.34676464236568665944
133 133 (0) 5 : 0.43499322581664368048 0.56500677418335631952
134 134 (0) 5 : 0.43019129162902280950 0.56980870837097719050
135 135 (0) 5 : 0.00000000100000000000 0.99999999900000002828
136 136 (0) 5 : 0.39080067435723631064 0.60919932564276380038
137 137 (0) 5 : 0.45780101603503153829 0.54219898396496846171
138 138 (0) 5 : 0.45562540434312953641 0.54437459565687040808
139 139 (0) 5 : 0.29154123721288577320 0.70845876278711417129
140 140 (0) 5 : 0.50068738772998522268 0.49931261227001472180
141 141 (0) 5 : 0.52829299347927882735 0.47170700652072111714
142 142 (0) 5 : 0.38974082772046181322 0.61025917227953829780
143 143 (0) 5 : 0.37691747712980511187 0.62308252287019483262
144 144 (0) 6 : 0.62182175963260777340 0.37817824036739233762
145 145 (0) 6 : 0.54756093807394345951 0.45243906192605665151
146 146 (0) 6 : 0.56986163718780269427 0.43013836281219736124
147 147 (0) 6 : 0.29670448075854677361 0.70329551924145317088
148 148 (0) 6 : 0.40618702380101495697 0.59381297619898498752
149 149 (0) 6 : 0.69259731261193746565 0.30740268738806253435
150 150 (0) 6 : 0.00000000100000000000 0.99999999900000002828
151 151 (0) 6 : 0.00000001254071880992 0.99999998745928109223
152 152 (0) 6 : 0.49882260810963219289 0.50117739189036780711
153 153 (0) 6 : 0.27736091162169984603 0.72263908837830026499
154 154 (0) 6 : 0.43190095788013860290 0.56809904211986150813
155 155 (0) 6 : 0.45966912701801571073 0.54033087298198423376
156 156 (0) 6 : 0.49526468267980133797 0.50473531732019871754
157 157 (0) 6 : 0.44846629528530551623 0.55153370471469453928
158 158 (0) 6 : 0.54244467719839262188 0.45755532280160748915
159 159 (0) 6 : 0.56311341452161789434 0.43688658547838216117
160 160 (0) 6 : 0.27849957651392887037 0.72150042348607124065
161 161 (0) 6 : 0.26971835314254277716 0.73028164685745722284
162 162 (0) 6 : 0.00000000100000000000 0.99999999900000002828
163 163 (0) 6 : 0.52766666433515296841 0.47233333566484703159
164 164 (0) 6 : 0.27581274993663623674 0.72418725006336370775
165 165 (0) 6 : 0.43906073004238899138 0.56093926995761100862
166 166 (0) 6 : 0.53966821796876474071 0.46033178203123514827
167 167 (0) 6 : 0.62878541384794062186 0.37121458615205943365
168 168 (0) 6 : 0.33388918139771633919 0.66611081860228371632
169 169 (0) 6 : 0.99999999900000002828 0.00000000100000000000
170 170 (0) 6 : 0.00000000100000000000 0.99999999900000002828
171 171 (0) 6 : 0.55736714612550541936 0.44263285387449463615
172 172 (0) 4 : 0.00000000100000000000 0.99999999900000002828
173 173 (0) 4 : 0.44254205925157275026 0.55745794074842724974
174 174 (0) 7 : 0.37794323831207193853 0.62205676168792811698
175 175 (0) 7 : 0.99999999900000002828 0.00000000100000000000
176 176 (0) 7 : 0.49153315707204631169 0.50846684292795374382
177 177 (0) 7 : 0.65299005788935882144 0.34700994211064128958
178 178 (0) 7 : 0.52792973226439365853 0.47207026773560639699
179 179 (0) 7 : 0.35718437903550703805 0.64281562096449296195
180 180 (0) 7 : 0.46706223014084208289 0.53293776985915786160
181 181 (0) 7 : 0.50044935822770930667 0.49955064177229063782
182 182 (0) 7 : 0.99950373903064959613 0.00049626096935033643
183 183 (0) 7 : 0.50389472381674427215 0.49610527618325578336
184 184 (0) 7 : 0.49390224490068007634 0.50609775509931997917
185 185 (0) 7 : 0.50377251924951538253 0.49622748075048456196
186 186 (0) 7 : 0.19160504339808376306 0.80839495660191629245
187 187 (0) 7 : 0.00000000100000000000 0.99999999900000002828
188 188 (0) 7 : 0.29787476548063185344 0.70212523451936825758
189 189 (0) 7 : 0.62824048602032256383 0.37175951397967743617
190 190 (0) 7 : 0.26999044444260017483 0.73000955555739976965
191 191 (0) 7 : 0.52150866951168417529 0.47849133048831576920
192 192 (0) 7 : 0.36982307704093697609 0.63017692295906291289
193 193 (0) 7 : 0.99999999900000002828 0.00000000100000000000
194 194 (0) 7 : 0.25941810323421360396 0.74058189676578634053
195 195 (0) 7 : 0.99999999900000002828 0.00000000100000000000
196 196 (0) 7 : 0.54162679244177869275 0.45837320755822136276
197 197 (0) 7 : 0.63557610201801229000 0.36442389798198765449
198 198 (0) 7 : 0.55054290884612144819 0.44945709115387860733
199 199 (0) 7 : 0.57856714860002644851 0.42143285139997360700
200 200 (0) 7 : 0.38356081969669253429 0.61643918030330746571
201 201 (0) 7 : 0.73183049127681865098 0.26816950872318140453
202 202 (0) 7 : 0.49382640291211604699 0.50617359708788400852
203 203 (0) 7 : 0.66908650296564842197 0.33091349703435152252
1 1 (0) 1 : 0.44316530788840446942 0.55683469211159564161
2 2 (0) 1 : 0.62054939362972461048 0.37945060637027544503
3 3 (0) 2 : 0.23467868560254032118 0.76532131439745976209
4 4 (0) 2 : 0.38540157808207209378 0.61459842191792801724
5 5 (0) 2 : 0.37920014456276401882 0.62079985543723603669
6 6 (0) 2 : 0.56323932173099167109 0.43676067826900832891
7 7 (0) 2 : 0.99999999900000002828 0.00000000100000000000
8 8 (0) 2 : 0.39893142750897997439 0.60106857249101997009
9 9 (0) 2 : 0.45674012144236758592 0.54325987855763235856
10 10 (0) 2 : 0.65060872909306355361 0.34939127090693644639
11 11 (0) 2 : 0.52095594297781577797 0.47904405702218427754
12 12 (0) 2 : 0.32302137304264533224 0.67697862695735466776
13 13 (0) 2 : 0.42266522805448997202 0.57733477194551008349
14 14 (0) 2 : 0.37591674402913594077 0.62408325597086400371
15 15 (0) 2 : 0.44668483818467830115 0.55331516181532180987
16 16 (0) 2 : 0.60481350112622656034 0.39518649887377343966
17 17 (0) 2 : 0.73586480830813716381 0.26413519169186283619
18 18 (0) 2 : 0.00308223026611015565 0.99691776973388979144
19 19 (0) 2 : 0.41552819102022237052 0.58447180897977768499
20 20 (0) 2 : 0.00000000100000000000 0.99999999900000002828
21 21 (0) 2 : 0.60419812398375527529 0.39580187601624472471
22 22 (0) 2 : 0.00000000100000000000 0.99999999900000002828
23 23 (0) 2 : 0.49158452843265126875 0.50841547156734878676
24 24 (0) 2 : 0.45249308149938666235 0.54750691850061328214
25 25 (0) 2 : 0.52818759791188574226 0.47181240208811420223
26 26 (0) 2 : 0.30016363083353320151 0.69983636916646685400
27 27 (0) 2 : 0.45514432606976229501 0.54485567393023770499
28 28 (0) 2 : 0.39101096749817437770 0.60898903250182567781
29 29 (0) 2 : 0.42771297310444017503 0.57228702689555988048
30 30 (0) 3 : 0.19876479996437415587 0.80123520003562587188
31 31 (0) 3 : 0.61024438896860078163 0.38975561103139916286
32 32 (0) 3 : 0.31848628142735574409 0.68151371857264431142
33 33 (0) 3 : 0.62854079423646325164 0.37145920576353674836
34 34 (0) 3 : 0.53480250271001261719 0.46519749728998738281
35 35 (0) 3 : 0.47186155106460736519 0.52813844893539274583
36 36 (0) 3 : 0.51153421404216603552 0.48846578595783390897
37 37 (0) 3 : 0.59914729646039222022 0.40085270353960772427
38 38 (0) 3 : 0.99999999900000002828 0.00000000100000000000
39 39 (0) 3 : 0.35871478428354491852 0.64128521571645513699
40 40 (0) 3 : 0.51828655428180958609 0.48171344571819046942
41 41 (0) 3 : 0.41682121981738690097 0.58317878018261315454
42 42 (0) 3 : 0.00000000100000000000 0.99999999900000002828
43 43 (0) 3 : 0.39246137169946715417 0.60753862830053284583
44 44 (0) 3 : 0.37475331974335113205 0.62524668025664875692
45 45 (0) 3 : 0.50750329591235365800 0.49249670408764639751
46 46 (0) 3 : 0.20680321017555444718 0.79319678982444541404
47 47 (0) 3 : 0.43630347429956839456 0.56369652570043160544
48 48 (0) 3 : 0.44377857279238069887 0.55622142720761935664
49 49 (0) 3 : 0.59058848370950367546 0.40941151629049626903
50 50 (0) 3 : 0.00000000100000000000 0.99999999900000002828
51 51 (0) 3 : 0.54285966237386618083 0.45714033762613381917
52 52 (0) 3 : 0.56017257967932132523 0.43982742032067867477
53 53 (0) 3 : 0.43406242014401175133 0.56593757985598835969
54 54 (0) 3 : 0.36896461442905703620 0.63103538557094307482
55 55 (0) 3 : 0.00000000100000000000 0.99999999900000002828
56 56 (0) 3 : 0.39598728353426165816 0.60401271646573839735
57 57 (0) 3 : 0.48561797151188440536 0.51438202848811565016
58 58 (0) 3 : 0.99999786869010975909 0.00000213130989023051
59 59 (0) 3 : 0.00000000100000000000 0.99999999900000002828
60 60 (0) 4 : 0.53832228129738557421 0.46167771870261431477
61 61 (0) 4 : 0.99999999900000002828 0.00000000100000000000
62 62 (0) 4 : 0.43090515322030020773 0.56909484677969979227
63 63 (0) 4 : 0.46133338876131935180 0.53866661123868064820
64 64 (0) 4 : 0.99999999900000002828 0.00000000100000000000
65 65 (0) 4 : 0.50675003899720327816 0.49324996100279683287
66 66 (0) 4 : 0.34626813174326542821 0.65373186825673446076
67 67 (0) 4 : 0.76905276207584938319 0.23094723792415061681
68 68 (0) 4 : 0.71230902717392508006 0.28769097282607486443
69 69 (0) 4 : 0.28073521096387543672 0.71926478903612467430
70 70 (0) 4 : 0.00000000100000000000 0.99999999900000002828
71 71 (0) 1 : 0.54287277001706835122 0.45712722998293164878
72 72 (0) 1 : 0.99999999900000002828 0.00000000100000000000
73 73 (0) 1 : 0.34813461691849156843 0.65186538308150854260
74 74 (0) 1 : 0.00384923570587704031 0.99615076429412297010
75 75 (0) 1 : 0.40930050261384887111 0.59069949738615112889
76 76 (0) 1 : 0.39237175356641790236 0.60762824643358215315
77 77 (0) 1 : 0.49827666794953889839 0.50172333205046104609
78 78 (0) 1 : 0.70678887002340928802 0.29321112997659071198
79 79 (0) 1 : 0.58663243832834643943 0.41336756167165350506
80 80 (0) 1 : 0.34554300966161027864 0.65445699033838977687
81 81 (0) 1 : 0.39188724337979674583 0.60811275662020325417
82 82 (0) 1 : 0.59883980532000047337 0.40116019467999958215
83 83 (0) 1 : 0.99999999900000002828 0.00000000100000000000
84 84 (0) 1 : 0.73306591683469612963 0.26693408316530392588
85 85 (0) 1 : 0.38257665384935279906 0.61742334615064720094
86 86 (0) 1 : 0.48412303374043186288 0.51587696625956813712
87 87 (0) 1 : 0.33064385010192626213 0.66935614989807379338
88 88 (0) 1 : 0.53166917348581599345 0.46833082651418406206
89 89 (0) 1 : 0.25807568178633644163 0.74192431821366366940
90 90 (0) 1 : 0.44070476194230934208 0.55929523805769065792
91 91 (0) 1 : 0.99999999900000002828 0.00000000100000000000
92 92 (0) 1 : 0.27625432056150894811 0.72374567943849110740
93 93 (0) 1 : 0.30392917761356091910 0.69607082238643913641
94 94 (0) 1 : 0.38115980687559797291 0.61884019312440197158
95 95 (0) 1 : 0.46909775018940153002 0.53090224981059852549
96 96 (0) 1 : 0.54821031899077188321 0.45178968100922817230
97 97 (0) 1 : 0.55571863639782270727 0.44428136360217723722
98 98 (0) 1 : 0.45353865140359805874 0.54646134859640183024
99 99 (0) 4 : 0.56041469575586233542 0.43958530424413777560
100 100 (0) 4 : 0.32010928894844276060 0.67989071105155729491
101 101 (0) 5 : 0.52871593937912253480 0.47128406062087752071
102 102 (0) 5 : 0.42346572455538061819 0.57653427544461943732
103 103 (0) 5 : 0.38498591263619147407 0.61501408736380847042
104 104 (0) 5 : 0.59166611022002191245 0.40833388977997814306
105 105 (0) 5 : 0.99999999900000002828 0.00000000100000000000
106 106 (0) 4 : 0.00000000100000000000 0.99999999900000002828
107 107 (0) 4 : 0.64351771255477041578 0.35648228744522969524
108 108 (0) 4 : 0.42492234592297362106 0.57507765407702637894
109 109 (0) 4 : 0.51024518608848123957 0.48975481391151876043
110 110 (0) 4 : 0.34153998415030090152 0.65846001584969915399
111 111 (0) 5 : 0.99999999604546507825 0.00000000395453500767
112 112 (0) 5 : 0.63204949227508333554 0.36795050772491677549
113 113 (0) 5 : 0.54358812246567811410 0.45641187753432183039
114 114 (0) 5 : 0.33703569054451798515 0.66296430945548190383
115 115 (0) 5 : 0.00000000100000000000 0.99999999900000002828
116 116 (0) 5 : 0.24893225916241490392 0.75106774083758509608
117 117 (0) 4 : 0.99999999900000002828 0.00000000100000000000
118 118 (0) 4 : 0.38625019503773500018 0.61374980496226494431
119 119 (0) 4 : 0.48724263273552143039 0.51275736726447851410
120 120 (0) 4 : 0.53360950607811663549 0.46639049392188330900
121 121 (0) 4 : 0.00000000100000000000 0.99999999900000002828
122 122 (0) 4 : 0.41151953411708114272 0.58848046588291880177
123 123 (0) 4 : 0.62516981865199638957 0.37483018134800366594
124 124 (0) 4 : 0.67258520328658688570 0.32741479671341316982
125 125 (0) 5 : 0.69940815056239846736 0.30059184943760164366
126 126 (0) 5 : 0.35665949234166144377 0.64334050765833850072
127 127 (0) 5 : 0.99999977569350873008 0.00000022430649128457
128 128 (0) 5 : 0.31673713032531325418 0.68326286967468674582
129 129 (0) 5 : 0.21439105264330790557 0.78560894735669195565
130 130 (0) 5 : 0.41424778694932601342 0.58575221305067404209
131 131 (0) 5 : 0.00000000100000000000 0.99999999900000002828
132 132 (0) 5 : 0.65323535763431339607 0.34676464236568665944
133 133 (0) 5 : 0.43499322581664368048 0.56500677418335631952
134 134 (0) 5 : 0.43019129162902280950 0.56980870837097719050
135 135 (0) 5 : 0.00000000100000000000 0.99999999900000002828
136 136 (0) 5 : 0.39080067435723631064 0.60919932564276380038
137 137 (0) 5 : 0.45780101603503153829 0.54219898396496846171
138 138 (0) 5 : 0.45562540434312953641 0.54437459565687040808
139 139 (0) 5 : 0.29154123721288577320 0.70845876278711417129
140 140 (0) 5 : 0.50068738772998522268 0.49931261227001472180
141 141 (0) 5 : 0.52829299347927882735 0.47170700652072111714
142 142 (0) 5 : 0.38974082772046181322 0.61025917227953829780
143 143 (0) 5 : 0.37691747712980511187 0.62308252287019483262
144 144 (0) 6 : 0.62182175963260777340 0.37817824036739233762
145 145 (0) 6 : 0.54756093807394345951 0.45243906192605665151
146 146 (0) 6 : 0.56986163718780269427 0.43013836281219736124
147 147 (0) 6 : 0.29670448075854677361 0.70329551924145317088
148 148 (0) 6 : 0.40618702380101495697 0.59381297619898498752
149 149 (0) 6 : 0.69259731261193746565 0.30740268738806253435
150 150 (0) 6 : 0.00000000100000000000 0.99999999900000002828
151 151 (0) 6 : 0.00000001254071880992 0.99999998745928109223
152 152 (0) 6 : 0.49882260810963219289 0.50117739189036780711
153 153 (0) 6 : 0.27736091162169984603 0.72263908837830026499
154 154 (0) 6 : 0.43190095788013860290 0.56809904211986150813
155 155 (0) 6 : 0.45966912701801571073 0.54033087298198423376
156 156 (0) 6 : 0.49526468267980133797 0.50473531732019871754
157 157 (0) 6 : 0.44846629528530551623 0.55153370471469453928
158 158 (0) 6 : 0.54244467719839262188 0.45755532280160748915
159 159 (0) 6 : 0.56311341452161789434 0.43688658547838216117
160 160 (0) 6 : 0.27849957651392887037 0.72150042348607124065
161 161 (0) 6 : 0.26971835314254277716 0.73028164685745722284
162 162 (0) 6 : 0.00000000100000000000 0.99999999900000002828
163 163 (0) 6 : 0.52766666433515296841 0.47233333566484703159
164 164 (0) 6 : 0.27581274993663623674 0.72418725006336370775
165 165 (0) 6 : 0.43906073004238899138 0.56093926995761100862
166 166 (0) 6 : 0.53966821796876474071 0.46033178203123514827
167 167 (0) 6 : 0.62878541384794062186 0.37121458615205943365
168 168 (0) 6 : 0.33388918139771633919 0.66611081860228371632
169 169 (0) 6 : 0.99999999900000002828 0.00000000100000000000
170 170 (0) 6 : 0.00000000100000000000 0.99999999900000002828
171 171 (0) 6 : 0.55736714612550541936 0.44263285387449463615
172 172 (0) 4 : 0.00000000100000000000 0.99999999900000002828
173 173 (0) 4 : 0.44254205925157275026 0.55745794074842724974
174 174 (0) 7 : 0.37794323831207193853 0.62205676168792811698
175 175 (0) 7 : 0.99999999900000002828 0.00000000100000000000
176 176 (0) 7 : 0.49153315707204631169 0.50846684292795374382
177 177 (0) 7 : 0.65299005788935882144 0.34700994211064128958
178 178 (0) 7 : 0.52792973226439365853 0.47207026773560639699
179 179 (0) 7 : 0.35718437903550703805 0.64281562096449296195
180 180 (0) 7 : 0.46706223014084208289 0.53293776985915786160
181 181 (0) 7 : 0.50044935822770930667 0.49955064177229063782
182 182 (0) 7 : 0.99950373903064959613 0.00049626096935033643
183 183 (0) 7 : 0.50389472381674427215 0.49610527618325578336
184 184 (0) 7 : 0.49390224490068007634 0.50609775509931997917
185 185 (0) 7 : 0.50377251924951538253 0.49622748075048456196
186 186 (0) 7 : 0.19160504339808376306 0.80839495660191629245
187 187 (0) 7 : 0.00000000100000000000 0.99999999900000002828
188 188 (0) 7 : 0.29787476548063185344 0.70212523451936825758
189 189 (0) 7 : 0.62824048602032256383 0.37175951397967743617
190 190 (0) 7 : 0.26999044444260017483 0.73000955555739976965
191 191 (0) 7 : 0.52150866951168417529 0.47849133048831576920
192 192 (0) 7 : 0.36982307704093697609 0.63017692295906291289
193 193 (0) 7 : 0.99999999900000002828 0.00000000100000000000
194 194 (0) 7 : 0.25941810323421360396 0.74058189676578634053
195 195 (0) 7 : 0.99999999900000002828 0.00000000100000000000
196 196 (0) 7 : 0.54162679244177869275 0.45837320755822136276
197 197 (0) 7 : 0.63557610201801229000 0.36442389798198765449
198 198 (0) 7 : 0.55054290884612144819 0.44945709115387860733
199 199 (0) 7 : 0.57856714860002644851 0.42143285139997360700
200 200 (0) 7 : 0.38356081969669253429 0.61643918030330746571
201 201 (0) 7 : 0.73183049127681865098 0.26816950872318140453
202 202 (0) 7 : 0.49382640291211604699 0.50617359708788400852
203 203 (0) 7 : 0.66908650296564842197 0.33091349703435152252
1 1 (0) 1 : 0.44316530788840446942 0.55683469211159564161
2 2 (0) 1 : 0.62054939362972461048 0.37945060637027544503
3 3 (0) 2 : 0.23467868560254032118 0.76532131439745976209
4 4 (0) 2 : 0.38540157808207209378 0.61459842191792801724
5 5 (0) 2 : 0.37920014456276401882 0.62079985543723603669
6 6 (0) 2 : 0.56323932173099167109 0.43676067826900832891
7 7 (0) 2 : 0.99999999900000002828 0.00000000100000000000
8 8 (0) 2 : 0.39893142750897997439 0.60106857249101997009
9 9 (0) 2 : 0.45674012144236758592 0.54325987855763235856
10 10 (0) 2 : 0.65060872909306355361 0.34939127090693644639
11 11 (0) 2 : 0.52095594297781577797 0.47904405702218427754
12 12 (0) 2 : 0.32302137304264533224 0.67697862695735466776
13 13 (0) 2 : 0.42266522805448997202 0.57733477194551008349
14 14 (0) 2 : 0.37591674402913594077 0.62408325597086400371
15 15 (0) 2 : 0.44668483818467830115 0.55331516181532180987
16 16 (0) 2 : 0.60481350112622656034 0.39518649887377343966
17 17 (0) 2 : 0.73586480830813716381 0.26413519169186283619
18 18 (0) 2 : 0.00308223026611015565 0.99691776973388979144
19 19 (0) 2 : 0.41552819102022237052 0.58447180897977768499
20 20 (0) 2 : 0.00000000100000000000 0.99999999900000002828
21 21 (0) 2 : 0.60419812398375527529 0.39580187601624472471
22 22 (0) 2 : 0.00000000100000000000 0.99999999900000002828
23 23 (0) 2 : 0.49158452843265126875 0.50841547156734878676
24 24 (0) 2 : 0.45249308149938666235 0.54750691850061328214
25 25 (0) 2 : 0.52818759791188574226 0.47181240208811420223
26 26 (0) 2 : 0.30016363083353320151 0.69983636916646685400
27 27 (0) 2 : 0.45514432606976229501 0.54485567393023770499
28 28 (0) 2 : 0.39101096749817437770 0.60898903250182567781
29 29 (0) 2 : 0.42771297310444017503 0.57228702689555988048
30 30 (0) 3 : 0.19876479996437415587 0.80123520003562587188
31 31 (0) 3 : 0.61024438896860078163 0.38975561103139916286
32 32 (0) 3 : 0.31848628142735574409 0.68151371857264431142
33 33 (0) 3 : 0.62854079423646325164 0.37145920576353674836
34 34 (0) 3 : 0.53480250271001261719 0.46519749728998738281
35 35 (0) 3 : 0.47186155106460736519 0.52813844893539274583
36 36 (0) 3 : 0.51153421404216603552 0.48846578595783390897
37 37 (0) 3 : 0.59914729646039222022 0.40085270353960772427
38 38 (0) 3 : 0.99999999900000002828 0.00000000100000000000
39 39 (0) 3 : 0.35871478428354491852 0.64128521571645513699
40 40 (0) 3 : 0.51828655428180958609 0.48171344571819046942
41 41 (0) 3 : 0.41682121981738690097 0.58317878018261315454
42 42 (0) 3 : 0.00000000100000000000 0.99999999900000002828
43 43 (0) 3 : 0.39246137169946715417 0.60753862830053284583
44 44 (0) 3 : 0.37475331974335113205 0.62524668025664875692
45 45 (0) 3 : 0.50750329591235365800 0.49249670408764639751
46 46 (0) 3 : 0.20680321017555444718 0.79319678982444541404
47 47 (0) 3 : 0.43630347429956839456 0.56369652570043160544
48 48 (0) 3 : 0.44377857279238069887 0.55622142720761935664
49 49 (0) 3 : 0.59058848370950367546 0.40941151629049626903
50 50 (0) 3 : 0.00000000100000000000 0.99999999900000002828
51 51 (0) 3 : 0.54285966237386618083 0.45714033762613381917
52 52 (0) 3 : 0.56017257967932132523 0.43982742032067867477
53 53 (0) 3 : 0.43406242014401175133 0.56593757985598835969
54 54 (0) 3 : 0.36896461442905703620 0.63103538557094307482
55 55 (0) 3 : 0.00000000100000000000 0.99999999900000002828
56 56 (0) 3 : 0.39598728353426165816 0.60401271646573839735
57 57 (0) 3 : 0.48561797151188440536 0.51438202848811565016
58 58 (0) 3 : 0.99999786869010975909 0.00000213130989023051
59 59 (0) 3 : 0.00000000100000000000 0.99999999900000002828
60 60 (0) 4 : 0.53832228129738557421 0.46167771870261431477
61 61 (0) 4 : 0.99999999900000002828 0.00000000100000000000
62 62 (0) 4 : 0.43090515322030020773 0.56909484677969979227
63 63 (0) 4 : 0.46133338876131935180 0.53866661123868064820
64 64 (0) 4 : 0.99999999900000002828 0.00000000100000000000
65 65 (0) 4 : 0.50675003899720327816 0.49324996100279683287
66 66 (0) 4 : 0.34626813174326542821 0.65373186825673446076
67 67 (0) 4 : 0.76905276207584938319 0.23094723792415061681
68 68 (0) 4 : 0.71230902717392508006 0.28769097282607486443
69 69 (0) 4 : 0.28073521096387543672 0.71926478903612467430
70 70 (0) 4 : 0.00000000100000000000 0.99999999900000002828
71 71 (0) 1 : 0.54287277001706835122 0.45712722998293164878
72 72 (0) 1 : 0.99999999900000002828 0.00000000100000000000
73 73 (0) 1 : 0.34813461691849156843 0.65186538308150854260
74 74 (0) 1 : 0.00384923570587704031 0.99615076429412297010
75 75 (0) 1 : 0.40930050261384887111 0.59069949738615112889
76 76 (0) 1 : 0.39237175356641790236 0.60762824643358215315
77 77 (0) 1 : 0.49827666794953889839 0.50172333205046104609
78 78 (0) 1 : 0.70678887002340928802 0.29321112997659071198
79 79 (0) 1 : 0.58663243832834643943 0.41336756167165350506
80 80 (0) 1 : 0.34554300966161027864 0.65445699033838977687
81 81 (0) 1 : 0.39188724337979674583 0.60811275662020325417
82 82 (0) 1 : 0.59883980532000047337 0.40116019467999958215
83 83 (0) 1 : 0.99999999900000002828 0.00000000100000000000
84 84 (0) 1 : 0.73306591683469612963 0.26693408316530392588
85 85 (0) 1 : 0.38257665384935279906 0.61742334615064720094
86 86 (0) 1 : 0.48412303374043186288 0.51587696625956813712
87 87 (0) 1 : 0.33064385010192626213 0.66935614989807379338
88 88 (0) 1 : 0.53166917348581599345 0.46833082651418406206
89 89 (0) 1 : 0.25807568178633644163 0.74192431821366366940
90 90 (0) 1 : 0.44070476194230934208 0.55929523805769065792
91 91 (0) 1 : 0.99999999900000002828 0.00000000100000000000
92 92 (0) 1 : 0.27625432056150894811 0.72374567943849110740
93 93 (0) 1 : 0.30392917761356091910 0.69607082238643913641
94 94 (0) 1 : 0.38115980687559797291 0.61884019312440197158
95 95 (0) 1 : 0.46909775018940153002 0.53090224981059852549
96 96 (0) 1 : 0.54821031899077188321 0.45178968100922817230
97 97 (0) 1 : 0.55571863639782270727 0.44428136360217723722
98 98 (0) 1 : 0.45353865140359805874 0.54646134859640183024
99 99 (0) 4 : 0.56041469575586233542 0.43958530424413777560
100 100 (0) 4 : 0.32010928894844276060 0.67989071105155729491
101 101 (0) 5 : 0.52871593937912253480 0.47128406062087752071
102 102 (0) 5 : 0.42346572455538061819 0.57653427544461943732
103 103 (0) 5 : 0.38498591263619147407 0.61501408736380847042
104 104 (0) 5 : 0.59166611022002191245 0.40833388977997814306
105 105 (0) 5 : 0.99999999900000002828 0.00000000100000000000
106 106 (0) 4 : 0.00000000100000000000 0.99999999900000002828
107 107 (0) 4 : 0.64351771255477041578 0.35648228744522969524
108 108 (0) 4 : 0.42492234592297362106 0.57507765407702637894
109 109 (0) 4 : 0.51024518608848123957 0.48975481391151876043
110 110 (0) 4 : 0.34153998415030090152 0.65846001584969915399
111 111 (0) 5 : 0.99999999604546507825 0.00000000395453500767
112 112 (0) 5 : 0.63204949227508333554 0.36795050772491677549
113 113 (0) 5 : 0.54358812246567811410 0.45641187753432183039
114 114 (0) 5 : 0.33703569054451798515 0.66296430945548190383
115 115 (0) 5 : 0.00000000100000000000 0.99999999900000002828
116 116 (0) 5 : 0.24893225916241490392 0.75106774083758509608
117 117 (0) 4 : 0.99999999900000002828 0.00000000100000000000
118 118 (0) 4 : 0.38625019503773500018 0.61374980496226494431
119 119 (0) 4 : 0.48724263273552143039 0.51275736726447851410
120 120 (0) 4 : 0.53360950607811663549 0.46639049392188330900
121 121 (0) 4 : 0.00000000100000000000 0.99999999900000002828
122 122 (0) 4 : 0.41151953411708114272 0.58848046588291880177
123 123 (0) 4 : 0.62516981865199638957 0.37483018134800366594
124 124 (0) 4 : 0.67258520328658688570 0.32741479671341316982
125 125 (0) 5 : 0.69940815056239846736 0.30059184943760164366
126 126 (0) 5 : 0.35665949234166144377 0.64334050765833850072
127 127 (0) 5 : 0.99999977569350873008 0.00000022430649128457
128 128 (0) 5 : 0.31673713032531325418 0.68326286967468674582
129 129 (0) 5 : 0.21439105264330790557 0.78560894735669195565
130 130 (0) 5 : 0.41424778694932601342 0.58575221305067404209
131 131 (0) 5 : 0.00000000100000000000 0.99999999900000002828
132 132 (0) 5 : 0.65323535763431339607 0.34676464236568665944
133 133 (0) 5 : 0.43499322581664368048 0.56500677418335631952
134 134 (0) 5 : 0.43019129162902280950 0.56980870837097719050
135 135 (0) 5 : 0.00000000100000000000 0.99999999900000002828
136 136 (0) 5 : 0.39080067435723631064 0.60919932564276380038
137 137 (0) 5 : 0.45780101603503153829 0.54219898396496846171
138 138 (0) 5 : 0.45562540434312953641 0.54437459565687040808
139 139 (0) 5 : 0.29154123721288577320 0.70845876278711417129
140 140 (0) 5 : 0.50068738772998522268 0.49931261227001472180
141 141 (0) 5 : 0.52829299347927882735 0.47170700652072111714
142 142 (0) 5 : 0.38974082772046181322 0.61025917227953829780
143 143 (0) 5 : 0.37691747712980511187 0.62308252287019483262
144 144 (0) 6 : 0.62182175963260777340 0.37817824036739233762
145 145 (0) 6 : 0.54756093807394345951 0.45243906192605665151
146 146 (0) 6 : 0.56986163718780269427 0.43013836281219736124
147 147 (0) 6 : 0.29670448075854677361 0.70329551924145317088
148 148 (0) 6 : 0.40618702380101495697 0.59381297619898498752
149 149 (0) 6 : 0.69259731261193746565 0.30740268738806253435
150 150 (0) 6 : 0.00000000100000000000 0.99999999900000002828
151 151 (0) 6 : 0.00000001254071880992 0.99999998745928109223
152 152 (0) 6 : 0.49882260810963219289 0.50117739189036780711
153 153 (0) 6 : 0.27736091162169984603 0.72263908837830026499
154 154 (0) 6 : 0.43190095788013860290 0.56809904211986150813
155 155 (0) 6 : 0.45966912701801571073 0.54033087298198423376
156 156 (0) 6 : 0.49526468267980133797 0.50473531732019871754
157 157 (0) 6 : 0.44846629528530551623 0.55153370471469453928
158 158 (0) 6 : 0.54244467719839262188 0.45755532280160748915
159 159 (0) 6 : 0.56311341452161789434 0.43688658547838216117
160 160 (0) 6 : 0.27849957651392887037 0.72150042348607124065
161 161 (0) 6 : 0.26971835314254277716 0.73028164685745722284
162 162 (0) 6 : 0.00000000100000000000 0.99999999900000002828
163 163 (0) 6 : 0.52766666433515296841 0.47233333566484703159
164 164 (0) 6 : 0.27581274993663623674 0.72418725006336370775
165 165 (0) 6 : 0.43906073004238899138 0.56093926995761100862
166 166 (0) 6 : 0.53966821796876474071 0.46033178203123514827
167 167 (0) 6 : 0.62878541384794062186 0.37121458615205943365
168 168 (0) 6 : 0.33388918139771633919 0.66611081860228371632
169 169 (0) 6 : 0.99999999900000002828 0.00000000100000000000
170 170 (0) 6 : 0.00000000100000000000 0.99999999900000002828
171 171 (0) 6 : 0.55736714612550541936 0.44263285387449463615
172 172 (0) 4 : 0.00000000100000000000 0.99999999900000002828
173 173 (0) 4 : 0.44254205925157275026 0.55745794074842724974
174 174 (0) 7 : 0.37794323831207193853 0.62205676168792811698
175 175 (0) 7 : 0.99999999900000002828 0.00000000100000000000
176 176 (0) 7 : 0.49153315707204631169 0.50846684292795374382
177 177 (0) 7 : 0.65299005788935882144 0.34700994211064128958
178 178 (0) 7 : 0.52792973226439365853 0.47207026773560639699
179 179 (0) 7 : 0.35718437903550703805 0.64281562096449296195
180 180 (0) 7 : 0.46706223014084208289 0.53293776985915786160
181 181 (0) 7 : 0.50044935822770930667 0.49955064177229063782
182 182 (0) 7 : 0.99950373903064959613 0.00049626096935033643
183 183 (0) 7 : 0.50389472381674427215 0.49610527618325578336
184 184 (0) 7 : 0.49390224490068007634 0.50609775509931997917
185 185 (0) 7 : 0.50377251924951538253 0.49622748075048456196
186 186 (0) 7 : 0.19160504339808376306 0.80839495660191629245
187 187 (0) 7 : 0.00000000100000000000 0.99999999900000002828
188 188 (0) 7 : 0.29787476548063185344 0.70212523451936825758
189 189 (0) 7 : 0.62824048602032256383 0.37175951397967743617
190 190 (0) 7 : 0.26999044444260017483 0.73000955555739976965
191 191 (0) 7 : 0.52150866951168417529 0.47849133048831576920
192 192 (0) 7 : 0.36982307704093697609 0.63017692295906291289
193 193 (0) 7 : 0.99999999900000002828 0.00000000100000000000
194 194 (0) 7 : 0.25941810323421360396 0.74058189676578634053
195 195 (0) 7 : 0.99999999900000002828 0.00000000100000000000
196 196 (0) 7 : 0.54162679244177869275 0.45837320755822136276
197 197 (0) 7 : 0.63557610201801229000 0.36442389798198765449
198 198 (0) 7 : 0.55054290884612144819 0.44945709115387860733
199 199 (0) 7 : 0.57856714860002644851 0.42143285139997360700
200 200 (0) 7 : 0.38356081969669253429 0.61643918030330746571
201 201 (0) 7 : 0.73183049127681865098 0.26816950872318140453
202 202 (0) 7 : 0.49382640291211604699 0.50617359708788400852
203 203 (0) 7 : 0.66908650296564842197 0.33091349703435152252
1 1 (0) 1 : 0.44316530788840446942 0.55683469211159564161
2 2 (0) 1 : 0.62054939362972461048 0.37945060637027544503
3 3 (0) 2 : 0.23467868560254032118 0.76532131439745976209
4 4 (0) 2 : 0.38540157808207209378 0.61459842191792801724
5 5 (0) 2 : 0.37920014456276401882 0.62079985543723603669
6 6 (0) 2 : 0.56323932173099167109 0.43676067826900832891
7 7 (0) 2 : 0.99999999900000002828 0.00000000100000000000
8 8 (0) 2 : 0.39893142750897997439 0.60106857249101997009
9 9 (0) 2 : 0.45674012144236758592 0.54325987855763235856
10 10 (0) 2 : 0.65060872909306355361 0.34939127090693644639
11 11 (0) 2 : 0.52095594297781577797 0.47904405702218427754
12 12 (0) 2 : 0.32302137304264533224 0.67697862695735466776
13 13 (0) 2 : 0.42266522805448997202 0.57733477194551008349
14 14 (0) 2 : 0.37591674402913594077 0.62408325597086400371
15 15 (0) 2 : 0.44668483818467830115 0.55331516181532180987
16 16 (0) 2 : 0.60481350112622656034 0.39518649887377343966
17 17 (0) 2 : 0.73586480830813716381 0.26413519169186283619
18 18 (0) 2 : 0.00308223026611015565 0.99691776973388979144
19 19 (0) 2 : 0.41552819102022237052 0.58447180897977768499
20 20 (0) 2 : 0.00000000100000000000 0.99999999900000002828
21 21 (0) 2 : 0.60419812398375527529 0.39580187601624472471
22 22 (0) 2 : 0.00000000100000000000 0.99999999900000002828
23 23 (0) 2 : 0.49158452843265126875 0.50841547156734878676
24 24 (0) 2 : 0.45249308149938666235 0.54750691850061328214
25 25 (0) 2 : 0.52818759791188574226 0.47181240208811420223
26 26 (0) 2 : 0.30016363083353320151 0.69983636916646685400
27 27 (0) 2 : 0.45514432606976229501 0.54485567393023770499
28 28 (0) 2 : 0.39101096749817437770 0.60898903250182567781
29 29 (0) 2 : 0.42771297310444017503 0.57228702689555988048
30 30 (0) 3 : 0.19876479996437415587 0.80123520003562587188
31 31 (0) 3 : 0.61024438896860078163 0.38975561103139916286
32 32 (0) 3 : 0.31848628142735574409 0.68151371857264431142
33 33 (0) 3 : 0.62854079423646325164 0.37145920576353674836
34 34 (0) 3 : 0.53480250271001261719 0.46519749728998738281
35 35 (0) 3 : 0.47186155106460736519 0.52813844893539274583
36 36 (0) 3 : 0.51153421404216603552 0.48846578595783390897
37 37 (0) 3 : 0.59914729646039222022 0.40085270353960772427
38 38 (0) 3 : 0.99999999900000002828 0.00000000100000000000
39 39 (0) 3 : 0.35871478428354491852 0.64128521571645513699
40 40 (0) 3 : 0.51828655428180958609 0.48171344571819046942
41 41 (0) 3 : 0.41682121981738690097 0.58317878018261315454
42 42 (0) 3 : 0.00000000100000000000 0.99999999900000002828
43 43 (0) 3 : 0.39246137169946715417 0.60753862830053284583
44 44 (0) 3 : 0.37475331974335113205 0.62524668025664875692
45 45 (0) 3 : 0.50750329591235365800 0.49249670408764639751
46 46 (0) 3 : 0.20680321017555444718 0.79319678982444541404
47 47 (0) 3 : 0.43630347429956839456 0.56369652570043160544
48 48 (0) 3 : 0.44377857279238069887 0.55622142720761935664
49 49 (0) 3 : 0.59058848370950367546 0.40941151629049626903
50 50 (0) 3 : 0.00000000100000000000 0.99999999900000002828
51 51 (0) 3 : 0.54285966237386618083 0.45714033762613381917
52 52 (0) 3 : 0.56017257967932132523 0.43982742032067867477
53 53 (0) 3 : 0.43406242014401175133 0.56593757985598835969
54 54 (0) 3 : 0.36896461442905703620 0.63103538557094307482
55 55 (0) 3 : 0.00000000100000000000 0.99999999900000002828
56 56 (0) 3 : 0.39598728353426165816 0.60401271646573839735
57 57 (0) 3 : 0.48561797151188440536 0.51438202848811565016
58 58 (0) 3 : 0.99999786869010975909 0.00000213130989023051
59 59 (0) 3 : 0.00000000100000000000 0.99999999900000002828
60 60 (0) 4 : 0.53832228129738557421 0.46167771870261431477
61 61 (0) 4 : 0.99999999900000002828 0.00000000100000000000
62 62 (0) 4 : 0.43090515322030020773 0.56909484677969979227
63 63 (0) 4 : 0.46133338876131935180 0.53866661123868064820
64 64 (0) 4 : 0.99999999900000002828 0.00000000100000000000
65 65 (0) 4 : 0.50675003899720327816 0.49324996100279683287
66 66 (0) 4 : 0.34626813174326542821 0.65373186825673446076
67 67 (0) 4 : 0.76905276207584938319 0.23094723792415061681
68 68 (0) 4 : 0.71230902717392508006 0.28769097282607486443
69 69 (0) 4 : 0.28073521096387543672 0.71926478903612467430
70 70 (0) 4 : 0.00000000100000000000 0.99999999900000002828
71 71 (0) 1 : 0.54287277001706835122 0.45712722998293164878
72 72 (0) 1 : 0.99999999900000002828 0.00000000100000000000
73 73 (0) 1 : 0.34813461691849156843 0.65186538308150854260
74 74 (0) 1 : 0.00384923570587704031 0.99615076429412297010
75 75 (0) 1 : 0.40930050261384887111 0.59069949738615112889
76 76 (0) 1 : 0.39237175356641790236 0.60762824643358215315
77 77 (0) 1 : 0.49827666794953889839 0.50172333205046104609
78 78 (0) 1 : 0.70678887002340928802 0.29321112997659071198
79 79 (0) 1 : 0.58663243832834643943 0.41336756167165350506
80 80 (0) 1 : 0.34554300966161027864 0.65445699033838977687
81 81 (0) 1 : 0.39188724337979674583 0.60811275662020325417
82 82 (0) 1 : 0.59883980532000047337 0.40116019467999958215
83 83 (0) 1 : 0.99999999900000002828 0.00000000100000000000
84 84 (0) 1 : 0.73306591683469612963 0.26693408316530392588
85 85 (0) 1 : 0.38257665384935279906 0.61742334615064720094
86 86 (0) 1 : 0.48412303374043186288 0.51587696625956813712
87 87 (0) 1 : 0.33064385010192626213 0.66935614989807379338
88 88 (0) 1 : 0.53166917348581599345 0.46833082651418406206
89 89 (0) 1 : 0.25807568178633644163 0.74192431821366366940
90 90 (0) 1 : 0.44070476194230934208 0.55929523805769065792
91 91 (0) 1 : 0.99999999900000002828 0.00000000100000000000
92 92 (0) 1 : 0.27625432056150894811 0.72374567943849110740
93 93 (0) 1 : 0.30392917761356091910 0.69607082238643913641
94 94 (0) 1 : 0.38115980687559797291 0.61884019312440197158
95 95 (0) 1 : 0.46909775018940153002 0.53090224981059852549
96 96 (0) 1 : 0.54821031899077188321 0.45178968100922817230
97 97 (0) 1 : 0.55571863639782270727 0.44428136360217723722
98 98 (0) 1 : 0.45353865140359805874 0.54646134859640183024
99 99 (0) 4 : 0.56041469575586233542 0.43958530424413777560
100 100 (0) 4 : 0.32010928894844276060 0.67989071105155729491
101 101 (0) 5 : 0.52871593937912253480 0.47128406062087752071
102 102 (0) 5 : 0.42346572455538061819 0.57653427544461943732
103 103 (0) 5 : 0.38498591263619147407 0.61501408736380847042
104 104 (0) 5 : 0.59166611022002191245 0.40833388977997814306
105 105 (0) 5 : 0.99999999900000002828 0.00000000100000000000
106 106 (0) 4 : 0.00000000100000000000 0.99999999900000002828
107 107 (0) 4 : 0.64351771255477041578 0.35648228744522969524
108 108 (0) 4 : 0.42492234592297362106 0.57507765407702637894
109 109 (0) 4 : 0.51024518608848123957 0.48975481391151876043
110 110 (0) 4 : 0.34153998415030090152 0.65846001584969915399
111 111 (0) 5 : 0.99999999604546507825 0.00000000395453500767
112 112 (0) 5 : 0.63204949227508333554 0.36795050772491677549
113 113 (0) 5 : 0.54358812246567811410 0.45641187753432183039
114 114 (0) 5 : 0.33703569054451798515 0.66296430945548190383
115 115 (0) 5 : 0.00000000100000000000 0.99999999900000002828
116 116 (0) 5 : 0.24893225916241490392 0.75106774083758509608
117 117 (0) 4 : 0.99999999900000002828 0.00000000100000000000
118 118 (0) 4 : 0.38625019503773500018 0.61374980496226494431
119 119 (0) 4 : 0.48724263273552143039 0.51275736726447851410
120 120 (0) 4 : 0.53360950607811663549 0.46639049392188330900
121 121 (0) 4 : 0.00000000100000000000 0.99999999900000002828
122 122 (0) 4 : 0.41151953411708114272 0.58848046588291880177
123 123 (0) 4 : 0.62516981865199638957 0.37483018134800366594
124 124 (0) 4 : 0.67258520328658688570 0.32741479671341316982
125 125 (0) 5 : 0.69940815056239846736 0.30059184943760164366
126 126 (0) 5 : 0.35665949234166144377 0.64334050765833850072
127 127 (0) 5 : 0.99999977569350873008 0.00000022430649128457
128 128 (0) 5 : 0.31673713032531325418 0.68326286967468674582
129 129 (0) 5 : 0.21439105264330790557 0.78560894735669195565
130 130 (0) 5 : 0.41424778694932601342 0.58575221305067404209
131 131 (0) 5 : 0.00000000100000000000 0.99999999900000002828
132 132 (0) 5 : 0.65323535763431339607 0.34676464236568665944
133 133 (0) 5 : 0.43499322581664368048 0.56500677418335631952
134 134 (0) 5 : 0.43019129162902280950 0.56980870837097719050
135 135 (0) 5 : 0.00000000100000000000 0.99999999900000002828
136 136 (0) 5 : 0.39080067435723631064 0.60919932564276380038
137 137 (0) 5 : 0.45780101603503153829 0.54219898396496846171
138 138 (0) 5 : 0.45562540434312953641 0.54437459565687040808
139 139 (0) 5 : 0.29154123721288577320 0.70845876278711417129
140 140 (0) 5 : 0.50068738772998522268 0.49931261227001472180
141 141 (0) 5 : 0.52829299347927882735 0.47170700652072111714
142 142 (0) 5 : 0.38974082772046181322 0.61025917227953829780
143 143 (0) 5 : 0.37691747712980511187 0.62308252287019483262
144 144 (0) 6 : 0.62182175963260777340 0.37817824036739233762
145 145 (0) 6 : 0.54756093807394345951 0.45243906192605665151
146 146 (0) 6 : 0.56986163718780269427 0.43013836281219736124
147 147 (0) 6 : 0.29670448075854677361 0.70329551924145317088
148 148 (0) 6 : 0.40618702380101495697 0.59381297619898498752
149 149 (0) 6 : 0.69259731261193746565 0.30740268738806253435
150 150 (0) 6 : 0.00000000100000000000 0.99999999900000002828
151 151 (0) 6 : 0.00000001254071880992 0.99999998745928109223
152 152 (0) 6 : 0.49882260810963219289 0.50117739189036780711
153 153 (0) 6 : 0.27736091162169984603 0.72263908837830026499
154 154 (0) 6 : 0.43190095788013860290 0.56809904211986150813
155 155 (0) 6 : 0.45966912701801571073 0.54033087298198423376
156 156 (0) 6 : 0.49526468267980133797 0.50473531732019871754
157 157 (0) 6 : 0.44846629528530551623 0.55153370471469453928
158 158 (0) 6 : 0.54244467719839262188 0.45755532280160748915
159 159 (0) 6 : 0.56311341452161789434 0.43688658547838216117
160 160 (0) 6 : 0.27849957651392887037 0.72150042348607124065
161 161 (0) 6 : 0.26971835314254277716 0.73028164685745722284
162 162 (0) 6 : 0.00000000100000000000 0.99999999900000002828
163 163 (0) 6 : 0.52766666433515296841 0.47233333566484703159
164 164 (0) 6 : 0.27581274993663623674 0.72418725006336370775
165 165 (0) 6 : 0.43906073004238899138 0.56093926995761100862
166 166 (0) 6 : 0.53966821796876474071 0.46033178203123514827
167 167 (0) 6 : 0.62878541384794062186 0.37121458615205943365
168 168 (0) 6 : 0.33388918139771633919 0.66611081860228371632
169 169 (0) 6 : 0.99999999900000002828 0.00000000100000000000
170 170 (0) 6 : 0.00000000100000000000 0.99999999900000002828
171 171 (0) 6 : 0.55736714612550541936 0.44263285387449463615
172 172 (0) 4 : 0.00000000100000000000 0.99999999900000002828
173 173 (0) 4 : 0.44254205925157275026 0.55745794074842724974
174 174 (0) 7 : 0.37794323831207193853 0.62205676168792811698
175 175 (0) 7 : 0.99999999900000002828 0.00000000100000000000
176 176 (0) 7 : 0.49153315707204631169 0.50846684292795374382
177 177 (0) 7 : 0.65299005788935882144 0.34700994211064128958
178 178 (0) 7 : 0.52792973226439365853 0.47207026773560639699
179 179 (0) 7 : 0.35718437903550703805 0.64281562096449296195
180 180 (0) 7 : 0.46706223014084208289 0.53293776985915786160
181 181 (0) 7 : 0.50044935822770930667 0.49955064177229063782
182 182 (0) 7 : 0.99950373903064959613 0.00049626096935033643
183 183 (0) 7 : 0.50389472381674427215 0.49610527618325578336
184 184 (0) 7 : 0.49390224490068007634 0.50609775509931997917
185 185 (0) 7 : 0.50377251924951538253 0.49622748075048456196
186 186 (0) 7 : 0.19160504339808376306 0.80839495660191629245
187 187 (0) 7 : 0.00000000100000000000 0.99999999900000002828
188 188 (0) 7 : 0.29787476548063185344 0.70212523451936825758
189 189 (0) 7 : 0.62824048602032256383 0.37175951397967743617
190 190 (0) 7 : 0.26999044444260017483 0.73000955555739976965
191 191 (0) 7 : 0.52150866951168417529 0.47849133048831576920
192 192 (0) 7 : 0.36982307704093697609 0.63017692295906291289
193 193 (0) 7 : 0.99999999900000002828 0.00000000100000000000
194 194 (0) 7 : 0.25941810323421360396 0.74058189676578634053
195 195 (0) 7 : 0.99999999900000002828 0.00000000100000000000
196 196 (0) 7 : 0.54162679244177869275 0.45837320755822136276
197 197 (0) 7 : 0.63557610201801229000 0.36442389798198765449
198 198 (0) 7 : 0.55054290884612144819 0.44945709115387860733
199 199 (0) 7 : 0.57856714860002644851 0.42143285139997360700
200 200 (0) 7 : 0.38356081969669253429 0.61643918030330746571
201 201 (0) 7 : 0.73183049127681865098 0.26816950872318140453
202 202 (0) 7 : 0.49382640291211604699 0.50617359708788400852
203 203 (0) 7 : 0.66908650296564842197 0.33091349703435152252
1 1 (0) 1 : 0.44316530788840446942 0.55683469211159564161
2 2 (0) 1 : 0.62054939362972461048 0.37945060637027544503
3 3 (0) 2 : 0.23467868560254032118 0.76532131439745976209
4 4 (0) 2 : 0.38540157808207209378 0.61459842191792801724
5 5 (0) 2 : 0.37920014456276401882 0.62079985543723603669
6 6 (0) 2 : 0.56323932173099167109 0.43676067826900832891
7 7 (0) 2 : 0.99999999900000002828 0.00000000100000000000
8 8 (0) 2 : 0.39893142750897997439 0.60106857249101997009
9 9 (0) 2 : 0.45674012144236758592 0.54325987855763235856
10 10 (0) 2 : 0.65060872909306355361 0.34939127090693644639
11 11 (0) 2 : 0.52095594297781577797 0.47904405702218427754
12 12 (0) 2 : 0.32302137304264533224 0.67697862695735466776
13 13 (0) 2 : 0.42266522805448997202 0.57733477194551008349
14 14 (0) 2 : 0.37591674402913594077 0.62408325597086400371
15 15 (0) 2 : 0.44668483818467830115 0.55331516181532180987
16 16 (0) 2 : 0.60481350112622656034 0.39518649887377343966
17 17 (0) 2 : 0.73586480830813716381 0.26413519169186283619
18 18 (0) 2 : 0.00308223026611015565 0.99691776973388979144
19 19 (0) 2 : 0.41552819102022237052 0.58447180897977768499
20 20 (0) 2 : 0.00000000100000000000 0.99999999900000002828
21 21 (0) 2 : 0.60419812398375527529 0.39580187601624472471
22 22 (0) 2 : 0.00000000100000000000 0.99999999900000002828
23 23 (0) 2 : 0.49158452843265126875 0.50841547156734878676
24 24 (0) 2 : 0.45249308149938666235 0.54750691850061328214
25 25 (0) 2 : 0.52818759791188574226 0.47181240208811420223
26 26 (0) 2 : 0.30016363083353320151 0.69983636916646685400
27 27 (0) 2 : 0.45514432606976229501 0.54485567393023770499
28 28 (0) 2 : 0.39101096749817437770 0.60898903250182567781
29 29 (0) 2 : 0.42771297310444017503 0.57228702689555988048
30 30 (0) 3 : 0.19876479996437415587 0.80123520003562587188
31 31 (0) 3 : 0.61024438896860078163 0.38975561103139916286
32 32 (0) 3 : 0.31848628142735574409 0.68151371857264431142
33 33 (0) 3 : 0.62854079423646325164 0.37145920576353674836
34 34 (0) 3 : 0.53480250271001261719 0.46519749728998738281
35 35 (0) 3 : 0.47186155106460736519 0.52813844893539274583
36 36 (0) 3 : 0.51153421404216603552 0.48846578595783390897
37 37 (0) 3 : 0.59914729646039222022 0.40085270353960772427
38 38 (0) 3 : 0.99999999900000002828 0.00000000100000000000
39 39 (0) 3 : 0.35871478428354491852 0.64128521571645513699
40 40 (0) 3 : 0.51828655428180958609 0.48171344571819046942
41 41 (0) 3 : 0.41682121981738690097 0.58317878018261315454
42 42 (0) 3 : 0.00000000100000000000 0.99999999900000002828
43 43 (0) 3 : 0.39246137169946715417 0.60753862830053284583
44 44 (0) 3 : 0.37475331974335113205 0.62524668025664875692
45 45 (0) 3 : 0.50750329591235365800 0.49249670408764639751
46 46 (0) 3 : 0.20680321017555444718 0.79319678982444541404
47 47 (0) 3 : 0.43630347429956839456 0.56369652570043160544
48 48 (0) 3 : 0.44377857279238069887 0.55622142720761935664
49 49 (0) 3 : 0.59058848370950367546 0.40941151629049626903
50 50 (0) 3 : 0.00000000100000000000 0.99999999900000002828
51 51 (0) 3 : 0.54285966237386618083 0.45714033762613381917
52 52 (0) 3 : 0.56017257967932132523 0.43982742032067867477
53 53 (0) 3 : 0.43406242014401175133 0.56593757985598835969
54 54 (0) 3 : 0.36896461442905703620 0.63103538557094307482
55 55 (0) 3 : 0.00000000100000000000 0.99999999900000002828
56 56 (0) 3 : 0.39598728353426165816 0.60401271646573839735
57 57 (0) 3 : 0.48561797151188440536 0.51438202848811565016
58 58 (0) 3 : 0.99999786869010975909 0.00000213130989023051
59 59 (0) 3 : 0.00000000100000000000 0.99999999900000002828
60 60 (0) 4 : 0.53832228129738557421 0.46167771870261431477
61 61 (0) 4 : 0.99999999900000002828 0.00000000100000000000
62 62 (0) 4 : 0.43090515322030020773 0.56909484677969979227
63 63 (0) 4 : 0.46133338876131935180 0.53866661123868064820
64 64 (0) 4 : 0.99999999900000002828 0.00000000100000000000
65 65 (0) 4 : 0.50675003899720327816 0.49324996100279683287
66 66 (0) 4 : 0.34626813174326542821 0.65373186825673446076
67 67 (0) 4 : 0.76905276207584938319 0.23094723792415061681
68 68 (0) 4 : 0.71230902717392508006 0.28769097282607486443
69 69 (0) 4 : 0.28073521096387543672 0.71926478903612467430
70 70 (0) 4 : 0.00000000100000000000 0.99999999900000002828
71 71 (0) 1 : 0.54287277001706835122 0.45712722998293164878
72 72 (0) 1 : 0.99999999900000002828 0.00000000100000000000
73 73 (0) 1 : 0.34813461691849156843 0.65186538308150854260
74 74 (0) 1 : 0.00384923570587704031 0.99615076429412297010
75 75 (0) 1 : 0.40930050261384887111 0.59069949738615112889
76 76 (0) 1 : 0.39237175356641790236 0.60762824643358215315
77 77 (0) 1 : 0.49827666794953889839 0.50172333205046104609
78 78 (0) 1 : 0.70678887002340928802 0.29321112997659071198
79 79 (0) 1 : 0.58663243832834643943 0.41336756167165350506
80 80 (0) 1 : 0.34554300966161027864 0.65445699033838977687
81 81 (0) 1 : 0.39188724337979674583 0.60811275662020325417
82 82 (0) 1 : 0.59883980532000047337 0.40116019467999958215
83 83 (0) 1 : 0.99999999900000002828 0.00000000100000000000
84 84 (0) 1 : 0.73306591683469612963 0.26693408316530392588
85 85 (0) 1 : 0.38257665384935279906 0.61742334615064720094
86 86 (0) 1 : 0.48412303374043186288 0.51587696625956813712
87 87 (0) 1 : 0.33064385010192626213 0.66935614989807379338
88 88 (0) 1 : 0.53166917348581599345 0.46833082651418406206
89 89 (0) 1 : 0.25807568178633644163 0.74192431821366366940
90 90 (0) 1 : 0.44070476194230934208 0.55929523805769065792
91 91 (0) 1 : 0.99999999900000002828 0.00000000100000000000
92 92 (0) 1 : 0.27625432056150894811 0.72374567943849110740
93 93 (0) 1 : 0.30392917761356091910 0.69607082238643913641
94 94 (0) 1 : 0.38115980687559797291 0.61884019312440197158
95 95 (0) 1 : 0.46909775018940153002 0.53090224981059852549
96 96 (0) 1 : 0.54821031899077188321 0.45178968100922817230
97 97 (0) 1 : 0.55571863639782270727 0.44428136360217723722
98 98 (0) 1 : 0.45353865140359805874 0.54646134859640183024
99 99 (0) 4 : 0.56041469575586233542 0.43958530424413777560
100 100 (0) 4 : 0.32010928894844276060 0.67989071105155729491
101 101 (0) 5 : 0.52871593937912253480 0.47128406062087752071
102 102 (0) 5 : 0.42346572455538061819 0.57653427544461943732
103 103 (0) 5 : 0.38498591263619147407 0.61501408736380847042
104 104 (0) 5 : 0.59166611022002191245 0.40833388977997814306
105 105 (0) 5 : 0.99999999900000002828 0.00000000100000000000
106 106 (0) 4 : 0.00000000100000000000 0.99999999900000002828
107 107 (0) 4 : 0.64351771255477041578 0.35648228744522969524
108 108 (0) 4 : 0.42492234592297362106 0.57507765407702637894
109 109 (0) 4 : 0.51024518608848123957 0.48975481391151876043
110 110 (0) 4 : 0.34153998415030090152 0.65846001584969915399
111 111 (0) 5 : 0.99999999604546507825 0.00000000395453500767
112 112 (0) 5 : 0.63204949227508333554 0.36795050772491677549
113 113 (0) 5 : 0.54358812246567811410 0.45641187753432183039
114 114 (0) 5 : 0.33703569054451798515 0.66296430945548190383
115 115 (0) 5 : 0.00000000100000000000 0.99999999900000002828
116 116 (0) 5 : 0.24893225916241490392 0.75106774083758509608
117 117 (0) 4 : 0.99999999900000002828 0.00000000100000000000
118 118 (0) 4 : 0.38625019503773500018 0.61374980496226494431
119 119 (0) 4 : 0.48724263273552143039 0.51275736726447851410
120 120 (0) 4 : 0.53360950607811663549 0.46639049392188330900
121 121 (0) 4 : 0.00000000100000000000 0.99999999900000002828
122 122 (0) 4 : 0.41151953411708114272 0.58848046588291880177
123 123 (0) 4 : 0.62516981865199638957 0.37483018134800366594
124 124 (0) 4 : 0.67258520328658688570 0.32741479671341316982
125 125 (0) 5 : 0.69940815056239846736 0.30059184943760164366
126 126 (0) 5 : 0.35665949234166144377 0.64334050765833850072
127 127 (0) 5 : 0.99999977569350873008 0.00000022430649128457
128 128 (0) 5 : 0.31673713032531325418 0.68326286967468674582
129 129 (0) 5 : 0.21439105264330790557 0.78560894735669195565
130 130 (0) 5 : 0.41424778694932601342 0.58575221305067404209
131 131 (0) 5 : 0.00000000100000000000 0.99999999900000002828
132 132 (0) 5 : 0.65323535763431339607 0.34676464236568665944
133 133 (0) 5 : 0.43499322581664368048 0.56500677418335631952
134 134 (0) 5 : 0.43019129162902280950 0.56980870837097719050
135 135 (0) 5 : 0.00000000100000000000 0.99999999900000002828
136 136 (0) 5 : 0.39080067435723631064 0.60919932564276380038
137 137 (0) 5 : 0.45780101603503153829 0.54219898396496846171
138 138 (0) 5 : 0.45562540434312953641 0.54437459565687040808
139 139 (0) 5 : 0.29154123721288577320 0.70845876278711417129
140 140 (0) 5 : 0.50068738772998522268 0.49931261227001472180
141 141 (0) 5 : 0.52829299347927882735 0.47170700652072111714
142 142 (0) 5 : 0.38974082772046181322 0.61025917227953829780
143 143 (0) 5 : 0.37691747712980511187 0.62308252287019483262
144 144 (0) 6 : 0.62182175963260777340 0.37817824036739233762
145 145 (0) 6 : 0.54756093807394345951 0.45243906192605665151
146 146 (0) 6 : 0.56986163718780269427 0.43013836281219736124
147 147 (0) 6 : 0.29670448075854677361 0.70329551924145317088
148 148 (0) 6 : 0.40618702380101495697 0.59381297619898498752
149 149 (0) 6 : 0.69259731261193746565 0.30740268738806253435
150 150 (0) 6 : 0.00000000100000000000 0.99999999900000002828
151 151 (0) 6 : 0.00000001254071880992 0.99999998745928109223
152 152 (0) 6 : 0.49882260810963219289 0.50117739189036780711
153 153 (0) 6 : 0.27736091162169984603 0.72263908837830026499
154 154 (0) 6 : 0.43190095788013860290 0.56809904211986150813
155 155 (0) 6 : 0.45966912701801571073 0.54033087298198423376
156 156 (0) 6 : 0.49526468267980133797 0.50473531732019871754
157 157 (0) 6 : 0.44846629528530551623 0.55153370471469453928
158 158 (0) 6 : 0.54244467719839262188 0.45755532280160748915
159 159 (0) 6 : 0.56311341452161789434 0.43688658547838216117
160 160 (0) 6 : 0.27849957651392887037 0.72150042348607124065
161 161 (0) 6 : 0.26971835314254277716 0.73028164685745722284
162 162 (0) 6 : 0.00000000100000000000 0.99999999900000002828
163 163 (0) 6 : 0.52766666433515296841 0.47233333566484703159
164 164 (0) 6 : 0.27581274993663623674 0.72418725006336370775
165 165 (0) 6 : 0.43906073004238899138 0.56093926995761100862
166 166 (0) 6 : 0.53966821796876474071 0.46033178203123514827
167 167 (0) 6 : 0.62878541384794062186 0.37121458615205943365
168 168 (0) 6 : 0.33388918139771633919 0.66611081860228371632
169 169 (0) 6 : 0.99999999900000002828 0.00000000100000000000
170 170 (0) 6 : 0.00000000100000000000 0.99999999900000002828
171 171 (0) 6 : 0.55736714612550541936 0.44263285387449463615
172 172 (0) 4 : 0.00000000100000000000 0.99999999900000002828
173 173 (0) 4 : 0.44254205925157275026 0.55745794074842724974
174 174 (0) 7 : 0.37794323831207193853 0.62205676168792811698
175 175 (0) 7 : 0.99999999900000002828 0.00000000100000000000
176 176 (0) 7 : 0.49153315707204631169 0.50846684292795374382
177 177 (0) 7 : 0.65299005788935882144 0.34700994211064128958
178 178 (0) 7 : 0.52792973226439365853 0.47207026773560639699
179 179 (0) 7 : 0.35718437903550703805 0.64281562096449296195
180 180 (0) 7 : 0.46706223014084208289 0.53293776985915786160
181 181 (0) 7 : 0.50044935822770930667 0.49955064177229063782
182 182 (0) 7 : 0.99950373903064959613 0.00049626096935033643
183 183 (0) 7 : 0.50389472381674427215 0.49610527618325578336
184 184 (0) 7 : 0.49390224490068007634 0.50609775509931997917
185 185 (0) 7 : 0.50377251924951538253 0.49622748075048456196
186 186 (0) 7 : 0.19160504339808376306 0.80839495660191629245
187 187 (0) 7 : 0.00000000100000000000 0.99999999900000002828
188 188 (0) 7 : 0.29787476548063185344 0.70212523451936825758
189 189 (0) 7 : 0.62824048602032256383 0.37175951397967743617
190 190 (0) 7 : 0.26999044444260017483 0.73000955555739976965
191 191 (0) 7 : 0.52150866951168417529 0.47849133048831576920
192 192 (0) 7 : 0.36982307704093697609 0.63017692295906291289
193 193 (0) 7 : 0.99999999900000002828 0.00000000100000000000
194 194 (0) 7 : 0.25941810323421360396 0.74058189676578634053
195 195 (0) 7 : 0.99999999900000002828 0.00000000100000000000
196 196 (0) 7 : 0.54162679244177869275 0.45837320755822136276
197 197 (0) 7 : 0.63557610201801229000 0.36442389798198765449
198 198 (0) 7 : 0.55054290884612144819 0.44945709115387860733
199 199 (0) 7 : 0.57856714860002644851 0.42143285139997360700
200 200 (0) 7 : 0.38356081969669253429 0.61643918030330746571
201 201 (0) 7 : 0.73183049127681865098 0.26816950872318140453
202 202 (0) 7 : 0.49382640291211604699 0.50617359708788400852
203 203 (0) 7 : 0.66908650296564842197 0.33091349703435152252
1 1 (0) 1 : 0.69058106360079263286 0.30941893639920731163
2 2 (0) 1 : 0.51458557013669936619 0.48541442986330057829
3 3 (0) 2 : 0.34061826755247237575 0.65938173244752762425
4 4 (0) 2 : 0.78486754137448877522 0.21513245862551128029
5 5 (0) 2 : 0.50875489205100943302 0.49124510794899062249
6 6 (0) 2 : 0.62744534156547016046 0.37255465843452989505
7 7 (0) 2 : 0.99999999900000002828 0.00000000100000000000
8 8 (0) 2 : 0.42906193606284931397 0.57093806393715063052
9 9 (0) 2 : 0.51740317600532614861 0.48259682399467390690
10 10 (0) 2 : 0.48884746467728656949 0.51115253532271343051
11 11 (0) 2 : 0.60930960277625934030 0.39069039722374060419
12 12 (0) 2 : 0.45519119013867165302 0.54480880986132840249
13 13 (0) 2 : 0.29008365543457353963 0.70991634456542651588
14 14 (0) 2 : 0.43670946276607430780 0.56329053723392574771
15 15 (0) 2 : 0.00000000100000000000 0.99999999900000002828
16 16 (0) 2 : 0.99964958811930348936 0.00035041188069648863
17 17 (0) 2 : 0.99999999900000002828 0.00000000100000000000
18 18 (0) 2 : 0.52360974982965302615 0.47639025017034691833
19 19 (0) 2 : 0.35429974327745517027 0.64570025672254471871
20 20 (0) 2 : 0.72303139648965664144 0.27696860351034330305
21 21 (0) 2 : 0.53286022804632571237 0.46713977195367439865
22 22 (0) 2 : 0.41840818609448887644 0.58159181390551117907
23 23 (0) 2 : 0.57030100481730860995 0.42969899518269144556
24 24 (0) 2 : 0.00000000100000000000 0.99999999900000002828
25 25 (0) 2 : 0.63632640930370032439 0.36367359069629967561
26 26 (0) 2 : 0.00000000100000000000 0.99999999900000002828
27 27 (0) 2 : 0.36148587353930083932 0.63851412646069927170
28 28 (0) 2 : 0.27210793109842162929 0.72789206890157842622
29 29 (0) 2 : 0.30269057001184646039 0.69730942998815348410
30 30 (0) 3 : 0.35898721657255183715 0.64101278342744816285
31 31 (0) 3 : 0.64705503929539676111 0.35294496070460329440
32 32 (0) 3 : 0.50625340548291697385 0.49374659451708313718
33 33 (0) 3 : 0.47703042192381611697 0.52296957807618382752
34 34 (0) 3 : 0.42514309778554887354 0.57485690221445107095
35 35 (0) 3 : 0.53778112604827510435 0.46221887395172495117
36 36 (0) 3 : 0.49277939395139963574 0.50722060604860041977
37 37 (0) 3 : 0.51074593315094718449 0.48925406684905276000
38 38 (0) 3 : 0.99999999900000002828 0.00000000100000000000
39 39 (0) 3 : 0.00000000100000000000 0.99999999900000002828
40 40 (0) 3 : 0.58298517410837913388 0.41701482589162086612
41 41 (0) 3 : 0.50513766851795838253 0.49486233148204161747
42 42 (0) 3 : 0.39348464095944857277 0.60651535904055142723
43 43 (0) 3 : 0.34769883125927464329 0.65230116874072541222
44 44 (0) 3 : 0.49180674887165704012 0.50819325112834301539
45 45 (0) 3 : 0.72242156509008581544 0.27757843490991424007
46 46 (0) 3 : 0.48642020029989013752 0.51357979970010991799
47 47 (0) 3 : 0.62110724841899023208 0.37889275158100982344
48 48 (0) 3 : 0.62405238251853734077 0.37594761748146271474
49 49 (0) 3 : 0.62861502722931072995 0.37138497277068932556
50 50 (0) 3 : 0.00000000100000000000 0.99999999900000002828
51 51 (0) 3 : 0.99999642101523411597 0.00000357898476592235
52 52 (0) 3 : 0.66233815697327336203 0.33766184302672669348
53 53 (0) 3 : 0.59589370691508058986 0.40410629308491946565
54 54 (0) 3 : 0.54685284403826828203 0.45314715596173166245
55 55 (0) 3 : 0.00000000100000000000 0.99999999900000002828
56 56 (0) 3 : 0.42614229395532438049 0.57385770604467567502
57 57 (0) 3 : 0.99999999900000002828 0.00000000100000000000
58 58 (0) 3 : 0.61045955616912483954 0.38954044383087516046
59 59 (0) 3 : 0.00000000100000000000 0.99999999900000002828
60 60 (0) 4 : 0.69041184895434637436 0.30958815104565362564
61 61 (0) 4 : 0.99999999900000002828 0.00000000100000000000
62 62 (0) 4 : 0.60802752475692534162 0.39197247524307471389
63 63 (0) 4 : 0.55271079755256680155 0.44728920244743319845
64 64 (0) 4 : 0.75119065099366211236 0.24880934900633791540
65 65 (0) 4 : 0.55598071224239820065 0.44401928775760185486
66 66 (0) 4 : 0.33666012970603975685 0.66333987029396035418
67 67 (0) 4 : 0.99999999900000002828 0.00000000100000000000
68 68 (0) 4 : 0.63891006434122177282 0.36108993565877833820
69 69 (0) 4 : 0.28795126082694100234 0.71204873917305899766
70 70 (0) 4 : 0.22604844066909343669 0.77395155933090653555
71 71 (0) 1 : 0.53922482940096472248 0.46077517059903527752
72 72 (0) 1 : 0.99999999900000002828 0.00000000100000000000
73 73 (0) 1 : 0.29510366204232207910 0.70489633795767792090
74 74 (0) 1 : 0.27420532482987231004 0.72579467517012763444
75 75 (0) 1 : 0.54276359714796684752 0.45723640285203309697
76 76 (0) 1 : 0.45785460160020446940 0.54214539839979558611
77 77 (0) 1 : 0.62992292366030733231 0.37007707633969266769
78 78 (0) 1 : 0.49112474713495873901 0.50887525286504120547
79 79 (0) 1 : 0.63640766068446430470 0.36359233931553575081
80 80 (0) 1 : 0.69497062558340672034 0.30502937441659327966
81 81 (0) 1 : 0.49159979944454867962 0.50840020055545132038
82 82 (0) 1 : 0.99999896938350119058 0.00000103061649875278
83 83 (0) 1 : 0.61618698873588884091 0.38381301126411121460
84 84 (0) 1 : 0.52784327742573111664 0.47215672257426888336
85 85 (0) 1 : 0.41014126003769768580 0.58985873996230231420
86 86 (0) 1 : 0.36313513189567009354 0.63686486810432985095
87 87 (0) 1 : 0.46772621549510984273 0.53227378450489026829
88 88 (0) 1 : 0.38488722308083705981 0.61511277691916299570
89 89 (0) 1 : 0.67685161850807062933 0.32314838149192937067
90 90 (0) 1 : 0.72562435327503305160 0.27437564672496694840
91 91 (0) 1 : 0.99999999900000002828 0.00000000100000000000
92 92 (0) 1 : 0.20614870738153712182 0.79385129261846298920
93 93 (0) 1 : 0.52164155645395970939 0.47835844354604034612
94 94 (0) 1 : 0.67020224004128059470 0.32979775995871946082
95 95 (0) 1 : 0.63221712264064688913 0.36778287735935305536
96 96 (0) 1 : 0.66732800183011298234 0.33267199816988696215
97 97 (0) 1 : 0.45861505468617475012 0.54138494531382530539
98 98 (0) 1 : 0.49160320473943402986 0.50839679526056591463
99 99 (0) 4 : 0.52048452078963747258 0.47951547921036247191
100 100 (0) 4 : 0.42070008941619174703 0.57929991058380836400
101 101 (0) 5 : 0.43573945946812298047 0.56426054053187713055
102 102 (0) 5 : 0.00000000100000000000 0.99999999900000002828
103 103 (0) 5 : 0.59524652837844116426 0.40475347162155889125
104 104 (0) 5 : 0.44095740398063049126 0.55904259601936945323
105 105 (0) 5 : 0.99999999900000002828 0.00000000100000000000
106 106 (0) 4 : 0.23398361751735199943 0.76601638248264802833
107 107 (0) 4 : 0.58776166697692833196 0.41223833302307166804
108 108 (0) 4 : 0.55323484687133706039 0.44676515312866299512
109 109 (0) 4 : 0.63671190659210652463 0.36328809340789347537
110 110 (0) 4 : 0.11296847317654000464 0.88703152682345998148
111 111 (0) 5 : 0.68626365227340235808 0.31373634772659769743
112 112 (0) 5 : 0.54481247699389701022 0.45518752300610304529
113 113 (0) 5 : 0.63427916999235167683 0.36572083000764843419
114 114 (0) 5 : 0.00000000100000000000 0.99999999900000002828
115 115 (0) 5 : 0.39442279613034353369 0.60557720386965641080
116 116 (0) 5 : 0.29939703243762399998 0.70060296756237605553
117 117 (0) 4 : 0.70595917151457143746 0.29404082848542850703
118 118 (0) 4 : 0.68559252572215845234 0.31440747427784149215
119 119 (0) 4 : 0.49467301884667386203 0.50532698115332619349
120 120 (0) 4 : 0.50612647283655898267 0.49387352716344101733
121 121 (0) 4 : 0.26141688825562903187 0.73858311174437107915
122 122 (0) 4 : 0.75313736495875260868 0.24686263504124741908
123 123 (0) 4 : 0.75841748140024822789 0.24158251859975179987
124 124 (0) 4 : 0.74917007469015195475 0.25082992530984798973
125 125 (0) 5 : 0.50371683176639459045 0.49628316823360546506
126 126 (0) 5 : 0.66178680204627327033 0.33821319795372667416
127 127 (0) 5 : 0.60259555771344208708 0.39740444228655791292
128 128 (0) 5 : 0.58710002750166945251 0.41289997249833054749
129 129 (0) 5 : 0.27081019275758300147 0.72918980724241688751
130 130 (0) 5 : 0.77855606729658310972 0.22144393270341689028
131 131 (0) 5 : 0.30639282406074191956 0.69360717593925802493
132 132 (0) 5 : 0.36199462324267961399 0.63800537675732049703
133 133 (0) 5 : 0.58159132846173045017 0.41840867153826949432
134 134 (0) 5 : 0.65013424542976150367 0.34986575457023844082
135 135 (0) 5 : 0.17232131809756767726 0.82767868190243221171
136 136 (0) 5 : 0.45904174498796779247 0.54095825501203220753
137 137 (0) 5 : 0.45813160824175808150 0.54186839175824197401
138 138 (0) 5 : 0.35602952113554336977 0.64397047886445668574
139 139 (0) 5 : 0.48131001398194789287 0.51868998601805216264
140 140 (0) 5 : 0.29504155984294566650 0.70495844015705444452
141 141 (0) 5 : 0.52666848429065349357 0.47333151570934661745
142 142 (0) 5 : 0.99999999900000002828 0.00000000100000000000
143 143 (0) 5 : 0.42671475494153415786 0.57328524505846589765
144 144 (0) 6 : 0.76840220990982199822 0.23159779009017811280
145 145 (0) 6 : 0.36191846661094689841 0.63808153338905304608
146 146 (0) 6 : 0.62501038779193895945 0.37498961220806104055
147 147 (0) 6 : 0.39403083103702413181 0.60596916896297581268
148 148 (0) 6 : 0.00000000100000000000 0.99999999900000002828
149 149 (0) 6 : 0.61867677448217328617 0.38132322551782671383
150 150 (0) 6 : 0.34313633864416326347 0.65686366135583662551
151 151 (0) 6 : 0.31702719209812635359 0.68297280790187364641
152 152 (0) 6 : 0.45663430398539234245 0.54336569601460771306
153 153 (0) 6 : 0.00000000100000000000 0.99999999900000002828
154 154 (0) 6 : 0.49362576760682336241 0.50637423239317669310
155 155 (0) 6 : 0.54640136830415564351 0.45359863169584441200
156 156 (0) 6 : 0.54284543423887132718 0.45715456576112867282
157 157 (0) 6 : 0.64185760689694781878 0.35814239310305212571
158 158 (0) 6 : 0.71100623456307388004 0.28899376543692611996
159 159 (0) 6 : 0.62633002115721947423 0.37366997884278052577
160 160 (0) 6 : 0.38781258801537227265 0.61218741198462767183
161 161 (0) 6 : 0.00000000100000000000 0.99999999900000002828
162 162 (0) 6 : 0.00000000100000000000 0.99999999900000002828
163 163 (0) 6 : 0.99999999900000002828 0.00000000100000000000
164 164 (0) 6 : 0.19597714363773810486 0.80402285636226200616
165 165 (0) 6 : 0.53118629314513843287 0.46881370685486156713
166 166 (0) 6 : 0.59154207780653189630 0.40845792219346810370
167 167 (0) 6 : 0.99999999900000002828 0.00000000100000000000
168 168 (0) 6 : 0.27655186571606160673 0.72344813428393839327
169 169 (0) 6 : 0.72163925592234456907 0.27836074407765537542
170 170 (0) 6 : 0.42254255973789006662 0.57745744026210998889
171 171 (0) 6 : 0.99999999900000002828 0.00000000100000000000
172 172 (0) 4 : 0.61791704126314961343 0.38208295873685044208
173 173 (0) 4 : 0.34906078284827823932 0.65093921715172176068
174 174 (0) 7 : 0.21420213293791864895 0.78579786706208132330
175 175 (0) 7 : 0.99999999900000002828 0.00000000100000000000
176 176 (0) 7 : 0.61534344962370668419 0.38465655037629326030
177 177 (0) 7 : 0.45090770038371080775 0.54909229961628913674
178 178 (0) 7 : 0.99999999900000002828 0.00000000100000000000
179 179 (0) 7 : 0.41123249177160137169 0.58876750822839862831
180 180 (0) 7 : 0.52246546671732319034 0.47753453328267686517
181 181 (0) 7 : 0.66411742091590086901 0.33588257908409918651
182 182 (0) 7 : 0.51227764557557664560 0.48772235442442340991
183 183 (0) 7 : 0.00000000100000000000 0.99999999900000002828
184 184 (0) 7 : 0.81708075063406837568 0.18291924936593165207
185 185 (0) 7 : 0.75379913500678186189 0.24620086499321811035
186 186 (0) 7 : 0.40637024310715064157 0.59362975689284935843
187 187 (0) 7 : 0.00000000100000000000 0.99999999900000002828
188 188 (0) 7 : 0.42932623819865384229 0.57067376180134610220
189 189 (0) 7 : 0.70507572297233267467 0.29492427702766743636
190 190 (0) 7 : 0.56360943634106663858 0.43639056365893330591
191 191 (0) 7 : 0.36765024258144757274 0.63234975741855237175
192 192 (0) 7 : 0.34657431380838726875 0.65342568619161278676
193 193 (0) 7 : 0.99999794888829640627 0.00000205111170357584
194 194 (0) 7 : 0.58554471066981828020 0.41445528933018171980
195 195 (0) 7 : 0.62808806797738703231 0.37191193202261285666
196 196 (0) 7 : 0.60222113816681210885 0.39777886183318783564
197 197 (0) 7 : 0.50256400835918380032 0.49743599164081619968
198 198 (0) 7 : 0.50867542243961105797 0.49132457756038905305
199 199 (0) 7 : 0.62314338610063568780 0.37685661389936425669
200 200 (0) 7 : 0.63756624959852070678 0.36243375040147934874
201 201 (0) 7 : 0.44130528533449014938 0.55869471466550990613
202 202 (0) 7 : 0.53499736407271170080 0.46500263592728835471
203 203 (0) 7 : 0.63546916740979897398 0.36453083259020113704
