1 1 (0) 1 : 0.00000000099999999986 0.03110879955798216343 0.00000000099999999986 0.00000000099999999986 0.00000000099999999986 0.00000000099999999986 0.34818788362015751225 0.00000000099999999986 0.62070330982186028290 0.00000000099999999986
2 2 (0) 1 : 0.00000000099999999987 0.08277963031919000070 0.00000000099999999987 0.00000000099999999987 0.00000000099999999987 0.00000000099999999987 0.00000000099999999987 0.00000000099999999987 0.91722036168080989249 0.00000000099999999987
3 3 (0) 1 : 0.00000000099999999951 0.99999999100000014352 0.00000000099999999951 0.00000000099999999951 0.00000000099999999951 0.00000000099999999951 0.00000000099999999951 0.00000000099999999951 0.00000000099999999951 0.00000000099999999951
4 4 (0) 1 : 0.00000000099999999981 0.01782961073398666232 0.00000000099999999981 0.64461509704774366813 0.00000000099999999981 0.00000000099999999981 0.33755528521826982935 0.00000000099999999981 0.00000000099999999981 0.00000000099999999981
5 5 (0) 1 : 0.00000000099999999966 0.00000000099999999966 0.00000000099999999966 0.99999999100000003249 0.00000000099999999966 0.00000000099999999966 0.00000000099999999966 0.00000000099999999966 0.00000000099999999966 0.00000000099999999966
6 6 (0) 1 : 0.00000000099999999969 0.16863554729102012142 0.00000000099999999969 0.00000000099999999969 0.00000000099999999969 0.00000000099999999969 0.83136444470897985504 0.00000000099999999969 0.00000000099999999969 0.00000000099999999969
7 7 (0) 1 : 0.00000000099999999969 0.00000000099999999969 0.00000000099999999969 0.40121571701838043555 0.06636379535392933349 0.00000000099999999969 0.53242048062769020689 0.00000000099999999969 0.00000000099999999969 0.00000000099999999969
8 8 (0) 1 : 0.00000000099999999963 0.00000000099999999963 0.00000000099999999963 0.99999999100000003249 0.00000000099999999963 0.00000000099999999963 0.00000000099999999963 0.00000000099999999963 0.00000000099999999963 0.00000000099999999963
9 9 (0) 1 : 0.00000000099999999949 0.99999999100000014352 0.00000000099999999949 0.00000000099999999949 0.00000000099999999949 0.00000000099999999949 0.00000000099999999949 0.00000000099999999949 0.00000000099999999949 0.00000000099999999949
10 10 (0) 1 : 0.00000000099999999980 0.05159807586974867605 0.00000000099999999980 0.00000000099999999980 0.15705283200076167183 0.00000000099999999980 0.48120531692607498853 0.00000000099999999980 0.31014376920341457655 0.00000000099999999980
11 11 (0) 1 : 0.00000000099999999986 0.00000000099999999986 0.00000000099999999986 0.00016362657866847248 0.16552498368900375736 0.00000000099999999986 0.49093711349760094098 0.00000000099999999986 0.34337427023472683052 0.00000000099999999986
12 12 (0) 1 : 0.00000000099999999961 0.00000000099999999961 0.00000000099999999961 0.00000000099999999961 0.00000000099999999961 0.00000000099999999961 0.99999999100000003249 0.00000000099999999961 0.00000000099999999961 0.00000000099999999961
13 13 (0) 1 : 0.00000000099999999978 0.01678396199319759363 0.00000000099999999978 0.00000000099999999978 0.00000000099999999978 0.00000000099999999978 0.35269370108751618709 0.00000000099999999978 0.63052232991928613970 0.00000000099999999978
14 14 (0) 1 : 0.00000000099999999970 0.00000000099999999970 0.00000000099999999970 0.00000000099999999970 0.32056955055650304676 0.00000000099999999970 0.00000000099999999970 0.00000000099999999970 0.67943044144349684643 0.00000000099999999970
15 15 (0) 2 : 0.00000000099999999962 0.00000000099999999962 0.00000000099999999962 0.00000000099999999962 0.00000000099999999962 0.00000000099999999962 0.00000000099999999962 0.00000000099999999962 0.99999999100000003249 0.00000000099999999962
16 16 (0) 2 : 0.00000000099999999970 0.00000000099999999970 0.00249525401161339658 0.00000000099999999970 0.00000000099999999970 0.24173343004929645494 0.00000000099999999970 0.75577130893909005849 0.00000000099999999970 0.00000000099999999970
17 17 (0) 2 : 0.99999999100000014352 0.00000000099999999950 0.00000000099999999950 0.00000000099999999950 0.00000000099999999950 0.00000000099999999950 0.00000000099999999950 0.00000000099999999950 0.00000000099999999950 0.00000000099999999950
18 18 (0) 2 : 0.00000000099999999957 0.00000000099999999957 0.00000000099999999957 0.00000000099999999957 0.00000000099999999957 0.00000000099999999957 0.00000000099999999957 0.99999999100000003249 0.00000000099999999957 0.00000000099999999957
19 19 (0) 2 : 0.59538859154765733095 0.00000000099999999966 0.02647832372808505558 0.00000000099999999966 0.00000000099999999966 0.37805887284029637829 0.00000000099999999966 0.00000000099999999966 0.00000000099999999966 0.00007420588396144972
20 20 (0) 2 : 0.00000000099999999996 0.00000000099999999996 0.07260187954909164132 0.00000000099999999996 0.00000000099999999996 0.06208455430950671899 0.00000000099999999996 0.33944310345373474025 0.00000000099999999996 0.52587045668766696505
21 21 (0) 2 : 0.55966022979052287845 0.00000000099999999962 0.00000000099999999962 0.00000000099999999962 0.00000000099999999962 0.00000000099999999962 0.00000000099999999962 0.00000000099999999962 0.00000000099999999962 0.44033976220947729230
22 22 (0) 2 : 0.00000000099999999976 0.00000000099999999976 0.13007676452366612185 0.00000000099999999976 0.00000000099999999976 0.00000000099999999976 0.00000000099999999976 0.86992322747633377134 0.00000000099999999976 0.00000000099999999976
23 23 (0) 1 : 0.00000000099999999993 0.00000000099999999993 0.00000000099999999993 0.00000000099999999993 0.25203488870358992102 0.00000000099999999993 0.00000000099999999993 0.00000000099999999993 0.74796510329640986114 0.00000000099999999993
24 24 (0) 1 : 0.00000000099999999982 0.00000000099999999982 0.00000000099999999982 0.00000000099999999982 0.99999999100000014352 0.00000000099999999982 0.00000000099999999982 0.00000000099999999982 0.00000000099999999982 0.00000000099999999982
25 25 (0) 1 : 0.00000000099999999994 0.99999999100000014352 0.00000000099999999994 0.00000000099999999994 0.00000000099999999994 0.00000000099999999994 0.00000000099999999994 0.00000000099999999994 0.00000000099999999994 0.00000000099999999994
26 26 (0) 1 : 0.00000000099999999967 0.00000000099999999967 0.00000000099999999967 0.00000000099999999967 0.00000000099999999967 0.00000000099999999967 0.00000000099999999967 0.00000000099999999967 0.99999999099999992147 0.00000000099999999967
27 27 (0) 2 : 0.00000000099999999901 0.00000000099999999901 0.99999999100000014352 0.00000000099999999901 0.00000000099999999901 0.00000000099999999901 0.00000000099999999901 0.00000000099999999901 0.00000000099999999901 0.00000000099999999901
28 28 (0) 2 : 0.00000000099999999963 0.00000000099999999963 0.00000000099999999963 0.00000000099999999963 0.00000000099999999963 0.22354261709797934587 0.00000000099999999963 0.51288967724722323016 0.00000000099999999963 0.26356769865479751092
29 29 (0) 2 : 0.00000000099999999952 0.00000000099999999952 0.00000000099999999952 0.00000000099999999952 0.00000000099999999952 0.99999999100000003249 0.00000000099999999952 0.00000000099999999952 0.00000000099999999952 0.00000000099999999952
30 30 (0) 2 : 0.00000000099999999967 0.00000000099999999967 0.00000000099999999967 0.00000000099999999967 0.00000000099999999967 0.00000000099999999967 0.00000000099999999967 0.99999999099999992147 0.00000000099999999967 0.00000000099999999967
31 31 (0) 2 : 0.00000000099999999994 0.00000000099999999994 0.00000000099999999994 0.00000000099999999994 0.00000000099999999994 0.99999999100000014352 0.00000000099999999994 0.00000000099999999994 0.00000000099999999994 0.00000000099999999994
32 32 (0) 2 : 0.27736545114371097265 0.14715029149229597039 0.02212445037225543171 0.00000000099999999999 0.00000000099999999999 0.00000011372541225487 0.00000000099999999999 0.55282102930602627922 0.00000000099999999999 0.00053865996029907575
33 33 (0) 2 : 0.99999999100000014352 0.00000000099999999951 0.00000000099999999951 0.00000000099999999951 0.00000000099999999951 0.00000000099999999951 0.00000000099999999951 0.00000000099999999951 0.00000000099999999951 0.00000000099999999951
34 34 (0) 1 : 0.00000000099999999975 0.00000000099999999975 0.00000000099999999975 0.00000000099999999975 0.99999999100000014352 0.00000000099999999975 0.00000000099999999975 0.00000000099999999975 0.00000000099999999975 0.00000000099999999975
35 35 (0) 2 : 0.42361772323618307468 0.00000000099999999975 0.00000000099999999975 0.00000000099999999975 0.00000000099999999975 0.00000059182579150572 0.00000000099999999975 0.27391815075836994930 0.00000000099999999975 0.30246352817965549420
36 36 (0) 2 : 0.00000001593628355770 0.00000000099999999970 0.00000000099999999970 0.00000000099999999970 0.00000000099999999970 0.35807904886347258211 0.00000000099999999970 0.64033919880398826319 0.00000000099999999970 0.00158173039625569790
37 37 (0) 2 : 0.00000000099999999969 0.00000000099999999969 0.00000000099999999969 0.00000000099999999969 0.00000000099999999969 0.99999999100000003249 0.00000000099999999969 0.00000000099999999969 0.00000000099999999969 0.00000000099999999969
38 38 (0) 2 : 0.99999999100000014352 0.00000000099999999955 0.00000000099999999955 0.00000000099999999955 0.00000000099999999955 0.00000000099999999955 0.00000000099999999955 0.00000000099999999955 0.00000000099999999955 0.00000000099999999955
39 39 (0) 2 : 0.00000000099999999969 0.00000000099999999969 0.00000000099999999969 0.99999999100000014352 0.00000000099999999969 0.00000000099999999969 0.00000000099999999969 0.00000000099999999969 0.00000000099999999969 0.00000000099999999969
40 40 (0) 2 : 0.00000000099999999978 0.00000000099999999978 0.00000000099999999978 0.32219486141154130010 0.21296176192441604313 0.00000000099999999978 0.17813095498726719268 0.00000000099999999978 0.28671241567677552275 0.00000000099999999978
41 41 (0) 2 : 0.00000000099999999978 0.00000000099999999978 0.00000000099999999978 0.32078569714077975750 0.00102775273959815794 0.00000000099999999978 0.26074043724221201979 0.00000000099999999978 0.41744610687740985044 0.00000000099999999978
42 42 (0) 2 : 0.00000000099999999976 0.00000000099999999976 0.00000000099999999976 0.35003388812005925557 0.00000000099999999976 0.00000000099999999976 0.64996610387994080416 0.00000000099999999976 0.00000000099999999976 0.00000000099999999976
43 43 (0) 2 : 0.00000000099999999979 0.00000000099999999979 0.00000000099999999979 0.17669438071705556581 0.24141448145892030475 0.00000000099999999979 0.22000181287225553661 0.00000000099999999979 0.36188931895176845721 0.00000000099999999979
44 44 (0) 2 : 0.00000000099999999953 0.00000000099999999953 0.00000000099999999953 0.00000000099999999953 0.00000000099999999953 0.00000000099999999953 0.00000000099999999953 0.99999999099999992147 0.00000000099999999953 0.00000000099999999953
45 45 (0) 2 : 0.75542955565181468813 0.00000000099999999988 0.00000000099999999988 0.00000000099999999988 0.00000000099999999988 0.00000000099999999988 0.00000000099999999988 0.24457043634818551037 0.00000000099999999988 0.00000000099999999988
46 46 (0) 2 : 0.00000000099999999967 0.00000000099999999967 0.00000000099999999967 0.00000000099999999967 0.00000000099999999967 0.00000000099999999967 0.00000000099999999967 0.00000000099999999967 0.00000000099999999967 0.99999999099999992147
47 47 (0) 2 : 0.00000000099999999980 0.00000000099999999980 0.00000000099999999980 0.63017396000859438043 0.36982603199140556827 0.00000000099999999980 0.00000000099999999980 0.00000000099999999980 0.00000000099999999980 0.00000000099999999980
48 48 (0) 2 : 0.00000000099999999955 0.00000000099999999955 0.00000000099999999955 0.00000000099999999955 0.00000000099999999955 0.99999999100000014352 0.00000000099999999955 0.00000000099999999955 0.00000000099999999955 0.00000000099999999955
49 49 (0) 1 : 0.00000000099999999986 0.00000000099999999986 0.00000000099999999986 0.00000000099999999986 0.34394168664009550085 0.00000000099999999986 0.00000018434728339816 0.00000000099999999986 0.65605812201262103667 0.00000000099999999986
50 50 (0) 1 : 0.00000000099999999965 0.00000000099999999965 0.00000000099999999965 0.99999999100000003249 0.00000000099999999965 0.00000000099999999965 0.00000000099999999965 0.00000000099999999965 0.00000000099999999965 0.00000000099999999965
51 51 (0) 1 : 0.00000000099999999966 0.00000000099999999966 0.00000000099999999966 0.99999999100000014352 0.00000000099999999966 0.00000000099999999966 0.00000000099999999966 0.00000000099999999966 0.00000000099999999966 0.00000000099999999966
52 52 (0) 1 : 0.00000000099999999970 0.00000000099999999970 0.00000000099999999970 0.01017677809767792742 0.43274953317725667334 0.00000000099999999970 0.27214140114237500567 0.00000000099999999970 0.28493228158269034989 0.00000000099999999970
53 53 (0) 1 : 0.00000000099999999972 0.00934731314860877405 0.00000000099999999972 0.00000000099999999972 0.61352118086203921710 0.00000000099999999972 0.37713149898935199866 0.00000000099999999972 0.00000000099999999972 0.00000000099999999972
54 54 (0) 1 : 0.00000000099999999969 0.00000000099999999969 0.00000000099999999969 0.00000000099999999969 0.00000000099999999969 0.00000000099999999969 0.00000000099999999969 0.00000000099999999969 0.99999999100000003249 0.00000000099999999969
55 55 (0) 1 : 0.00000000099999999991 0.00038278378283749295 0.00000000099999999991 0.37966955305142729982 0.19721570882712782802 0.00000000099999999991 0.21425416498400079446 0.00000000099999999991 0.20847778435460673219 0.00000000099999999991
56 56 (0) 3 : 0.84113618671056289422 0.00000000099999999965 0.15886380528943735979 0.00000000099999999965 0.00000000099999999965 0.00000000099999999965 0.00000000099999999965 0.00000000099999999965 0.00000000099999999965 0.00000000099999999965
57 57 (0) 3 : 0.00000000099999999965 0.00000000099999999965 0.02262229350981945566 0.00000000099999999965 0.00000000099999999965 0.20579310766119138232 0.00000000099999999965 0.44035816154840862202 0.00000000099999999965 0.33122643128058043560
58 58 (0) 3 : 0.00000000099999999954 0.00000000099999999954 0.00000000099999999954 0.00000000099999999954 0.00000000099999999954 0.00000000099999999954 0.00000000099999999954 0.99999999099999992147 0.00000000099999999954 0.00000000099999999954
59 59 (0) 3 : 0.00000000099999999957 0.00000000099999999957 0.00000000099999999957 0.00000000099999999957 0.00000000099999999957 0.00000000099999999957 0.00000000099999999957 0.00000000099999999957 0.00000000099999999957 0.99999999099999992147
60 60 (0) 3 : 0.18019072495672694423 0.00000000099999999976 0.04248650739947233690 0.00000000099999999976 0.00000000099999999976 0.43853217524628668178 0.00000000099999999976 0.33877351203537475755 0.00000000099999999976 0.00001707536213947215
61 61 (0) 3 : 0.00000281832936899495 0.00000000099999999996 0.00000000099999999996 0.00000000099999999996 0.00000000099999999996 0.18098021669001540523 0.00000000099999999996 0.52083886954316183093 0.00000000099999999996 0.29817808943745383043
62 62 (0) 3 : 0.60747863062975948623 0.00000000099999999968 0.00000000099999999968 0.00000000099999999968 0.00000000099999999968 0.39252136137024079554 0.00000000099999999968 0.00000000099999999968 0.00000000099999999968 0.00000000099999999968
63 63 (0) 4 : 0.00000000099999999962 0.99999999100000014352 0.00000000099999999962 0.00000000099999999962 0.00000000099999999962 0.00000000099999999962 0.00000000099999999962 0.00000000099999999962 0.00000000099999999962 0.00000000099999999962
64 64 (0) 4 : 0.00000000099999999967 0.00000000099999999967 0.00000000099999999967 0.00000000099999999967 0.00000000099999999967 0.00000000099999999967 0.00000000099999999967 0.00000000099999999967 0.99999999099999992147 0.00000000099999999967
65 65 (0) 4 : 0.00000000099999999978 0.02374092296887107129 0.00000000099999999978 0.24113214932869164731 0.40462391671718977992 0.00000000099999999978 0.33050300498524759485 0.00000000099999999978 0.00000000099999999978 0.00000000099999999978
66 66 (0) 3 : 0.00000030686849348335 0.00000000099999999969 0.00000000099999999969 0.00000000099999999969 0.00000000099999999969 0.00000000099999999969 0.00000000099999999969 0.38777204098169526514 0.00000000099999999969 0.61222764514981131700
67 67 (0) 3 : 0.00000000099999999962 0.00000000099999999962 0.00000000099999999962 0.00000000099999999962 0.00000000099999999962 0.00000000099999999962 0.00000000099999999962 0.00000000099999999962 0.00000000099999999962 0.99999999100000003249
68 68 (0) 3 : 0.00000000099999999902 0.00000000099999999902 0.99999999100000003249 0.00000000099999999902 0.00000000099999999902 0.00000000099999999902 0.00000000099999999902 0.00000000099999999902 0.00000000099999999902 0.00000000099999999902
69 69 (0) 3 : 0.16947624626453897112 0.00000000099999999970 0.09449656223942433375 0.00000000099999999970 0.00000000099999999970 0.00000000099999999970 0.00000000099999999970 0.00000000099999999970 0.00000000099999999970 0.73602718449603665718
70 70 (0) 3 : 0.00000000099999999951 0.00000000099999999951 0.00000000099999999951 0.00000000099999999951 0.00000000099999999951 0.00000000099999999951 0.00000000099999999951 0.00000000099999999951 0.00000000099999999951 0.99999999100000003249
71 71 (0) 3 : 0.00000000099999999956 0.00000000099999999956 0.00000000099999999956 0.00000000099999999956 0.00000000099999999956 0.99999999100000003249 0.00000000099999999956 0.00000000099999999956 0.00000000099999999956 0.00000000099999999956
72 72 (0) 4 : 0.00000000099999999995 0.03225271560185207637 0.00000000099999999995 0.55781611213976167729 0.00000000099999999995 0.00000000099999999995 0.21322314825759214330 0.00000000099999999995 0.19670801800079421029 0.00000000099999999995
73 73 (0) 4 : 0.00000000099999999997 0.00000000099999999997 0.00000000099999999997 0.42782529259358076379 0.15715125917250125087 0.00000000249490739983 0.21098561490498635163 0.00000000099999999997 0.14104257390667115923 0.06299525292735297377
74 74 (0) 4 : 0.00000000099999999975 0.00000000099999999975 0.00000000099999999975 0.39254176869053564181 0.00000000099999999975 0.00000000099999999975 0.20556045385977086970 0.00000000099999999975 0.40189777044969349218 0.00000000099999999975
75 75 (0) 4 : 0.00000000099999999982 0.00000000099999999982 0.00000000099999999982 0.00000000099999999982 0.43395619194784346151 0.00000000099999999982 0.21831202522372772368 0.00000000099999999982 0.34773177582842873523 0.00000000099999999982
76 76 (0) 4 : 0.00000000099999999971 0.00000000099999999971 0.00000000099999999971 0.72694840997703857877 0.27305158202296136993 0.00000000099999999971 0.00000000099999999971 0.00000000099999999971 0.00000000099999999971 0.00000000099999999971
77 77 (0) 4 : 0.00000000099999999970 0.00000000099999999970 0.00000000099999999970 0.58707142054378214091 0.41292857145621780779 0.00000000099999999970 0.00000000099999999970 0.00000000099999999970 0.00000000099999999970 0.00000000099999999970
78 78 (0) 4 : 0.00000000099999999963 0.00000000099999999963 0.00000000099999999963 0.00000000099999999963 0.00000000099999999963 0.00000000099999999963 0.00000000099999999963 0.00000000099999999963 0.99999999099999992147 0.00000000099999999963
79 79 (0) 3 : 0.00000000099999999957 0.00000000099999999957 0.00000000099999999957 0.00000000099999999957 0.00000000099999999957 0.00000000099999999957 0.99999999099999992147 0.00000000099999999957 0.00000000099999999957 0.00000000099999999957
80 80 (0) 3 : 0.00000000099999999962 0.00000000099999999962 0.00000000099999999962 0.00000000099999999962 0.00000000099999999962 0.99999999100000003249 0.00000000099999999962 0.00000000099999999962 0.00000000099999999962 0.00000000099999999962
81 81 (0) 3 : 0.22198024132361149352 0.00000000099999999987 0.00000000099999999987 0.00000000099999999987 0.00000000099999999987 0.00000000099999999987 0.00000000099999999987 0.52984193257455958204 0.00000000099999999987 0.24817781910182887262
82 82 (0) 3 : 0.47588263742703884596 0.00000000099999999968 0.02664614949158396889 0.00000000099999999968 0.00000000099999999968 0.49747119282530954942 0.00000000099999999968 0.00000000099999999968 0.00000000099999999968 0.00000001425606765798
83 83 (0) 3 : 0.00000000099999999968 0.00000000099999999968 0.00000000099999999968 0.99999999100000003249 0.00000000099999999968 0.00000000099999999968 0.00000000099999999968 0.00000000099999999968 0.00000000099999999968 0.00000000099999999968
84 84 (0) 3 : 0.00000000099999999956 0.00000000099999999956 0.00000000099999999956 0.00000000099999999956 0.99999999100000014352 0.00000000099999999956 0.00000000099999999956 0.00000000099999999956 0.00000000099999999956 0.00000000099999999956
85 85 (0) 3 : 0.00000000099999999966 0.00000000099999999966 0.00000000099999999966 0.00000000099999999966 0.00000000099999999966 0.00000000099999999966 0.00000000099999999966 0.51706927135416491659 0.00000000099999999966 0.48293072064583514313
86 86 (0) 3 : 0.33164988809887507859 0.00000000099999999967 0.00000000099999999967 0.00000000099999999967 0.00000000099999999967 0.00000000099999999967 0.00000000099999999967 0.66835010390112481460 0.00000000099999999967 0.00000000099999999967
87 87 (0) 3 : 0.00000000099999999985 0.00000000099999999985 0.00000000099999999985 0.00000000099999999985 0.00000000099999999985 0.99999999100000014352 0.00000000099999999985 0.00000000099999999985 0.00000000099999999985 0.00000000099999999985
88 88 (0) 3 : 0.00000000099999999960 0.00000000099999999960 0.00000000099999999960 0.00000000099999999960 0.00000000099999999960 0.00000000099999999960 0.00000000099999999960 0.00000000099999999960 0.00000000099999999960 0.99999999100000003249
89 89 (0) 4 : 0.00000000099999999997 0.03599325650328447784 0.00000000099999999997 0.00000000099999999997 0.19886418656255996917 0.00000000099999999997 0.42891979789641798693 0.00000000099999999997 0.30474600736878804108 0.03147674666894968026
90 90 (0) 3 : 0.00000000099999999971 0.00000000099999999971 0.00000000099999999971 0.00000000099999999971 0.00000000099999999971 0.52162830699602447115 0.00000000099999999971 0.21632076346700554459 0.00000000099999999971 0.26205092253697020999
91 91 (0) 3 : 0.00000000099999999963 0.00000000099999999963 0.00017742144087850434 0.00000000099999999963 0.00000000099999999963 0.00000000099999999963 0.00000000099999999963 0.00000000099999999963 0.00000000099999999963 0.99982257055912138188
92 92 (0) 3 : 0.00000008773065683710 0.00000000099999999968 0.22433943984872181665 0.00000000099999999968 0.00000000099999999968 0.46021621338363344345 0.00000000099999999968 0.31544425303698786500 0.00000000099999999968 0.00000000099999999968
93 93 (0) 3 : 0.00000000099999999972 0.00000000099999999972 0.07489953525629351738 0.00000000099999999972 0.00000000099999999972 0.00000000099999999972 0.00000000099999999972 0.00000000099999999972 0.00000000099999999972 0.92510045674370655622
94 94 (0) 3 : 0.00000000099999999997 0.00000000099999999997 0.00000000099999999997 0.00000000099999999997 0.00000000099999999997 0.00000000099999999997 0.18100801333251334557 0.27615781097061709026 0.00000000099999999997 0.54283416869686940132
95 95 (0) 4 : 0.00000000099999999997 0.00000000099999999997 0.00000000099999999997 0.00000000099999999997 0.00000000099999999997 0.00000000099999999997 0.00000000099999999997 0.00000000099999999997 0.88945234185259725024 0.11054765014740274010
96 96 (0) 4 : 0.00000000099999999962 0.00000000099999999962 0.00000000099999999962 0.00000000099999999962 0.00000000099999999962 0.00000000099999999962 0.00000000099999999962 0.00000000099999999962 0.99999999100000003249 0.00000000099999999962
97 97 (0) 4 : 0.00000000099999999985 0.00000000099999999985 0.00000000099999999985 0.50522719574229246753 0.00000000099999999985 0.00000000099999999985 0.00000000099999999985 0.00000000099999999985 0.49477279625770759219 0.00000000099999999985
98 98 (0) 4 : 0.00000000099999999990 0.00000000099999999990 0.00000000099999999990 0.00000000099999999990 0.99999999100000003249 0.00000000099999999990 0.00000000099999999990 0.00000000099999999990 0.00000000099999999990 0.00000000099999999990
99 99 (0) 4 : 0.00000000099999999988 0.03084625006359309474 0.00000000099999999988 0.00000000099999999988 0.28098814039758657213 0.00000000099999999988 0.24036473651245551797 0.00000000099999999988 0.44780086702636467955 0.00000000099999999988
100 100 (0) 4 : 0.00000000099999999962 0.00000000099999999962 0.00000000099999999962 0.00000000099999999962 0.99999999100000014352 0.00000000099999999962 0.00000000099999999962 0.00000000099999999962 0.00000000099999999962 0.00000000099999999962
101 101 (0) 4 : 0.00000000099999999966 0.00000000099999999966 0.00000000099999999966 0.00000000099999999966 0.00000000099999999966 0.00000000099999999966 0.99999999099999992147 0.00000000099999999966 0.00000000099999999966 0.00000000099999999966
102 102 (0) 4 : 0.00000000099999999958 0.00000000099999999958 0.00000000099999999958 0.99999999100000014352 0.00000000099999999958 0.00000000099999999958 0.00000000099999999958 0.00000000099999999958 0.00000000099999999958 0.00000000099999999958
103 103 (0) 4 : 0.00000000099999999946 0.99999999100000025454 0.00000000099999999946 0.00000000099999999946 0.00000000099999999946 0.00000000099999999946 0.00000000099999999946 0.00000000099999999946 0.00000000099999999946 0.00000000099999999946
104 104 (0) 4 : 0.00000000099999999993 0.03777986430991393113 0.00000000099999999993 0.32994178581438093900 0.22309075934596919732 0.00000000099999999993 0.40918758452973608142 0.00000000099999999993 0.00000000099999999993 0.00000000099999999993
105 105 (0) 4 : 0.00000000099999999988 0.00998656060832910086 0.00000000099999999988 0.31345679203368753685 0.13726667588914098772 0.00000000099999999988 0.00000000099999999988 0.00000000099999999988 0.53928996546884211405 0.00000000099999999988
106 106 (0) 4 : 0.00000000099999999996 0.00000000099999999996 0.00000000099999999996 0.00000000099999999996 0.36914211116261835821 0.00000000099999999996 0.63085788083738170151 0.00000000099999999996 0.00000000099999999996 0.00000000099999999996
107 107 (0) 4 : 0.00000000099999999995 0.06332866806430467732 0.00000000099999999995 0.58316035951896738609 0.35349808721842101988 0.00000000099999999995 0.00000983777850049726 0.00000000099999999995 0.00000304241980646029 0.00000000099999999995
108 108 (0) 4 : 0.00000000099999999963 0.00000000099999999963 0.00000000099999999963 0.00000000099999999963 0.99999999100000014352 0.00000000099999999963 0.00000000099999999963 0.00000000099999999963 0.00000000099999999963 0.00000000099999999963
109 109 (0) 4 : 0.00000000099999999964 0.00000000099999999964 0.00000000099999999964 0.00000000099999999964 0.00000000099999999964 0.00000000099999999964 0.99999999100000003249 0.00000000099999999964 0.00000000099999999964 0.00000000099999999964
110 110 (0) 4 : 0.00000000099999999985 0.10118582781144190574 0.00000000099999999985 0.12013882832162690872 0.50875459465669992110 0.00000000099999999985 0.10956588838179637246 0.00000000099999999985 0.16035485582843478358 0.00000000099999999985
111 111 (0) 4 : 0.00000000099999999950 0.99999999100000025454 0.00000000099999999950 0.00000000099999999950 0.00000000099999999950 0.00000000099999999950 0.00000000099999999950 0.00000000099999999950 0.00000000099999999950 0.00000000099999999950
112 112 (0) 4 : 0.00000000099999999970 0.99999999100000014352 0.00000000099999999970 0.00000000099999999970 0.00000000099999999970 0.00000000099999999970 0.00000000099999999970 0.00000000099999999970 0.00000000099999999970 0.00000000099999999970
113 113 (0) 4 : 0.25719320167889803130 0.00000000099999999972 0.02332727106995780009 0.00000000099999999972 0.00000000099999999972 0.00000000099999999972 0.00000000099999999972 0.44820279481323271886 0.00000000099999999972 0.27127672643791128637
114 114 (0) 4 : 0.00000000099999999990 0.00000001723982726254 0.00000000099999999990 0.17110314388031941379 0.00000000099999999990 0.00000000099999999990 0.47754235654828014468 0.00000000099999999990 0.35135447633157318448 0.00000000099999999990
115 115 (0) 4 : 0.00000000099999999964 0.00000000099999999964 0.00000000099999999964 0.00000000099999999964 0.99999999100000014352 0.00000000099999999964 0.00000000099999999964 0.00000000099999999964 0.00000000099999999964 0.00000000099999999964
116 116 (0) 4 : 0.00000000099999999965 0.00000000099999999965 0.00000000099999999965 0.00000000099999999965 0.00000000099999999965 0.00000000099999999965 0.99999999100000003249 0.00000000099999999965 0.00000000099999999965 0.00000000099999999965
1 1 (0) 1 : 0.00000000099999999990 0.00000000099999999990 0.12813258097149510251 0.46687739292792279633 0.00000000099999999990 0.04712698401850892033 0.00000000099999999990 0.00000000099999999990 0.21460407145832846587 0.14325896562374479393
2 2 (0) 1 : 0.00000000099999999989 0.00000000099999999989 0.33085947698756473789 0.00000000099999999989 0.00000000099999999989 0.02892244755061318395 0.00000000099999999989 0.00000000099999999989 0.00000000099999999989 0.64021806846182205408
3 3 (0) 1 : 0.00000000099999999951 0.00000000099999999951 0.00000000099999999951 0.00000000099999999951 0.00000000099999999951 0.99999999100000014352 0.00000000099999999951 0.00000000099999999951 0.00000000099999999951 0.00000000099999999951
4 4 (0) 1 : 0.00000000099999999975 0.00000000099999999975 0.99999999100000003249 0.00000000099999999975 0.00000000099999999975 0.00000000099999999975 0.00000000099999999975 0.00000000099999999975 0.00000000099999999975 0.00000000099999999975
5 5 (0) 1 : 0.00000000099999999967 0.00000000099999999967 0.00000000099999999967 0.00000000099999999967 0.00000000099999999967 0.00000000099999999967 0.00000000099999999967 0.00000000099999999967 0.99999999099999992147 0.00000000099999999967
6 6 (0) 1 : 0.00000000099999999972 0.00000000099999999972 0.00000000099999999972 0.80003074028568577081 0.00000000099999999972 0.19996925171431426116 0.00000000099999999972 0.00000000099999999972 0.00000000099999999972 0.00000000099999999972
7 7 (0) 1 : 0.00000000099999999971 0.00000000099999999971 0.03094635161992711006 0.29036735214923042880 0.00000000099999999971 0.00000000099999999971 0.00000000099999999971 0.00000000099999999971 0.39385131870443984559 0.28483497152640246952
8 8 (0) 1 : 0.00000000099999999961 0.00000000099999999961 0.99999999100000014352 0.00000000099999999961 0.00000000099999999961 0.00000000099999999961 0.00000000099999999961 0.00000000099999999961 0.00000000099999999961 0.00000000099999999961
9 9 (0) 1 : 0.00000000099999999949 0.00000000099999999949 0.00000000099999999949 0.00000000099999999949 0.00000000099999999949 0.99999999100000014352 0.00000000099999999949 0.00000000099999999949 0.00000000099999999949 0.00000000099999999949
10 10 (0) 1 : 0.00000000099999999979 0.00000000099999999979 0.00000000099999999979 0.59750896865451186279 0.00000000099999999979 0.04813654506762267415 0.00000000099999999979 0.00000000099999999979 0.35435447927786539735 0.00000000099999999979
11 11 (0) 1 : 0.00000000099999999983 0.00000000099999999983 0.00000000099999999983 0.52481140114347057946 0.00000000099999999983 0.00000000099999999983 0.00000000099999999983 0.00000000099999999983 0.00106485297045545431 0.47412373888607417527
12 12 (0) 1 : 0.00000000099999999962 0.00000000099999999962 0.00000000099999999962 0.99999999100000014352 0.00000000099999999962 0.00000000099999999962 0.00000000099999999962 0.00000000099999999962 0.00000000099999999962 0.00000000099999999962
13 13 (0) 1 : 0.00000000099999999970 0.00000000099999999970 0.00000000099999999970 0.00000000099999999970 0.00000000099999999970 0.00000000099999999970 0.00000000099999999970 0.00000000099999999970 0.00000000099999999970 0.99999999099999992147
14 14 (0) 1 : 0.00000000099999999969 0.00000000099999999969 0.00000000099999999969 0.00000000099999999969 0.00000000099999999969 0.00000000099999999969 0.00000000099999999969 0.00000000099999999969 0.56106024113440400303 0.43893975086559594567
15 15 (0) 2 : 0.00000000099999999966 0.00000000099999999966 0.99999999100000003249 0.00000000099999999966 0.00000000099999999966 0.00000000099999999966 0.00000000099999999966 0.00000000099999999966 0.00000000099999999966 0.00000000099999999966
16 16 (0) 2 : 0.99999999100000014352 0.00000000099999999963 0.00000000099999999963 0.00000000099999999963 0.00000000099999999963 0.00000000099999999963 0.00000000099999999963 0.00000000099999999963 0.00000000099999999963 0.00000000099999999963
17 17 (0) 2 : 0.00000000099999999940 0.00000000099999999940 0.00000000099999999940 0.00000000099999999940 0.00000000099999999940 0.00000000099999999940 0.00000000099999999940 0.99999999099999992147 0.00000000099999999940 0.00000000099999999940
18 18 (0) 2 : 0.51990260338195737333 0.00000000099999999967 0.00000000099999999967 0.00000000099999999967 0.15746654634895246305 0.00000000099999999967 0.11753739206645523463 0.20509345220263505705 0.00000000099999999967 0.00000000099999999967
19 19 (0) 2 : 0.00000000099999999962 0.99999999100000014352 0.00000000099999999962 0.00000000099999999962 0.00000000099999999962 0.00000000099999999962 0.00000000099999999962 0.00000000099999999962 0.00000000099999999962 0.00000000099999999962
20 20 (0) 2 : 0.76564826067130831166 0.00000000099999999995 0.00000000099999999995 0.00000000099999999995 0.14993899985696762522 0.00000000099999999995 0.08441273247172427496 0.00000000099999999995 0.00000000099999999995 0.00000000099999999995
21 21 (0) 2 : 0.00000000099999999963 0.99999999100000025454 0.00000000099999999963 0.00000000099999999963 0.00000000099999999963 0.00000000099999999963 0.00000000099999999963 0.00000000099999999963 0.00000000099999999963 0.00000000099999999963
22 22 (0) 2 : 0.56263961798971029449 0.23002611539583550648 0.00000000099999999983 0.00000000099999999983 0.00000000099999999983 0.00000000099999999983 0.20701547222372904122 0.00031878839072523068 0.00000000099999999983 0.00000000099999999983
23 23 (0) 1 : 0.00000000099999999995 0.00000000099999999995 0.42552490965362810282 0.00000000913537002239 0.00000000099999999995 0.00000000099999999995 0.02448216545711175834 0.00000000099999999995 0.28138192387782284820 0.26861098687606710378
24 24 (0) 1 : 0.00000000099999999993 0.00000000099999999993 0.00000000099999999993 0.00000000099999999993 0.00000000099999999993 0.00000000099999999993 0.00000000099999999993 0.00000000099999999993 0.74591000305474952636 0.25408998894525053336
25 25 (0) 1 : 0.00000000099999999994 0.00000000099999999994 0.00000000099999999994 0.00000000099999999994 0.00000000099999999994 0.99999999100000003249 0.00000000099999999994 0.00000000099999999994 0.00000000099999999994 0.00000000099999999994
26 26 (0) 1 : 0.00000000099999999963 0.00000000099999999963 0.00000000099999999963 0.00000000099999999963 0.00000000099999999963 0.00000000099999999963 0.00000000099999999963 0.00000000099999999963 0.00000000099999999963 0.99999999099999992147
27 27 (0) 2 : 0.00000000099999999902 0.00000000099999999902 0.00000000099999999902 0.00000000099999999902 0.00000000099999999902 0.00000000099999999902 0.99999999099999992147 0.00000000099999999902 0.00000000099999999902 0.00000000099999999902
28 28 (0) 2 : 0.99999999100000014352 0.00000000099999999951 0.00000000099999999951 0.00000000099999999951 0.00000000099999999951 0.00000000099999999951 0.00000000099999999951 0.00000000099999999951 0.00000000099999999951 0.00000000099999999951
29 29 (0) 2 : 0.00000000099999999961 0.90686616170671108250 0.00000000099999999961 0.00000000099999999961 0.00000000099999999961 0.00000000099999999961 0.09313383029328897722 0.00000000099999999961 0.00000000099999999961 0.00000000099999999961
30 30 (0) 2 : 0.99999999100000014352 0.00000000099999999969 0.00000000099999999969 0.00000000099999999969 0.00000000099999999969 0.00000000099999999969 0.00000000099999999969 0.00000000099999999969 0.00000000099999999969 0.00000000099999999969
31 31 (0) 2 : 0.00000000099999999985 0.00000000099999999985 0.00000000099999999985 0.00000000099999999985 0.99999999100000014352 0.00000000099999999985 0.00000000099999999985 0.00000000099999999985 0.00000000099999999985 0.00000000099999999985
32 32 (0) 2 : 0.00000000099999999999 0.36029864914598808134 0.00000000099999999999 0.00000000099999999999 0.43674190253261385708 0.12646506354197714628 0.07648893107834009442 0.00000544870108071679 0.00000000099999999999 0.00000000099999999999
33 33 (0) 2 : 0.00000000099999999959 0.97547219962861675402 0.00000000099999999959 0.00000000099999999959 0.00000000099999999959 0.00000000099999999959 0.02452779237138342713 0.00000000099999999959 0.00000000099999999959 0.00000000099999999959
34 34 (0) 1 : 0.00000000099999999970 0.00000000099999999970 0.00000000099999999970 0.00000000099999999970 0.00000000099999999970 0.00000000099999999970 0.00000000099999999970 0.00000000099999999970 0.00000000099999999970 0.99999999100000003249
35 35 (0) 2 : 0.28702301033956117982 0.35803379233044613228 0.00000000099999999977 0.00000000099999999977 0.25605806241882644869 0.00000000099999999977 0.00000000099999999977 0.09888512891116631176 0.00000000099999999977 0.00000000099999999977
36 36 (0) 2 : 0.25075240539960863551 0.60406732674756047352 0.00000000099999999975 0.00000000099999999975 0.14131483034201716698 0.00000000099999999975 0.00386543151081382560 0.00000000099999999975 0.00000000099999999975 0.00000000099999999975
37 37 (0) 2 : 0.24756095394929186759 0.33020256875956788267 0.00000000099999999985 0.00000000099999999985 0.08954174375086740301 0.00000000099999999985 0.09585443665382950562 0.23684029188644356578 0.00000000099999999985 0.00000000099999999985
38 38 (0) 2 : 0.00000000099999999938 0.00000000099999999938 0.00000000099999999938 0.00000000099999999938 0.00000000099999999938 0.00000000099999999938 0.00000000099999999938 0.99999999100000003249 0.00000000099999999938 0.00000000099999999938
39 39 (0) 2 : 0.00000000099999999964 0.00000000099999999964 0.00000000099999999964 0.00000000099999999964 0.00000000099999999964 0.00000000099999999964 0.00000000099999999964 0.00000000099999999964 0.99999999099999992147 0.00000000099999999964
40 40 (0) 2 : 0.00000000099999999972 0.00000000099999999972 0.60899611155713517796 0.39100388044286504829 0.00000000099999999972 0.00000000099999999972 0.00000000099999999972 0.00000000099999999972 0.00000000099999999972 0.00000000099999999972
41 41 (0) 2 : 0.00000000099999999974 0.00000000099999999974 0.00000000099999999974 0.48442627127850007573 0.00000000099999999974 0.00000000099999999974 0.00000000099999999974 0.00000000099999999974 0.51557372072149976194 0.00000000099999999974
42 42 (0) 2 : 0.00000000099999999979 0.00000000099999999979 0.24562093472073651124 0.49617459179544387560 0.00000000099999999979 0.00000000099999999979 0.00000000099999999979 0.00000000099999999979 0.00000000099999999979 0.25820446648381983890
43 43 (0) 2 : 0.00000000099999999980 0.00000000099999999980 0.26967732828514029420 0.27989411510247025339 0.00000000099999999980 0.00000000099999999980 0.00000000099999999980 0.00000000099999999980 0.20837244016004716207 0.24205611045234248779
44 44 (0) 2 : 0.70219920833320037534 0.00000000099999999961 0.00000000099999999961 0.00000000099999999961 0.29780078366679985091 0.00000000099999999961 0.00000000099999999961 0.00000000099999999961 0.00000000099999999961 0.00000000099999999961
45 45 (0) 2 : 0.50879350049485261298 0.00000000099999999988 0.00000000099999999988 0.00000000099999999988 0.00000000099999999988 0.00000000099999999988 0.00000000099999999988 0.49120649150514744674 0.00000000099999999988 0.00000000099999999988
46 46 (0) 2 : 0.00010612698070888103 0.99989386501929133910 0.00000000099999999973 0.00000000099999999973 0.00000000099999999973 0.00000000099999999973 0.00000000099999999973 0.00000000099999999973 0.00000000099999999973 0.00000000099999999973
47 47 (0) 2 : 0.00000000099999999982 0.00000000099999999982 0.60205361826022507632 0.09144005816036397671 0.00000000099999999982 0.00000000099999999982 0.00000000099999999982 0.00000000099999999982 0.30650631657941096453 0.00000000099999999982
48 48 (0) 2 : 0.58744366179299423170 0.39340359466674396094 0.00000000099999999970 0.00000000099999999970 0.00000000099999999970 0.00000000099999999970 0.01915273654026206432 0.00000000099999999970 0.00000000099999999970 0.00000000099999999970
49 49 (0) 1 : 0.00000000099999999978 0.00000000099999999978 0.00000000099999999978 0.00000000099999999978 0.00000000099999999978 0.00000000099999999978 0.00000000099999999978 0.00000000099999999978 0.99999999099999992147 0.00000000099999999978
50 50 (0) 1 : 0.00000000099999999975 0.00000000099999999975 0.52388126704835280556 0.25403423765424631986 0.00000000099999999975 0.00000000099999999975 0.00000000099999999975 0.00000000099999999975 0.17625945201280698860 0.04582503728459400016
51 51 (0) 1 : 0.00000000099999999976 0.00000000099999999976 0.38028810215752117951 0.34155376347922006275 0.00000000099999999976 0.00000000099999999976 0.00000000099999999976 0.00000000099999999976 0.27815812736325884469 0.00000000099999999976
52 52 (0) 1 : 0.00000000099999999970 0.00000000099999999970 0.00000001051957967085 0.37790528170031567612 0.00000000099999999970 0.00000000099999999970 0.00000000099999999970 0.00000000099999999970 0.28817308881600828263 0.33392161296409622606
53 53 (0) 1 : 0.00000000099999999974 0.00000000099999999974 0.00000000099999999974 0.60647419288870652032 0.00000000099999999974 0.05226566145527625912 0.00000000099999999974 0.00000000099999999974 0.34126013865601728670 0.00000000099999999974
54 54 (0) 1 : 0.00000000099999999980 0.00000000099999999980 0.19926073822944520564 0.40579055959486864946 0.00000000099999999980 0.00467974222270504253 0.00000000099999999980 0.00000000099999999980 0.16159325479654285118 0.22867570015643839954
55 55 (0) 1 : 0.00000000099999999983 0.00000000099999999983 0.66303488904164142870 0.00000000099999999983 0.00000000099999999983 0.00000000099999999983 0.00000000099999999983 0.00000000099999999983 0.00000000099999999983 0.33696510295835885307
56 56 (0) 3 : 0.00000000099999999972 0.55914427719739379086 0.00000000099999999972 0.00000000099999999972 0.33098299100514982918 0.00000000099999999972 0.10987272479745659182 0.00000000099999999972 0.00000000099999999972 0.00000000099999999972
57 57 (0) 3 : 0.00000000099999999958 0.99999999100000014352 0.00000000099999999958 0.00000000099999999958 0.00000000099999999958 0.00000000099999999958 0.00000000099999999958 0.00000000099999999958 0.00000000099999999958 0.00000000099999999958
58 58 (0) 3 : 0.99999999100000025454 0.00000000099999999958 0.00000000099999999958 0.00000000099999999958 0.00000000099999999958 0.00000000099999999958 0.00000000099999999958 0.00000000099999999958 0.00000000099999999958 0.00000000099999999958
59 59 (0) 3 : 0.00000000099999999944 0.00000000099999999944 0.00000000099999999944 0.00000000099999999944 0.99999999100000014352 0.00000000099999999944 0.00000000099999999944 0.00000000099999999944 0.00000000099999999944 0.00000000099999999944
60 60 (0) 3 : 0.28781970457443162292 0.40358067891322413345 0.00000000099999999976 0.00000000099999999976 0.00088868858215975844 0.00000000099999999976 0.07397353580489517133 0.23373738712528935313 0.00000000099999999976 0.00000000099999999976
61 61 (0) 3 : 0.28077966277724686339 0.32560100829738369832 0.00000000099999999995 0.00000000099999999995 0.37276797261000310657 0.00000000099999999995 0.00000000099999999995 0.02085135031536654651 0.00000000099999999995 0.00000000099999999995
62 62 (0) 3 : 0.00000000099999999965 0.99999999100000014352 0.00000000099999999965 0.00000000099999999965 0.00000000099999999965 0.00000000099999999965 0.00000000099999999965 0.00000000099999999965 0.00000000099999999965 0.00000000099999999965
63 63 (0) 4 : 0.00000000099999999962 0.00000000099999999962 0.00000000099999999962 0.00000000099999999962 0.00000000099999999962 0.99999999100000003249 0.00000000099999999962 0.00000000099999999962 0.00000000099999999962 0.00000000099999999962
64 64 (0) 4 : 0.00000000099999999979 0.00000000099999999979 0.39919628902757703370 0.29080964086457350426 0.00000000099999999979 0.00000000099999999979 0.00000000099999999979 0.00000000099999999979 0.16496392424767691853 0.14503013986017262993
65 65 (0) 4 : 0.00000000099999999967 0.00000000099999999967 0.00000000099999999967 0.99999999100000003249 0.00000000099999999967 0.00000000099999999967 0.00000000099999999967 0.00000000099999999967 0.00000000099999999967 0.00000000099999999967
66 66 (0) 3 : 0.00000000099999999944 0.00000000099999999944 0.00000000099999999944 0.00000000099999999944 0.99999999100000014352 0.00000000099999999944 0.00000000099999999944 0.00000000099999999944 0.00000000099999999944 0.00000000099999999944
67 67 (0) 3 : 0.38004764256589340654 0.60856757331244903941 0.00000000099999999977 0.00000000099999999977 0.00000000099999999977 0.00000000099999999977 0.01138477712165771039 0.00000000099999999977 0.00000000099999999977 0.00000000099999999977
68 68 (0) 3 : 0.00000000099999999903 0.00000000099999999903 0.00000000099999999903 0.00000000099999999903 0.00000000099999999903 0.00000000099999999903 0.99999999100000003249 0.00000000099999999903 0.00000000099999999903 0.00000000099999999903
69 69 (0) 3 : 0.00000000099999999951 0.00000000099999999951 0.00000000099999999951 0.00000000099999999951 0.99999999100000014352 0.00000000099999999951 0.00000000099999999951 0.00000000099999999951 0.00000000099999999951 0.00000000099999999951
70 70 (0) 3 : 0.00000000099999999959 0.51402870007081002957 0.00000000099999999959 0.00000000099999999959 0.48597129192919019669 0.00000000099999999959 0.00000000099999999959 0.00000000099999999959 0.00000000099999999959 0.00000000099999999959
71 71 (0) 3 : 0.62115624757967924374 0.00000000099999999968 0.00000000099999999968 0.00000000099999999968 0.00000000099999999968 0.00000000099999999968 0.03985827258531096651 0.33898547283500995997 0.00000000099999999968 0.00000000099999999968
72 72 (0) 4 : 0.00000000099999999998 0.00000000099999999998 0.22732770388438150455 0.29883314289353457571 0.00269911382020958553 0.02479940382097596541 0.00000000099999999998 0.00000000099999999998 0.10035969951860576610 0.34598093206229252328
73 73 (0) 4 : 0.00000000099999999994 0.00000000099999999994 0.40021874459110134969 0.28796341858279533854 0.07213590350683651842 0.00000000099999999994 0.00000000099999999994 0.00000000099999999994 0.23967980180515008337 0.00000212651411675065
74 74 (0) 4 : 0.00000000099999999977 0.00000000099999999977 0.46234033118955708552 0.30752887319742561179 0.00000000099999999977 0.00000000099999999977 0.00000000099999999977 0.00000000099999999977 0.15117944371322139530 0.07895134589979593831
75 75 (0) 4 : 0.00000000099999999982 0.00000000099999999982 0.00000000099999999982 0.56985124549913768188 0.00000000099999999982 0.00000000099999999982 0.00000000099999999982 0.00000000099999999982 0.28344521060485994290 0.14670353689600240665
76 76 (0) 4 : 0.00000000099999999965 0.00000000099999999965 0.99999999100000003249 0.00000000099999999965 0.00000000099999999965 0.00000000099999999965 0.00000000099999999965 0.00000000099999999965 0.00000000099999999965 0.00000000099999999965
77 77 (0) 4 : 0.00000000099999999964 0.00000000099999999964 0.99999999100000003249 0.00000000099999999964 0.00000000099999999964 0.00000000099999999964 0.00000000099999999964 0.00000000099999999964 0.00000000099999999964 0.00000000099999999964
78 78 (0) 4 : 0.00000000099999999972 0.00000000099999999972 0.40401285387911028968 0.00000000099999999972 0.00000000099999999972 0.00000000099999999972 0.00000000099999999972 0.00000000099999999972 0.22634761682081072642 0.36963952230007890432
79 79 (0) 3 : 0.00000000099999999956 0.00000000099999999956 0.00000000099999999956 0.99999999100000014352 0.00000000099999999956 0.00000000099999999956 0.00000000099999999956 0.00000000099999999956 0.00000000099999999956 0.00000000099999999956
80 80 (0) 3 : 0.39389362735550370598 0.60610636464449652028 0.00000000099999999976 0.00000000099999999976 0.00000000099999999976 0.00000000099999999976 0.00000000099999999976 0.00000000099999999976 0.00000000099999999976 0.00000000099999999976
81 81 (0) 3 : 0.99999999100000014352 0.00000000099999999975 0.00000000099999999975 0.00000000099999999975 0.00000000099999999975 0.00000000099999999975 0.00000000099999999975 0.00000000099999999975 0.00000000099999999975 0.00000000099999999975
82 82 (0) 3 : 0.33117843704472343935 0.39774550548879900047 0.00000000099999999972 0.00000000099999999972 0.00000000099999999972 0.00000000099999999972 0.06168487673146059308 0.20939117473501717148 0.00000000099999999972 0.00000000099999999972
83 83 (0) 3 : 0.00000000099999999967 0.00000000099999999967 0.99999999100000014352 0.00000000099999999967 0.00000000099999999967 0.00000000099999999967 0.00000000099999999967 0.00000000099999999967 0.00000000099999999967 0.00000000099999999967
84 84 (0) 3 : 0.00000000099999999958 0.00000000099999999958 0.00000000099999999958 0.00000000099999999958 0.00000000099999999958 0.00000000099999999958 0.00000000099999999958 0.00000000099999999958 0.99999999099999992147 0.00000000099999999958
85 85 (0) 3 : 0.44177905896344610293 0.00000000099999999959 0.00000000099999999959 0.00000000099999999959 0.55822093303655384577 0.00000000099999999959 0.00000000099999999959 0.00000000099999999959 0.00000000099999999959 0.00000000099999999959
86 86 (0) 3 : 0.00000000099999999941 0.00000000099999999941 0.00000000099999999941 0.00000000099999999941 0.00000000099999999941 0.00000000099999999941 0.00000000099999999941 0.99999999100000003249 0.00000000099999999941 0.00000000099999999941
87 87 (0) 3 : 0.48889983250220447886 0.21943651330967872681 0.00000000099999999995 0.00000000099999999995 0.14072321733669584942 0.00000000099999999995 0.03371955235388163913 0.05910504252368671552 0.05811583797385266870 0.00000000099999999995
88 88 (0) 3 : 0.00000000099999999965 0.99999999100000025454 0.00000000099999999965 0.00000000099999999965 0.00000000099999999965 0.00000000099999999965 0.00000000099999999965 0.00000000099999999965 0.00000000099999999965 0.00000000099999999965
89 89 (0) 4 : 0.00000000099999999998 0.00000000099999999998 0.00000000099999999998 0.37204835159575527781 0.03213832261647001087 0.03501454409362238229 0.00000000099999999998 0.00000000099999999998 0.30331199921708990042 0.25748677747706238961
90 90 (0) 3 : 0.34403217099702604331 0.55621453116644337111 0.00000000099999999974 0.00000000099999999974 0.09975329083653064477 0.00000000099999999974 0.00000000099999999974 0.00000000099999999974 0.00000000099999999974 0.00000000099999999974
91 91 (0) 3 : 0.99999999100000025454 0.00000000099999999966 0.00000000099999999966 0.00000000099999999966 0.00000000099999999966 0.00000000099999999966 0.00000000099999999966 0.00000000099999999966 0.00000000099999999966 0.00000000099999999966
92 92 (0) 3 : 0.54985508666048121817 0.00001383393094682217 0.00000000099999999969 0.00000000099999999969 0.22524638558946080691 0.00000000099999999969 0.22488468781911113981 0.00000000099999999969 0.00000000099999999969 0.00000000099999999969
93 93 (0) 3 : 0.00000000099999999978 0.74357454716155213514 0.00000000099999999978 0.00000000099999999978 0.22379654036096160996 0.00000000099999999978 0.03262890547748638348 0.00000000099999999978 0.00000000099999999978 0.00000000099999999978
94 94 (0) 3 : 0.27327334953033477483 0.43516138045261154588 0.00000000099999999995 0.19269708212084266097 0.09886818189621114639 0.00000000099999999995 0.00000000099999999995 0.00000000099999999995 0.00000000099999999995 0.00000000099999999995
95 95 (0) 4 : 0.00000000099999999994 0.00000000099999999994 0.25308793971705684234 0.32356167135509661392 0.13078480606491107996 0.00335458988354002310 0.00000000099999999994 0.00000000099999999994 0.12405218427767172873 0.16515880470172392136
96 96 (0) 4 : 0.00000000099999999973 0.00000000099999999973 0.39446832097588546695 0.19109163947752647039 0.00000000099999999973 0.00000000099999999973 0.00000000099999999973 0.00000000099999999973 0.41444003254658812185 0.00000000099999999973
97 97 (0) 4 : 0.00000000099999999984 0.00000000099999999984 0.70257003048147781410 0.29742996151852235664 0.00000000099999999984 0.00000000099999999984 0.00000000099999999984 0.00000000099999999984 0.00000000099999999984 0.00000000099999999984
98 98 (0) 4 : 0.00000000099999999999 0.00000000099999999999 0.11884000049889618944 0.21089002080246452286 0.00000000099999999999 0.05555285661960170790 0.00000000099999999999 0.03508862615281434227 0.38054028230838982116 0.19908820961783330050
99 99 (0) 4 : 0.00000000099999999988 0.00000000099999999988 0.00000000099999999988 0.27848627990736579685 0.00000000099999999988 0.03027956244585441534 0.00000000099999999988 0.00000000099999999988 0.49183226190862222582 0.19940188973815742290
100 100 (0) 4 : 0.00000000099999999964 0.00000000099999999964 0.00000000099999999964 0.00000000099999999964 0.00000000099999999964 0.00000000099999999964 0.00000000099999999964 0.00000000099999999964 0.99999999099999992147 0.00000000099999999964
101 101 (0) 4 : 0.00000000099999999964 0.00000000099999999964 0.00000000099999999964 0.99999999100000014352 0.00000000099999999964 0.00000000099999999964 0.00000000099999999964 0.00000000099999999964 0.00000000099999999964 0.00000000099999999964
102 102 (0) 4 : 0.00000000099999999961 0.00000000099999999961 0.99999999100000003249 0.00000000099999999961 0.00000000099999999961 0.00000000099999999961 0.00000000099999999961 0.00000000099999999961 0.00000000099999999961 0.00000000099999999961
103 103 (0) 4 : 0.00000000099999999946 0.00000000099999999946 0.00000000099999999946 0.00000000099999999946 0.00000000099999999946 0.99999999100000003249 0.00000000099999999946 0.00000000099999999946 0.00000000099999999946 0.00000000099999999946
104 104 (0) 4 : 0.00000000099999999980 0.00000000099999999980 0.00000000099999999980 0.00000000099999999980 0.00000000099999999980 0.00000000099999999980 0.00000000099999999980 0.00000000099999999980 0.00000000099999999980 0.99999999099999992147
105 105 (0) 4 : 0.00000000099999999987 0.00000000099999999987 0.67670532007139594377 0.00002341316032464891 0.00000000099999999987 0.00011794346427532328 0.00000000099999999987 0.00000000099999999987 0.00000000099999999987 0.32315331730400409516
106 106 (0) 4 : 0.00000000099999999994 0.00000000099999999994 0.00000000099999999994 0.99999999100000003249 0.00000000099999999994 0.00000000099999999994 0.00000000099999999994 0.00000000099999999994 0.00000000099999999994 0.00000000099999999994
107 107 (0) 4 : 0.00000000099999999995 0.00000000099999999995 0.53911215145650381864 0.00000000099999999995 0.00000000099999999995 0.04980071256318142209 0.00000000099999999995 0.00000000099999999995 0.41108712898031468663 0.00000000099999999995
108 108 (0) 4 : 0.00000000099999999960 0.00000000099999999960 0.00000000099999999960 0.00000000099999999960 0.00000000099999999960 0.00000000099999999960 0.00000000099999999960 0.00000000099999999960 0.99999999099999992147 0.00000000099999999960
109 109 (0) 4 : 0.00000000099999999963 0.00000000099999999963 0.00000000099999999963 0.99999999100000003249 0.00000000099999999963 0.00000000099999999963 0.00000000099999999963 0.00000000099999999963 0.00000000099999999963 0.00000000099999999963
110 110 (0) 4 : 0.00000000099999999985 0.00000000099999999985 0.00000000099999999985 0.00000000099999999985 0.00000000099999999985 0.09906542082917516034 0.00000000099999999985 0.00000000099999999985 0.48687201419049963569 0.41406255798032509663
111 111 (0) 4 : 0.00000000099999999950 0.00000000099999999950 0.00000000099999999950 0.00000000099999999950 0.00000000099999999950 0.99999999100000003249 0.00000000099999999950 0.00000000099999999950 0.00000000099999999950 0.00000000099999999950
112 112 (0) 4 : 0.00000000099999999969 0.00000000099999999969 0.00000000099999999969 0.00000000099999999969 0.00000000099999999969 0.99999999100000014352 0.00000000099999999969 0.00000000099999999969 0.00000000099999999969 0.00000000099999999969
113 113 (0) 4 : 0.30004230048458924163 0.57184643657541212036 0.00000000099999999972 0.00000000099999999972 0.10769416159746589279 0.00000000099999999972 0.02041709534253282124 0.00000000099999999972 0.00000000099999999972 0.00000000099999999972
114 114 (0) 4 : 0.00000000099999999987 0.00000000099999999987 0.00000000099999999987 0.38892348545041777186 0.00000000099999999987 0.00000000099999999987 0.00000000099999999987 0.00000000099999999987 0.00000000099999999987 0.61107650654958212133
115 115 (0) 4 : 0.00000000099999999952 0.00000000099999999952 0.00000000099999999952 0.00000000099999999952 0.00000000099999999952 0.00000000099999999952 0.00000000099999999952 0.00000000099999999952 0.00000000099999999952 0.99999999099999992147
116 116 (0) 4 : 0.00000000099999999961 0.00000000099999999961 0.00000000099999999961 0.00000000099999999961 0.00000000099999999961 0.00000000099999999961 0.00000000099999999961 0.00000000099999999961 0.00000000099999999961 0.99999999099999992147
