1 1 (0) 1 : 0.35723908075572746723 0.31715754490479353134 0.32560337433947905694
2 2 (0) 1 : 0.05504943258508945836 0.26489311947997468133 0.68005744793493583256
3 3 (0) 1 : 0.06559621006076377103 0.00000000100000000000 0.93440378893923625725
4 4 (0) 1 : 0.08346094388424003807 0.49946965324476899628 0.41706940287099097953
5 5 (0) 1 : 0.27316077441984953911 0.32260600836159936122 0.40423321721855104416
6 6 (0) 1 : 0.02328983669525229797 0.49298475504233474354 0.48372540826241289258
7 7 (0) 1 : 0.38751314575427836528 0.05557471347908600479 0.55691214076663564381
8 8 (0) 1 : 0.06600357035319823207 0.00000000100000000000 0.93399642864680176846
9 9 (0) 1 : 0.72048961024976287959 0.08551484492679889415 0.19399554482343825401
10 10 (0) 1 : 0.45889582989725485884 0.54110416778293557449 0.00000000231980957549
11 11 (0) 1 : 0.99999999800000005656 0.00000000099999999998 0.00000000099999999998
12 12 (0) 1 : 0.53052875725310466581 0.03306237916127996446 0.43640886358561542524
13 13 (0) 2 : 0.45642604494824690065 0.11084795943511484284 0.43272599561663821488
14 14 (0) 2 : 0.99999999799999994554 0.00000000099999999997 0.00000000099999999997
15 15 (0) 2 : 0.99999999800000005656 0.00000000099999999999 0.00000000099999999999
16 16 (0) 2 : 0.99999999800000005656 0.00000000099999999999 0.00000000099999999999
17 17 (0) 2 : 0.54068124220373947608 0.00002356742927347282 0.45929519036698707168
18 18 (0) 2 : 0.99999035713732353781 0.00000964186267639829 0.00000000100000000000
19 19 (0) 2 : 0.99744059999068668265 0.00000000100000000000 0.00255939900931320902
20 20 (0) 2 : 0.27905570534827595086 0.19338479948697889776 0.52755949516474520689
21 21 (0) 2 : 0.00000000100000000000 0.00000000108970165343 0.99999999791029825502
22 22 (0) 2 : 0.51664038951988322523 0.27099648314127661175 0.21236312733884019077
23 23 (0) 2 : 0.63357132497411217109 0.00000000100000000000 0.36642867402588774617
24 24 (0) 2 : 0.06805083546436001274 0.27552767432971619899 0.65642149020592388542
25 25 (0) 2 : 0.44581944419537777868 0.15576819771323605068 0.39841235809138625390
26 26 (0) 2 : 0.30930539856681898980 0.22125832182292579087 0.46943627961025524709
27 27 (0) 2 : 0.19960987565876639471 0.31672277420925021296 0.48366735013198342008
28 28 (0) 2 : 0.85321069992461084919 0.00000906457519978200 0.14678023550018928778
29 29 (0) 2 : 0.04616229009283497747 0.28775459245168549804 0.66608311745547943428
30 30 (0) 2 : 0.57525512082841101513 0.00000000100000000000 0.42474487817158906866
31 31 (0) 2 : 0.34957967435773096287 0.47489854800362152343 0.17552177763864754145
32 32 (0) 2 : 0.32478549350586294331 0.67521450549413708497 0.00000000100000000000
33 33 (0) 2 : 0.99999999799999994554 0.00000000099999999997 0.00000000099999999997
34 34 (0) 3 : 0.04326798766294803755 0.29475142689628763826 0.66198058544076432419
35 35 (0) 3 : 0.09108469624531907727 0.00000000100000000000 0.90891530275468102040
36 36 (0) 3 : 0.09481679679622199985 0.56398922462488698670 0.34119397857889111059
37 37 (0) 3 : 0.12473889166950391516 0.43026133634532204297 0.44499977198517398636
38 38 (0) 3 : 0.04221737414868815402 0.53706920178522987719 0.42071342406608186471
39 39 (0) 3 : 0.06764173545951274180 0.56220245650874212107 0.37015580803174513713
40 40 (0) 3 : 0.03884188267323925026 0.61186853114118000541 0.34928958618558075822
41 41 (0) 3 : 0.18312855576935962998 0.41456646378939587816 0.40230498044124457513
42 42 (0) 3 : 0.29362320216250764604 0.17169016701672096259 0.53468663082077139137
43 43 (0) 3 : 0.00000000099999999999 0.99999999800000005656 0.00000000099999999999
44 44 (0) 3 : 0.12745439440771524908 0.27942213868929816067 0.59312346690298667351
45 45 (0) 3 : 0.00000000099999999998 0.43460365731506228615 0.56539634168493779764
46 46 (0) 3 : 0.05754302811934276091 0.55131365077807759079 0.39114332110257976627
47 47 (0) 3 : 0.26077362619380017872 0.30980772902479608577 0.42941864478140384653
48 48 (0) 3 : 0.04190609346052613648 0.18215124456625458871 0.77594266197321926093
49 49 (0) 3 : 0.00000000099999999998 0.00000000099999999998 0.99999999799999994554
50 50 (0) 3 : 0.06237250935398123974 0.55448557343383120255 0.38314191721218754383
51 51 (0) 3 : 0.04347968231282259288 0.95652031668717751867 0.00000000100000000000
52 52 (0) 3 : 0.35028845681410397672 0.45367606520337050435 0.19603547798252549117
53 53 (0) 3 : 0.15910494335456559778 0.00000000100000000000 0.84089505564543443050
54 54 (0) 3 : 0.12522168126000415844 0.55778552370073408717 0.31699279503926180990
55 55 (0) 3 : 0.15099300831190798355 0.16812166329505981444 0.68088532839303217425
56 56 (0) 3 : 0.00000000100000000000 0.55006604295706740260 0.44993395604293257017
57 57 (0) 3 : 0.02962798566942833126 0.46459682151318798526 0.50577519281738370083
58 58 (0) 3 : 0.00000000099999999999 0.41834809794394189897 0.58165190105605790727
59 59 (0) 3 : 0.10930152192882210127 0.89069847707117788538 0.00000000100000000000
60 60 (0) 4 : 0.63451462903244493230 0.21378888014760261127 0.15169649081995251194
61 61 (0) 4 : 0.69854706346011086193 0.30145293553988911084 0.00000000100000000000
62 62 (0) 4 : 0.24903142824960977642 0.61857162939346499453 0.13239694235692522906
63 63 (0) 4 : 0.11856274425267382400 0.30802670033579326869 0.57341055541153285180
64 64 (0) 4 : 0.18366224418581375555 0.81633775481418613396 0.00000000100000000000
65 65 (0) 4 : 0.12661974341513096420 0.69620793281932691343 0.17717232376554215012
66 66 (0) 4 : 0.00000865992487098177 0.99999133907512904873 0.00000000099999999999
67 67 (0) 4 : 0.32216827426537375523 0.33795005679218942385 0.33988166894243682092
68 68 (0) 4 : 0.15461872123583850214 0.43893168889556938295 0.40644958986859208716
69 69 (0) 4 : 0.05350403740063875563 0.27203097991711983061 0.67446498268224153172
70 70 (0) 4 : 0.61499885339232918113 0.38500114560767068062 0.00000000100000000000
71 71 (0) 4 : 0.01268845428333351469 0.71195498319168659673 0.27535656252497975327
72 72 (0) 4 : 0.60349649706194929966 0.16555018210086261399 0.23095332083718808636
73 73 (0) 4 : 0.03515128692077010286 0.22514086419329007449 0.73970784888593987816
74 74 (0) 4 : 0.02956498510001103613 0.58308834229250217085 0.38734667260748678608
75 75 (0) 4 : 0.03943893830874101170 0.41294157292879246635 0.54761948876246646645
76 76 (0) 4 : 0.07416759011813270352 0.32986414941751091012 0.59596826046435635860
77 77 (0) 4 : 0.10374797106239856681 0.32263964385329180207 0.57361238508430956173
78 78 (0) 4 : 0.08427220130767169859 0.35072661383277203839 0.56500118485955630465
79 79 (0) 4 : 0.00000000099999999999 0.28870882636711403535 0.71129117263288588191
80 80 (0) 4 : 0.05974918108018965890 0.47125538822406548567 0.46899543069574489706
81 81 (0) 4 : 0.65868054019284194567 0.24933631464052824489 0.09198314516662989271
82 82 (0) 4 : 0.12209742779265969626 0.00000004543617229747 0.87790252677116797919
83 83 (0) 4 : 0.00000000100000000000 0.33784705509292617398 0.66215294390707390981
84 84 (0) 4 : 0.15025359750582120699 0.53747644842034403290 0.31226995407383489889
85 85 (0) 4 : 0.62861912314738865870 0.08655661065912660657 0.28482426619348472085
86 86 (0) 5 : 0.13923168145394942963 0.63981557129596688949 0.22095274725008368089
87 87 (0) 5 : 0.15669470394047863016 0.29513917669714284653 0.54816611936237857883
88 88 (0) 5 : 0.16954330432957295804 0.56492672879209193670 0.26552996687833507750
89 89 (0) 5 : 0.06809442287035612218 0.00760309566102372256 0.92430248146862004077
90 90 (0) 5 : 0.10622314022553389079 0.34037256681779010092 0.55340429295667614706
91 91 (0) 5 : 0.11895923624195202384 0.35624641254133632140 0.52479435121671169640
92 92 (0) 5 : 0.02374564995957316807 0.48463683665678852774 0.49161751338363834929
93 93 (0) 5 : 0.00000000099999999998 0.00000000099999999998 0.99999999799999994554
94 94 (0) 5 : 0.09631662568522032786 0.63101169420795566456 0.27267168010682396595
95 95 (0) 5 : 0.56005110557414550243 0.24952562823002319425 0.19042326619583127556
96 96 (0) 5 : 0.00000000099999999999 0.51076999749441764909 0.48923000150558243471
97 97 (0) 5 : 0.28278271392166715037 0.26618685599730379510 0.45103043008102899902
98 98 (0) 5 : 0.21234660191557871989 0.78765339708442116962 0.00000000100000000000
99 99 (0) 5 : 0.00000000099999999999 0.00000000099999999999 0.99999999799999994554
100 100 (0) 5 : 0.07732204675344320211 0.92267795224655679842 0.00000000100000000000
101 101 (0) 5 : 0.00906842808910259500 0.50354718568074097185 0.48738438623015650775
102 102 (0) 5 : 0.00000000100000000000 0.47186346601965373226 0.52813653298034624051
103 103 (0) 5 : 0.00000000100000000000 0.99999999800000005656 0.00000000100000000000
104 104 (0) 5 : 0.25511628095288585438 0.41936810307903843453 0.32551561596807560006
105 105 (0) 5 : 0.00325382926304970546 0.63511357378057098355 0.36163259695637933744
106 106 (0) 5 : 0.19429535316661242228 0.00000000100000000000 0.80570464583338752274
107 107 (0) 5 : 0.11403802479822842952 0.40123894258687603509 0.48472303261489552151
108 108 (0) 5 : 0.22238768603373540445 0.27365141079208882280 0.50396090317417585602
109 109 (0) 5 : 0.31166081370987236410 0.00000000100000000000 0.68833918529012760867
110 110 (0) 5 : 0.21612383757467423795 0.21686565444242525413 0.56701050798290042465
111 111 (0) 5 : 0.00000000099999999999 0.59236675211866951507 0.40763324688133056872
112 112 (0) 5 : 0.00000000099999999998 0.00000000099999999998 0.99999999800000005656
113 113 (0) 4 : 0.00000000100000000000 0.73597309278417633038 0.26402690621582375341
114 114 (0) 6 : 0.16898100334128157707 0.41835329646409080695 0.41266570019462761598
115 115 (0) 6 : 0.37446553135755167308 0.61916053209712818006 0.00637393654532014773
116 116 (0) 6 : 0.58317238093045653535 0.28071070048236651528 0.13611691858717694936
117 117 (0) 6 : 0.72231072794627249056 0.00000000099999999999 0.27768927105372753772
118 118 (0) 6 : 0.46395589026271305544 0.00757463372536970082 0.52846947601191729404
119 119 (0) 6 : 0.91824415360990807589 0.00000000100000000000 0.08175584539009191076
120 120 (0) 6 : 0.00000000099999999999 0.34339113628571399373 0.65660886271428586802
121 121 (0) 6 : 0.19420615162498192086 0.53512560104809270278 0.27066824732692540412
122 122 (0) 6 : 0.00831707528625586466 0.19814813304242778758 0.79353479167131635297
123 123 (0) 6 : 0.40914241455402267089 0.29830577581220329986 0.29255180963377402925
124 124 (0) 6 : 0.01788605507817431564 0.61086702401483750080 0.37124692090698807601
125 125 (0) 6 : 0.13411038964165408749 0.00000000100000000000 0.86588960935834580201
126 126 (0) 6 : 0.05973320412857851397 0.24233956598054950948 0.69792722989087196961
127 127 (0) 6 : 0.56127371801719161404 0.15771359890082323196 0.28101268308198518175
128 128 (0) 6 : 0.00000000100000000000 0.43690228482257764675 0.56309771417742238153
129 129 (0) 6 : 0.03515225094246599707 0.53576239258947766508 0.42908535646805645580
130 130 (0) 6 : 0.28185835846833562357 0.15394266333748979347 0.56419897819417463847
131 131 (0) 6 : 0.59006641351902355819 0.00000000100000000000 0.40993358548097641458
132 132 (0) 6 : 0.10058843373530228227 0.39438764781592516862 0.50502391844877259075
133 133 (0) 6 : 0.00000000099999999999 0.00000000099999999999 0.99999999800000005656
134 134 (0) 6 : 0.15751420275623120859 0.53180654397545179535 0.31067925326831713484
135 135 (0) 6 : 0.71704254222873187175 0.12406107191604276441 0.15889638585522544711
136 136 (0) 6 : 0.22415166998689414757 0.44967766109173168410 0.32617066892137414058
137 137 (0) 6 : 0.15878541351818967198 0.28772351099437670774 0.55349107548743359253
138 138 (0) 6 : 0.06068248441032365187 0.29920429302771772706 0.64011322256195857250
139 139 (0) 6 : 0.11800874465921080969 0.63002491654775660823 0.25196633879303259596
140 140 (0) 6 : 0.46668354733699529691 0.45372900205276756047 0.07958745061023718426
141 141 (0) 6 : 0.37295759639814834996 0.00000497461579067939 0.62703742898606107392
142 142 (0) 7 : 0.00000000100000000000 0.43618675760504382888 0.56381324139495603287
143 143 (0) 7 : 0.99999999799999994554 0.00000000100000000000 0.00000000100000000000
144 144 (0) 7 : 0.14883363405807739643 0.39230375459759431189 0.45886261134432837494
145 145 (0) 7 : 0.07830286511143340344 0.63599756936193663215 0.28569956552663011706
146 146 (0) 7 : 0.33759606784551460246 0.31839462537717005963 0.34400930677731539342
147 147 (0) 7 : 0.00000000099999999999 0.51278950370800702174 0.48721049529199300654
148 148 (0) 7 : 0.00000000100000000000 0.71634353122567995253 0.28365646777432002024
149 149 (0) 7 : 0.71692277276418736598 0.28307722623581255128 0.00000000100000000000
150 150 (0) 7 : 0.37118777351066034598 0.11371929144910715437 0.51509293504023245802
151 151 (0) 7 : 0.64777062483984948482 0.35222937416015043244 0.00000000100000000000
152 152 (0) 7 : 0.03050204992115550587 0.70731808831848963504 0.26217986176035501522
153 153 (0) 7 : 0.99999999799999994554 0.00000000099999999997 0.00000000099999999997
154 154 (0) 7 : 0.10552545166923171793 0.45230171501958277291 0.44217283331118556466
155 155 (0) 7 : 0.64115368806785699718 0.00000000100000000000 0.35884631093214308661
156 156 (0) 7 : 0.00000000099999999998 0.99999999799999994554 0.00000000099999999998
157 157 (0) 7 : 0.00000000099999999998 0.99999999800000005656 0.00000000099999999998
158 158 (0) 7 : 0.12489305883979281986 0.44366112407562935394 0.43144581708457774294
159 159 (0) 7 : 0.73116844645167522465 0.26787670447913108918 0.00095484906919363175
160 160 (0) 7 : 0.39592998591198647063 0.26424462188065284129 0.33982539220736079910
161 161 (0) 7 : 0.82445407508843182587 0.00000000099999999999 0.17554592391156831344
162 162 (0) 7 : 0.21335717617644425759 0.20762970707105965484 0.57901311675249622635
163 163 (0) 7 : 0.04168168568016018816 0.95831831331983974298 0.00000000100000000000
164 164 (0) 7 : 0.35288152732312583204 0.36176301846068881218 0.28535545421618530026
165 165 (0) 7 : 0.46791832134691241363 0.00000000099999999999 0.53208167765308744812
166 166 (0) 7 : 0.25019675357993254039 0.38243074853474784414 0.36737249788531967098
167 167 (0) 7 : 0.00000000099999999999 0.99999999800000005656 0.00000000099999999999
168 168 (0) 7 : 0.15921977288408173390 0.52325273760181878480 0.31752748951409953682
169 169 (0) 7 : 0.78122965963593171690 0.00000000100000000000 0.21877033936406828363
1 1 (0) 1 : 0.35401760740977744613 0.30512451633971487963 0.34085787625050767424
2 2 (0) 1 : 0.04889950551678415303 0.37046018794194263135 0.58064030654127318787
3 3 (0) 1 : 0.08316214375453648278 0.33225405730541296423 0.58458379894005063626
4 4 (0) 1 : 0.08347941896533465911 0.38238563136143360888 0.53413494967323171814
5 5 (0) 1 : 0.27259496978734104600 0.35975112797626102035 0.36765390223639787814
6 6 (0) 1 : 0.02130202317591941077 0.43429000832007930155 0.54440796850400130502
7 7 (0) 1 : 0.37734495483827978912 0.23325296283132329611 0.38940208233039691477
8 8 (0) 1 : 0.02267245881008655636 0.00000000100000000000 0.97732754018991341294
9 9 (0) 1 : 0.64644135709976180415 0.00000000100000000000 0.35355864190023827964
10 10 (0) 1 : 0.37019747005348402347 0.01206676207199778098 0.61773576787451811576
11 11 (0) 1 : 0.99999999799999994554 0.00000000099999999998 0.00000000099999999998
12 12 (0) 1 : 0.47004350934548283503 0.00000000100000000000 0.52995648965451713774
13 13 (0) 2 : 0.44776970367107038484 0.16339384642670787273 0.38883644990222165916
14 14 (0) 2 : 0.99999999799999994554 0.00000000099999999997 0.00000000099999999997
15 15 (0) 2 : 0.99999999800000005656 0.00000000099999999999 0.00000000099999999999
16 16 (0) 2 : 0.99999999799999994554 0.00000000099999999999 0.00000000099999999999
17 17 (0) 2 : 0.53852187011185037591 0.00000000100000000000 0.46147812888814965238
18 18 (0) 2 : 0.99999999800000005656 0.00000000100000000000 0.00000000100000000000
19 19 (0) 2 : 0.99925057117331861356 0.00000000100000000000 0.00074942782668134793
20 20 (0) 2 : 0.28030718139679478007 0.33683020445940131671 0.38286261414380401424
21 21 (0) 2 : 0.00000000100000000000 0.20528764648837166673 0.79471235251162830604
22 22 (0) 2 : 0.51288922817504467577 0.24189421862911100747 0.24521655319584426125
23 23 (0) 2 : 0.61328643116269787594 0.00000000100000000000 0.38671356783730220785
24 24 (0) 2 : 0.06677582069025975176 0.23005242405424408680 0.70317175525549624471
25 25 (0) 2 : 0.45801373608000822690 0.00149937791920860927 0.54048688600078309552
26 26 (0) 2 : 0.30260793244669198510 0.22450776916644665793 0.47288429838686130147
27 27 (0) 2 : 0.19645142604166709877 0.53793851502360989780 0.26561005893472294792
28 28 (0) 2 : 0.83236299174408123758 0.00000000100000000000 0.16763700725591873519
29 29 (0) 2 : 0.04788806840601382564 0.36768943825375066670 0.58442249334023543827
30 30 (0) 2 : 0.57576168374736869104 0.00000000100000000000 0.42423831525263139275
31 31 (0) 2 : 0.35354336022462345968 0.54629214488623667467 0.10016449488913982402
32 32 (0) 2 : 0.31621964951100006713 0.68378034948900001666 0.00000000100000000000
33 33 (0) 2 : 0.99999999800000005656 0.00000000099999999998 0.00000000099999999998
34 34 (0) 3 : 0.04535201341685773935 0.45684276011043772892 0.49780522647270458725
35 35 (0) 3 : 0.10314023285088495807 0.33326843117309867814 0.56359133597601640542
36 36 (0) 3 : 0.09409783353564683817 0.46812211168474127110 0.43778005477961184910
37 37 (0) 3 : 0.12111881164812640654 0.43853190084389093162 0.44034928750798263408
38 38 (0) 3 : 0.04474486062580279588 0.47203877843837493966 0.48321636093582231997
39 39 (0) 3 : 0.02953015165648007270 0.97046984672630576263 0.00000000161721406063
40 40 (0) 3 : 0.00000000099999999999 0.99999999799999994554 0.00000000099999999999
41 41 (0) 3 : 0.18060012123649910043 0.58811220471626457496 0.23128767404723629686
42 42 (0) 3 : 0.29305011268688929693 0.13020881901880529408 0.57674106829430538124
43 43 (0) 3 : 0.00000000099999999999 0.99999999800000005656 0.00000000099999999999
44 44 (0) 3 : 0.13044132153862264545 0.23770218881468463401 0.63185648964669283156
45 45 (0) 3 : 0.00000000099999999998 0.40252474205136712371 0.59747525694863290457
46 46 (0) 3 : 0.05090554287290705721 0.74371845098526501161 0.20537600614182802139
47 47 (0) 3 : 0.26097783704119376091 0.24115965530356262003 0.49786250765524364681
48 48 (0) 3 : 0.04827733680722143955 0.32744458895647426955 0.62427807423630421457
49 49 (0) 3 : 0.00000000099999999998 0.00000000099999999998 0.99999999799999994554
50 50 (0) 3 : 0.06195358739878552984 0.52771684700037391202 0.41032956560084049569
51 51 (0) 3 : 0.01475367626460331698 0.98524632273539658467 0.00000000100000000000
52 52 (0) 3 : 0.34782641584129209145 0.50615818463519923753 0.14601539952350875429
53 53 (0) 3 : 0.15568194140369337464 0.24811501794198603799 0.59620304065432050411
54 54 (0) 3 : 0.11988188169193579602 0.59951932540511210235 0.28059879290295219878
55 55 (0) 3 : 0.14225387309573248040 0.00000000100000000000 0.85774612590426757563
56 56 (0) 3 : 0.00000000100000000000 0.49566346104900638192 0.50433653795099375738
57 57 (0) 3 : 0.01471838311176897757 0.25832787408485197167 0.72695374280337898831
58 58 (0) 3 : 0.00000000100000000000 0.37024617174542123754 0.62975382725457862421
59 59 (0) 3 : 0.09278515936829173638 0.90721483963170823639 0.00000000099999999999
60 60 (0) 4 : 0.64596182775836463730 0.31174500254829645707 0.04229316969333890563
61 61 (0) 4 : 0.68715595970573162266 0.31284403929426829460 0.00000000100000000000
62 62 (0) 4 : 0.25061202505019253284 0.69504375731860679188 0.05434421763120057119
63 63 (0) 4 : 0.11700757142999664018 0.29522850070895928498 0.58776392786104403321
64 64 (0) 4 : 0.18509949153519045240 0.57800697746712681457 0.23689353099768267752
65 65 (0) 4 : 0.12035528490759050957 0.87964471409240940769 0.00000000100000000000
66 66 (0) 4 : 0.00001085699203698520 0.99998914200796285012 0.00000000100000000000
67 67 (0) 4 : 0.32085819929510284165 0.30042721959833001977 0.37871458110656702756
68 68 (0) 4 : 0.15182383586805955900 0.46395573904114606467 0.38422042509079445960
69 69 (0) 4 : 0.05136381139199127505 0.27931039996014372928 0.66932578864786507200
70 70 (0) 4 : 0.60347167221570408024 0.39652832678429578150 0.00000000100000000000
71 71 (0) 4 : 0.00000161482191194481 0.81193405238688487469 0.18806433279120315927
72 72 (0) 4 : 0.61321355733733584614 0.00000000100000000000 0.38678644166266429316
73 73 (0) 4 : 0.00000804016912134357 0.00000000100000000000 0.99999195883087865777
74 74 (0) 4 : 0.00000467400134470885 0.99999532499865517732 0.00000000100000000000
75 75 (0) 4 : 0.03563191866901214283 0.58841589054324128227 0.37595219078774660959
76 76 (0) 4 : 0.06839544682889182881 0.32630722998527139644 0.60529732318583684414
77 77 (0) 4 : 0.11376379000108138850 0.27117629462104408944 0.61505991537787452206
78 78 (0) 4 : 0.07572482943403768818 0.42541156086936565695 0.49886360969659665487
79 79 (0) 4 : 0.00000000099999999999 0.47594919529075202513 0.52405080370924794764
80 80 (0) 4 : 0.03397824838609909970 0.00000000100000000000 0.96602175061390094246
81 81 (0) 4 : 0.64987153414931353446 0.25503248822465524048 0.09509597762603112792
82 82 (0) 4 : 0.10334387549333770573 0.54114360694867869039 0.35551251755798363163
83 83 (0) 4 : 0.00004127819342158163 0.35246306844691266402 0.64749565335966585700
84 84 (0) 4 : 0.15082618270262929117 0.49903646813315949426 0.35013734916421124232
85 85 (0) 4 : 0.62752840749607596837 0.00000000100000000000 0.37247159150392400440
86 86 (0) 5 : 0.11912896549835479132 0.88086436714786375823 0.00000666735378132839
87 87 (0) 5 : 0.15391335962565849682 0.29395026646150135274 0.55213637391284020595
88 88 (0) 5 : 0.16926136504360816959 0.59049387743324954769 0.24024475752314231047
89 89 (0) 5 : 0.06057938338199255618 0.16907153127562410400 0.77034908534238333289
90 90 (0) 5 : 0.09263374859951042928 0.55655524149253332578 0.35081100990795621719
91 91 (0) 5 : 0.11709055622733480218 0.47843893995073932812 0.40447050382192589746
92 92 (0) 5 : 0.01668868389673855077 0.56716179135642130760 0.41614952474684024919
93 93 (0) 5 : 0.00000000099999999998 0.00000000099999999998 0.99999999799999994554
94 94 (0) 5 : 0.08046201727612753429 0.65951477017435422567 0.26002321254951821228
95 95 (0) 5 : 0.55441988900630234660 0.15340252355958478025 0.29217758743411298417
96 96 (0) 5 : 0.00000000099999999999 0.45337472131333322878 0.54662527768666679950
97 97 (0) 5 : 0.29014114783805800002 0.00000000100000000000 0.70985885116194191724
98 98 (0) 5 : 0.19789455259343241567 0.80210544640656766813 0.00000000100000000000
99 99 (0) 5 : 0.00000000099999999999 0.00000000099999999999 0.99999999799999994554
100 100 (0) 5 : 0.10989582339613736262 0.72668226924439893732 0.16342190735946371394
101 101 (0) 5 : 0.00530367122341943598 0.60196624886854410708 0.39273007990803643352
102 102 (0) 5 : 0.00000000100000000000 0.64495894413448340288 0.35504105486551668092
103 103 (0) 5 : 0.01376644686407714827 0.98623355213592278634 0.00000000100000000000
104 104 (0) 5 : 0.25452497041973026759 0.45517830552688159917 0.29029672405338824426
105 105 (0) 5 : 0.00000000100000000000 0.46682343356685451763 0.53317656543314528861
106 106 (0) 5 : 0.20487481257385167788 0.34409179458674155061 0.45103339283940691029
107 107 (0) 5 : 0.11425134899404842947 0.59722655429238002966 0.28852209671357154086
108 108 (0) 5 : 0.21979538257235398113 0.38626101923770467250 0.39394359818994123534
109 109 (0) 5 : 0.34228845584214656617 0.00000000100000000000 0.65771154315785340660
110 110 (0) 5 : 0.22085370964732012333 0.09669530228836045738 0.68245098806431925276
111 111 (0) 5 : 0.00000000099999999999 0.66460898412879121366 0.33539101487120875911
112 112 (0) 5 : 0.00000000099999999998 0.00000000099999999998 0.99999999800000005656
113 113 (0) 4 : 0.00000215306854633197 0.44987025648507256159 0.55012759044638115391
114 114 (0) 6 : 0.16903482775917444414 0.40889398686476974287 0.42207118537605575748
115 115 (0) 6 : 0.36087711011320372512 0.41818699840542711277 0.22093589148136927314
116 116 (0) 6 : 0.59578604559486880721 0.40019490520035955194 0.00401904920477170590
117 117 (0) 6 : 0.73112159025048195637 0.00000000100000000000 0.26887840874951812742
118 118 (0) 6 : 0.45779931495031678246 0.08452211136025587768 0.45767857368942732599
119 119 (0) 6 : 0.90556414857585010303 0.09443585042414992525 0.00000000100000000000
120 120 (0) 6 : 0.00000000099999999998 0.00000000099999999998 0.99999999799999994554
121 121 (0) 6 : 0.18474995562697643647 0.47396509176843654165 0.34128495260458702187
122 122 (0) 6 : 0.00814844828879324884 0.30901991112349092017 0.68283164058771594895
123 123 (0) 6 : 0.40972453274700926240 0.19548549962574809924 0.39478996762724255509
124 124 (0) 6 : 0.01274203673976978535 0.63270404680294511923 0.35455391645728512318
125 125 (0) 6 : 0.15648915175766056618 0.00001464657374087368 0.84349620166859851089
126 126 (0) 6 : 0.06820947746737206219 0.35550003306602462327 0.57629048946660332842
127 127 (0) 6 : 0.56140848708453139349 0.00000000100000000000 0.43859151191546874582
128 128 (0) 6 : 0.00000000099999999999 0.00000000099999999999 0.99999999799999994554
129 129 (0) 6 : 0.03234496233499699336 0.46887130202420668201 0.49878373564079636626
130 130 (0) 6 : 0.28246497582303575768 0.18865622606020723828 0.52887879811675697628
131 131 (0) 6 : 0.59157088161630855261 0.00000000100000000000 0.40842911738369147567
132 132 (0) 6 : 0.09690437616713516722 0.44512667757036195049 0.45796894626250289617
133 133 (0) 6 : 0.00000000099999999999 0.00000000099999999999 0.99999999799999994554
134 134 (0) 6 : 0.15612900967548029585 0.54349123008445243688 0.30037976024006718401
135 135 (0) 6 : 0.71027812697326453417 0.28972187202673538309 0.00000000100000000000
136 136 (0) 6 : 0.21382490783509749965 0.57164466942327751831 0.21453042274162500980
137 137 (0) 6 : 0.15431468454801697265 0.33822712203898319672 0.50745819341299980287
138 138 (0) 6 : 0.07264078982130633966 0.54184393878179271109 0.38551527139690094925
139 139 (0) 6 : 0.11999109120912004878 0.46920607572961936516 0.41080283306126064158
140 140 (0) 6 : 0.45965073979959991668 0.30449482964445828692 0.23585443055594187967
141 141 (0) 6 : 0.35822199464718196271 0.25040170831132985141 0.39137629704148818588
142 142 (0) 7 : 0.00000000100000000000 0.46152882088879565448 0.53847117811120437381
143 143 (0) 7 : 0.95866903478601639410 0.00000000100000000000 0.04133096421398368969
144 144 (0) 7 : 0.15032303178266018251 0.41149149656222405724 0.43818547165511578800
145 145 (0) 7 : 0.07541709808939905946 0.45953917962348100890 0.46504372228711993165
146 146 (0) 7 : 0.34316001610306312575 0.65683998289693690253 0.00000000100000000000
147 147 (0) 7 : 0.00000000099999999999 0.52321638941958126257 0.47678360958041887674
148 148 (0) 7 : 0.00000000100000000000 0.70284411912518562904 0.29715587987481445476
149 149 (0) 7 : 0.71713394231058436024 0.23435592749279757219 0.04851013019661806758
150 150 (0) 7 : 0.37038529086044502669 0.28299262223565346819 0.34662208690390156063
151 151 (0) 7 : 0.64130319908031263587 0.35869679991968733690 0.00000000100000000000
152 152 (0) 7 : 0.01887677269177110567 0.82191215033045594840 0.15921107697777295287
153 153 (0) 7 : 0.99999999799999994554 0.00000000099999999997 0.00000000099999999997
154 154 (0) 7 : 0.10310047223851324938 0.43909805595397299882 0.45780147180751379343
155 155 (0) 7 : 0.65986068962186916753 0.00000035120152092881 0.34013895917660980084
156 156 (0) 7 : 0.00000000099999999998 0.99999999799999994554 0.00000000099999999998
157 157 (0) 7 : 0.00000000099999999998 0.99999999799999994554 0.00000000099999999998
158 158 (0) 7 : 0.11333973327904016404 0.68249102898025770791 0.20416923774070219744
159 159 (0) 7 : 0.72662686254588482182 0.23401802488570228045 0.03935511256841289079
160 160 (0) 7 : 0.39044650710549211325 0.15339588168899012666 0.45615761120551784336
161 161 (0) 7 : 0.85042422193805977670 0.14892250532455234002 0.00065327273738782722
162 162 (0) 7 : 0.21942010808037440417 0.03772171814137825763 0.74285817377824736596
163 163 (0) 7 : 0.03541074412681731454 0.61550911567970534310 0.34908014019347732848
164 164 (0) 7 : 0.37087038744673594959 0.62912961155326407869 0.00000000100000000000
165 165 (0) 7 : 0.46861568866354103013 0.00000000099999999999 0.53138431033645905366
166 166 (0) 7 : 0.24914430319208075160 0.23648794333910894139 0.51436775346881036253
167 167 (0) 7 : 0.00000000099999999999 0.82806418841075279946 0.17193581058924722882
168 168 (0) 7 : 0.14946472385419079520 0.62236830869131631871 0.22816696745449294159
169 169 (0) 7 : 0.77063524803729765988 0.00000000100000000000 0.22936475096270239615
1 1 (0) 1 : 0.31486827264214661826 0.35683344843989150963 0.32829827891796187211
2 2 (0) 1 : 0.26237966967307191357 0.04419645402291894759 0.69342387630400925680
3 3 (0) 1 : 0.45365739800184801123 0.07684220271456801421 0.46950039928358411334
4 4 (0) 1 : 0.28066271663095310185 0.09221742310209853077 0.62711986026694832574
5 5 (0) 1 : 0.37709920519463968613 0.26813050006478250653 0.35477029474057780734
6 6 (0) 1 : 0.51894401711063653515 0.02362677404802975348 0.45742920884133370096
7 7 (0) 1 : 0.06793662021611257540 0.37513098913998904615 0.55693239064389832294
8 8 (0) 1 : 0.00347640566947998069 0.11508757342421636893 0.88143602090630368551
9 9 (0) 1 : 0.00000000100000000000 0.67991733020148648059 0.32008266879851360320
10 10 (0) 1 : 0.49847782330491652303 0.50130819521867719946 0.00021398147640620384
11 11 (0) 1 : 0.00000000099999999998 0.99999999799999994554 0.00000000099999999998
12 12 (0) 1 : 0.00000000100000000000 0.49565739071795272830 0.50434260828204735549
13 13 (0) 2 : 0.16223106238713164151 0.45029666951231656080 0.38747226810055168666
14 14 (0) 2 : 0.00000000099999999997 0.99999999799999994554 0.00000000099999999997
15 15 (0) 2 : 0.00000000099999999999 0.99999999799999994554 0.00000000099999999999
16 16 (0) 2 : 0.00000000099999999999 0.99999999799999994554 0.00000000099999999999
17 17 (0) 2 : 0.00000000100000000000 0.51890819671859900186 0.48109180228140108193
18 18 (0) 2 : 0.00000039276605188399 0.99999960623394801296 0.00000000100000000000
19 19 (0) 2 : 0.00000000100000000000 0.99999611254229425761 0.00000388645770567487
20 20 (0) 2 : 0.39879935939646571352 0.28395100574299103613 0.31724963486054330586
21 21 (0) 2 : 0.00001543544566937885 0.00000000100000000000 0.99998456355433062992
22 22 (0) 2 : 0.27894586444724001062 0.51607522326332466722 0.20497891228943537767
23 23 (0) 2 : 0.00000000100000000000 0.63358039638482299694 0.36641960261517708686
24 24 (0) 2 : 0.00000000099999999999 0.01452760890699529225 0.98547239009300469093
25 25 (0) 2 : 0.18985921748789671981 0.43609578236032792153 0.37404500015177533090
26 26 (0) 2 : 0.45530004561074466363 0.31009402291404025709 0.23460593147521499602
27 27 (0) 2 : 0.41596111146481989929 0.19734359666784048737 0.38669529186733958559
28 28 (0) 2 : 0.00000000100000000000 0.82045477497074070783 0.17954522402925945923
29 29 (0) 2 : 0.30424044543799005913 0.04057771266048376679 0.65518184190152606305
30 30 (0) 2 : 0.04021329230122510506 0.57143271567201203709 0.38835399202676301744
31 31 (0) 2 : 0.31743754344154734293 0.34300982899737336718 0.33955262756107923439
32 32 (0) 2 : 0.66921851269991106115 0.33066181966237645495 0.00011966763771255780
33 33 (0) 2 : 0.00000000099999999997 0.99999999800000005656 0.00000000099999999997
34 34 (0) 3 : 0.37414951374316246513 0.03339698974164623246 0.59245349651519130241
35 35 (0) 3 : 0.00000000099999999999 0.02669193699294280034 0.97330806200705721754
36 36 (0) 3 : 0.47897797344712927936 0.09112510889785829793 0.42989691765501247822
37 37 (0) 3 : 0.37124371098639341593 0.11604168128347175371 0.51271460773013488588
38 38 (0) 3 : 0.66769549114458981443 0.03765749650303139295 0.29464701235237888977
39 39 (0) 3 : 0.65667479072699008746 0.06976096455028235610 0.27356424472272755644
40 40 (0) 3 : 0.99999999799999994554 0.00000000099999999999 0.00000000099999999999
41 41 (0) 3 : 0.48648413076804725153 0.18357797776272782864 0.32993789146922491984
42 42 (0) 3 : 0.22046591454514288810 0.29190541898580352198 0.48762866646905361767
43 43 (0) 3 : 0.70855649180765190032 0.03823577464645778329 0.25320773354589037885
44 44 (0) 3 : 0.30132914853997716520 0.13068209440025807533 0.56798875705976481498
45 45 (0) 3 : 0.34226086612775297180 0.00000000099999999998 0.65773913287224705648
46 46 (0) 3 : 0.71935429934963779353 0.05548212457674069759 0.22516357607362144644
47 47 (0) 3 : 0.28021908848659010660 0.25390204585319098296 0.46587886566021885493
48 48 (0) 3 : 0.21276723000478214853 0.02237861250287442524 0.76485415749234342275
49 49 (0) 3 : 0.00000000099999999998 0.00000000099999999998 0.99999999799999994554
50 50 (0) 3 : 0.57135857305611015278 0.06397594183455365680 0.36466548510933627369
51 51 (0) 3 : 0.67262134335594836454 0.06459552680083607834 0.26278312984321561263
52 52 (0) 3 : 0.52116902394133601817 0.35083875579814316481 0.12799222026052087253
53 53 (0) 3 : 0.00000234815947538385 0.16357514912339826685 0.83642250271712637044
54 54 (0) 3 : 0.87992620536853138891 0.12007379363146845896 0.00000000100000000000
55 55 (0) 3 : 0.28850369995996777428 0.15172101301963153430 0.55977528702040069142
56 56 (0) 3 : 0.99999999800000005656 0.00000000099999999999 0.00000000099999999999
57 57 (0) 3 : 0.36411068262177614940 0.02355328938014448342 0.61233602799807929085
58 58 (0) 3 : 0.58379136002988862852 0.00000000100000000000 0.41620863897011134425
59 59 (0) 3 : 0.87747890668364580957 0.12252109231635413544 0.00000000100000000000
60 60 (0) 4 : 0.21907254008747656382 0.63009592062095431952 0.15083153929156919992
61 61 (0) 4 : 0.00000036512790720272 0.68986064107216071850 0.31013899379993203897
62 62 (0) 4 : 0.47787004657450693479 0.24672416159787860512 0.27540579182761448784
63 63 (0) 4 : 0.30842472362411155196 0.11369265118471232057 0.57788262519117616911
64 64 (0) 4 : 0.56369891434220942283 0.18577127296591111616 0.25052981269187946101
65 65 (0) 4 : 0.55038312248870824295 0.12666210316109161038 0.32295477435020009116
66 66 (0) 4 : 0.66207784898151966768 0.06932845469417731055 0.26859369632430302177
67 67 (0) 4 : 0.32008239760183321287 0.31510714811252021894 0.36481045428564645716
68 68 (0) 4 : 0.48566851501143881720 0.15090825472417221387 0.36342323026438899669
69 69 (0) 4 : 0.00000000099999999999 0.00000000099999999999 0.99999999799999994554
70 70 (0) 4 : 0.38444852077579011462 0.61555147822420985815 0.00000000100000000000
71 71 (0) 4 : 0.69015074756950078871 0.01719736341252623216 0.29265188901797301035
72 72 (0) 4 : 0.00000000100000000000 0.58940962108708794265 0.41059037791291219666
73 73 (0) 4 : 0.35831866285962182817 0.04518586543455224008 0.59649547170582595257
74 74 (0) 4 : 0.43434250539120117240 0.03367107078414674493 0.53198642382465211043
75 75 (0) 4 : 0.31995187685299553149 0.02420589548918273756 0.65584222765782174136
76 76 (0) 4 : 0.00000000100000000000 0.02333957385755110539 0.97666042514244888473
77 77 (0) 4 : 0.54682643167276079321 0.11727958517553073448 0.33589398315170854170
78 78 (0) 4 : 0.54789400740609650597 0.07956897345926693121 0.37253701913463660444
79 79 (0) 4 : 0.36930991264438850497 0.00000000099999999999 0.63069008635561141229
80 80 (0) 4 : 0.39869671626495728489 0.04623569793922516213 0.55506758579581749746
81 81 (0) 4 : 0.24892720594891440400 0.66463031072419531675 0.08644248332689030700
82 82 (0) 4 : 0.37631838305366938080 0.11781699900277207982 0.50586461794355852550
83 83 (0) 4 : 0.38968901090749896721 0.00000005376244258985 0.61031093533005842389
84 84 (0) 4 : 0.47126137957918318167 0.15252703817355017790 0.37621158224726658492
85 85 (0) 4 : 0.11386181916533658076 0.62069431474378733427 0.26544386609087622375
86 86 (0) 5 : 0.87782586942138018937 0.12217412957861974176 0.00000000100000000000
87 87 (0) 5 : 0.39656454448557365566 0.15264601775659619731 0.45078943775783009151
88 88 (0) 5 : 0.50541330885512947280 0.16996903146409658714 0.32461765968077394007
89 89 (0) 5 : 0.42121367751391397549 0.05152446665449046670 0.52726185583159557169
90 90 (0) 5 : 0.39972567925797747312 0.09566059350822035678 0.50461372723380215621
91 91 (0) 5 : 0.87399198025218249875 0.12600801874781733525 0.00000000100000000000
92 92 (0) 5 : 0.46013502640976050584 0.01283905706963872455 0.52702591652060071237
93 93 (0) 5 : 0.00000000099999999999 0.00000000099999999999 0.99999999800000005656
94 94 (0) 5 : 0.62453801954406984454 0.09503465426459420384 0.28042732619133597938
95 95 (0) 5 : 0.42890779947510632164 0.57109219952489376215 0.00000000100000000000
96 96 (0) 5 : 0.59603663364079517706 0.00000000099999999999 0.40396336535920501776
97 97 (0) 5 : 0.18837294788502956244 0.27759217391265827990 0.53403487820231221317
98 98 (0) 5 : 0.76763370068768754795 0.23236629831231236931 0.00000000100000000000
99 99 (0) 5 : 0.00000000100000000000 0.00000000100000000000 0.99999999799999994554
100 100 (0) 5 : 0.65180562308620537681 0.10699065786748220008 0.24120371904631238147
101 101 (0) 5 : 0.99999999800000005656 0.00000000100000000000 0.00000000100000000000
102 102 (0) 5 : 0.59322784388901239616 0.00000000100000000000 0.40677215511098774314
103 103 (0) 5 : 0.99828573439310730464 0.00171426460689272212 0.00000000100000000000
104 104 (0) 5 : 0.41553916547280717042 0.25532119931172914118 0.32913963521546374391
105 105 (0) 5 : 0.53054512209443482895 0.00310315544832955341 0.46635172245723577333
106 106 (0) 5 : 0.00000000100000000000 0.18679428635867237340 0.81320571264132768263
107 107 (0) 5 : 0.62196687485527879513 0.11815105424804635270 0.25988207089667481053
108 108 (0) 5 : 0.28629285733666964830 0.21365580570501357949 0.50005133695831682772
109 109 (0) 5 : 0.00000000100000000000 0.32158773318612765557 0.67841226581387237271
110 110 (0) 5 : 0.08088230335964283202 0.21980978019545815982 0.69930791644489898040
111 111 (0) 5 : 0.50294200002821587425 0.00000000099999999999 0.49705799897178409852
112 112 (0) 5 : 0.00000000099999999997 0.00000000099999999997 0.99999999799999994554
113 113 (0) 4 : 0.49688451353083262774 0.00000000100000000000 0.50311548546916717850
114 114 (0) 6 : 0.40003097895807104845 0.16549266100071227670 0.43447636004121664710
115 115 (0) 6 : 0.22561805941158480371 0.35373975446461103367 0.42064218612380410711
116 116 (0) 6 : 0.23447794690487228086 0.57442936974176639353 0.19109268335336132560
117 117 (0) 6 : 0.00000000100000000000 0.73407423964370166480 0.26592575935629841899
118 118 (0) 6 : 0.23642156546847320486 0.45428488443339876124 0.30929355009812808941
119 119 (0) 6 : 0.00000000100000000000 0.91284280286821861683 0.08715719613178149472
120 120 (0) 6 : 0.36987902256640953214 0.00000000099999999999 0.63012097643359044064
121 121 (0) 6 : 0.36973382566334467292 0.18490156007648375636 0.44536461426017165399
122 122 (0) 6 : 0.00000000100000000000 0.00000000100000000000 0.99999999799999994554
123 123 (0) 6 : 0.00000000100000000000 0.39812045027824655152 0.60187954872175342125
124 124 (0) 6 : 0.53020158124283633949 0.01952146519096838173 0.45027695356619518163
125 125 (0) 6 : 0.21217942969614356219 0.14270309442350151419 0.64511747588035506240
126 126 (0) 6 : 0.34823175489694258022 0.06383477934820092070 0.58793346575485649907
127 127 (0) 6 : 0.07588538968613731117 0.55527313708513947876 0.36884147322872318231
128 128 (0) 6 : 0.44992734066554795902 0.00000000100000000000 0.55007265833445195824
129 129 (0) 6 : 0.33018912960870505646 0.01750745097162362957 0.65230341941967140418
130 130 (0) 6 : 0.14190779268040026873 0.26368292125074838106 0.59440928606885135022
131 131 (0) 6 : 0.00000000100000000000 0.57426997533729740031 0.42573002366270251695
132 132 (0) 6 : 0.36690049069187219422 0.09129032678824955394 0.54180918251987830736
133 133 (0) 6 : 0.00000000099999999999 0.00000000099999999999 0.99999999799999994554
134 134 (0) 6 : 0.52503349259027154439 0.15793267910832262113 0.31703382830140591775
135 135 (0) 6 : 0.00000000100000000000 0.70711673448850731472 0.29288326451149260254
136 136 (0) 6 : 0.38016507892039330674 0.21765219379101441444 0.40218272728859227882
137 137 (0) 6 : 0.27487146623999847428 0.15434923993411278631 0.57077929382588887819
138 138 (0) 6 : 0.32995214387303611892 0.06042906659479588966 0.60961878953216797061
139 139 (0) 6 : 0.61711419869798977977 0.11481093216446852656 0.26807486913754174918
140 140 (0) 6 : 0.20470685523809381556 0.46393869191366893245 0.33135445284823727974
141 141 (0) 6 : 0.35604160500479881124 0.35979489926896712770 0.28416349572623400555
142 142 (0) 7 : 0.40763370250615021950 0.00000000100000000000 0.59236629649384975327
143 143 (0) 7 : 0.00000000100000000000 0.99999770289051725936 0.00000229610948273905
144 144 (0) 7 : 0.39526821042089882452 0.14041651264217167028 0.46431527693692958847
145 145 (0) 7 : 0.43291106621970393276 0.08108715495001127260 0.48600177883028478076
146 146 (0) 7 : 0.66165303669242148121 0.33834696230757849156 0.00000000100000000000
147 147 (0) 7 : 0.75569484836843503484 0.00000000099999999999 0.24430515063156499345
148 148 (0) 7 : 0.53662450707535591654 0.00000000100000000000 0.46337549192464416725
149 149 (0) 7 : 0.28341627207848957282 0.71658372692151039995 0.00000000100000000000
150 150 (0) 7 : 0.32656309456453369577 0.36467437503351701755 0.30876253040194928667
151 151 (0) 7 : 0.34824808865263084945 0.65175191034736912332 0.00000000100000000000
152 152 (0) 7 : 0.99184465123580589641 0.00808327807369426179 0.00007207069049986754
153 153 (0) 7 : 0.00000000099999999997 0.99999999799999994554 0.00000000099999999997
154 154 (0) 7 : 0.49182317881944165316 0.10761011857720539919 0.40056670260335297540
155 155 (0) 7 : 0.00000000100000000000 0.63892113067224487466 0.36107886832775509811
156 156 (0) 7 : 0.99999999800000005656 0.00000000099999999998 0.00000000099999999998
157 157 (0) 7 : 0.99999999799999994554 0.00000000099999999998 0.00000000099999999998
158 158 (0) 7 : 0.56189087665246228998 0.12417294863210225075 0.31393617471543538988
159 159 (0) 7 : 0.26417049336695874739 0.73582950563304116987 0.00000000100000000000
160 160 (0) 7 : 0.35167835074733549972 0.39506488443708198677 0.25325676481558251352
161 161 (0) 7 : 0.00000000100000000000 0.82434246505186226095 0.17565753394813765631
162 162 (0) 7 : 0.23521927044436577448 0.20650252973387756006 0.55827819982175674873
163 163 (0) 7 : 0.96716467707403708243 0.03283532192596284871 0.00000000100000000000
164 164 (0) 7 : 0.36326457996324462707 0.35394067393394679222 0.28279474610280852520
165 165 (0) 7 : 0.00000000099999999999 0.44719010382891699606 0.55280989517108303222
166 166 (0) 7 : 0.00006660245089681130 0.25289610633883319313 0.74703729121027007132
167 167 (0) 7 : 0.99999999799999994554 0.00000000099999999999 0.00000000099999999999
168 168 (0) 7 : 0.43881520248243582882 0.15368635573784183990 0.40749844177972244230
169 169 (0) 7 : 0.00000000100000000000 0.79153432536968659772 0.20846567363031337505
1 1 (0) 1 : 0.35652023216648831561 0.28381850352810356064 0.35966126430540812375
2 2 (0) 1 : 0.30099562591485962137 0.65311034354123109757 0.04589403054390941983
3 3 (0) 1 : 0.33253326370860836203 0.58056371894082414720 0.08690301735056751853
4 4 (0) 1 : 0.39760674610745855295 0.51392124731531341197 0.08847200657722809058
5 5 (0) 1 : 0.34506560947291348151 0.37989433151526397214 0.27504005901182249083
6 6 (0) 1 : 0.49122670592436107340 0.48316308649314398949 0.02561020758249502732
7 7 (0) 1 : 0.19862560410966184632 0.41901521619345927228 0.38235917969687893692
8 8 (0) 1 : 0.00000000100000000000 0.94402083758866439656 0.05597916141133569418
9 9 (0) 1 : 0.00000001295756471980 0.32331219250298592893 0.67668779453944938318
10 10 (0) 1 : 0.45784001803069890313 0.03603573490358359666 0.50612424706571745858
11 11 (0) 1 : 0.00000000099999999998 0.00000000099999999998 0.99999999800000005656
12 12 (0) 1 : 0.00000000111024380591 0.51507661498613288575 0.48492338390362332845
13 13 (0) 2 : 0.24564406677220609887 0.30428677643112156392 0.45006915679667230945
14 14 (0) 2 : 0.00000000099999999997 0.00000000099999999997 0.99999999799999994554
15 15 (0) 2 : 0.00000000099999999999 0.00000000099999999999 0.99999999800000005656
16 16 (0) 2 : 0.00000000099999999999 0.00000000099999999999 0.99999999799999994554
17 17 (0) 2 : 0.00000000100000000000 0.46974505818794393130 0.53025494081205593044
18 18 (0) 2 : 0.00037240746167361492 0.00000000100000000000 0.99962759153832636549
19 19 (0) 2 : 0.00000000100000000000 0.00236444159286397894 0.99763555740713605324
20 20 (0) 2 : 0.34956337174311419291 0.36650318572362172720 0.28393344253326413540
21 21 (0) 2 : 0.00001539456207226742 0.99998460443792769325 0.00000000100000000000
22 22 (0) 2 : 0.25972484911253324036 0.22469453194945734897 0.51558061893800943842
23 23 (0) 2 : 0.00000000100000000000 0.36768241434443027504 0.63231758465556964222
24 24 (0) 2 : 0.32169299371620013739 0.60978039140347528591 0.06852661488032456283
25 25 (0) 2 : 0.05956320853347918387 0.48800564194033008159 0.45243114952619079006
26 26 (0) 2 : 0.18826845835481520464 0.50936101916269493906 0.30237052248248985631
27 27 (0) 2 : 0.42382954271235612209 0.37416777194234324133 0.20200268534530058107
28 28 (0) 2 : 0.00000000100000000000 0.16335463351971626911 0.83664536548028378693
29 29 (0) 2 : 0.33840898939768027098 0.61592859885078876658 0.04566241175153083753
30 30 (0) 2 : 0.00000000100000000000 0.42769960251333583034 0.57230039648666430896
31 31 (0) 2 : 0.47172628507618086235 0.18118081993388041040 0.34709289498993889378
32 32 (0) 2 : 0.67034819408251367090 0.00000000100000000000 0.32965180491748635738
33 33 (0) 2 : 0.00000000099999999997 0.00000000099999999997 0.99999999799999994554
34 34 (0) 3 : 0.43643588348283296474 0.51704192419006300696 0.04652219232710400748
35 35 (0) 3 : 0.00000000100000000000 0.92212145464436023889 0.07787854435563972000
36 36 (0) 3 : 0.46171477958780171580 0.44449135735692707483 0.09379386305527132039
37 37 (0) 3 : 0.38515997298527121506 0.48670658248164816451 0.12813344453308064819
38 38 (0) 3 : 0.52299513256648599846 0.43480297697815750713 0.04220189045535638339
39 39 (0) 3 : 0.60181029307679334561 0.32697945156895197316 0.07121025535425469510
40 40 (0) 3 : 0.99999999799999994554 0.00000000099999999999 0.00000000099999999999
41 41 (0) 3 : 0.54635693719311939631 0.26468988774766122329 0.18895317505921935264
42 42 (0) 3 : 0.16043121341513402744 0.54349982535645280368 0.29606896122841319663
43 43 (0) 3 : 0.99999999800000005656 0.00000000099999999999 0.00000000099999999999
44 44 (0) 3 : 0.35057874521553922254 0.51764362045255751799 0.13177763433190334275
45 45 (0) 3 : 0.46357583850774436440 0.53642416049225571939 0.00000000099999999998
46 46 (0) 3 : 0.70650314450202567063 0.23587355941450113828 0.05762329608347312171
47 47 (0) 3 : 0.21579345374043529260 0.52509559036786346287 0.25911095589170124454
48 48 (0) 3 : 0.39003909332980063462 0.56408969338956982398 0.04587121328062960385
49 49 (0) 3 : 0.00000000099999999998 0.99999999800000005656 0.00000000099999999998
50 50 (0) 3 : 0.51513348883707188453 0.41956302893751740157 0.06530348222541079717
51 51 (0) 3 : 0.97731956601142566665 0.00000000100000000000 0.02268043298857442061
52 52 (0) 3 : 0.49937570111342466372 0.14850744281120240031 0.35211685607537301923
53 53 (0) 3 : 0.00000000100000000000 0.84182308015745233032 0.15817691884254775347
54 54 (0) 3 : 0.52513384443860877671 0.34742459443750850490 0.12744156112388280166
55 55 (0) 3 : 0.21239002871762480140 0.63494347818853258403 0.15266649309384264233
56 56 (0) 3 : 0.46942734724283302628 0.53057265175716694650 0.00000000100000000000
57 57 (0) 3 : 0.35988402468100166853 0.61219069241829127126 0.02792528290070708796
58 58 (0) 3 : 0.45382804083197519907 0.54617195816802477371 0.00000000099999999999
59 59 (0) 3 : 0.88547119124860451667 0.00000000100000000000 0.11452880775139555325
60 60 (0) 4 : 0.20621931538227838976 0.15926562732651863841 0.63451505729120305510
61 61 (0) 4 : 0.29882997652241061193 0.00000000100000000000 0.70117002247758930533
62 62 (0) 4 : 0.65058600920554277014 0.10468832604181668722 0.24472566475264065367
63 63 (0) 4 : 0.32677964546319127059 0.55399110624964797989 0.11922924828716069401
64 64 (0) 4 : 0.59303430862638462084 0.21650799477326593268 0.19045769660034944648
65 65 (0) 4 : 0.86736151250141313440 0.00000000100000000000 0.13263848649858697715
66 66 (0) 4 : 0.99997255281439467733 0.00000000099999999999 0.00002744618560529766
67 67 (0) 4 : 0.27354470133026215217 0.40080347478420730312 0.32565182388553060022
68 68 (0) 4 : 0.43521938436912632753 0.40858617221114396090 0.15619444341972976709
69 69 (0) 4 : 0.19083431194818376020 0.76630336757757322452 0.04286232047424295283
70 70 (0) 4 : 0.39416551550002704163 0.00000000100000000000 0.60583448349997293114
71 71 (0) 4 : 0.70338940335850974606 0.27942818371874827976 0.01718241292274205745
72 72 (0) 4 : 0.12576315502026080839 0.26614679427296011882 0.60809005070677901728
73 73 (0) 4 : 0.21609821252786914902 0.74780110679670086515 0.03610068067543009684
74 74 (0) 4 : 0.99999999799999994554 0.00000000100000000000 0.00000000100000000000
75 75 (0) 4 : 0.52148063066353522732 0.44071272651771781215 0.03780664281874693972
76 76 (0) 4 : 0.34592079971610606437 0.58224404396269280326 0.07183515632120122951
77 77 (0) 4 : 0.26888343951026244527 0.62053300204204353552 0.11058355844769401921
78 78 (0) 4 : 0.41071610565420318961 0.50875620094625151335 0.08052769339954526928
79 79 (0) 4 : 0.34537212405961753570 0.65462787494038254810 0.00000000099999999999
80 80 (0) 4 : 0.00000613072283188621 0.96945617909348458241 0.03053769018368368560
81 81 (0) 4 : 0.25799634244036961928 0.08878559020640933164 0.65321806735322107684
82 82 (0) 4 : 0.44973786582468439077 0.43380195673055343963 0.11646017744476212796
83 83 (0) 4 : 0.00080140622469011889 0.99919859277530986841 0.00000000100000000000
84 84 (0) 4 : 0.54106794415678094445 0.30597938434510368877 0.15295267149811547780
85 85 (0) 4 : 0.00000000100000000000 0.37121475844745793760 0.62878524055254203518
86 86 (0) 5 : 0.64558390205277249585 0.21831945723761209122 0.13609664070961546845
87 87 (0) 5 : 0.31209278514019711537 0.53128325260846553935 0.15662396225133737304
88 88 (0) 5 : 0.54171868111177490235 0.28586452566718589807 0.17241679322103911631
89 89 (0) 5 : 0.00000000432219416152 0.93594758711693315512 0.06405240856087272838
90 90 (0) 5 : 0.47833083207292409478 0.41962205061241097948 0.10204711731466499514
91 91 (0) 5 : 0.46738787934602255003 0.41446820653586413652 0.11814391411811316079
92 92 (0) 5 : 0.47288286371338028591 0.50360373865250429581 0.02351339763411548420
93 93 (0) 5 : 0.00000000099999999998 0.99999999800000005656 0.00000000099999999998
94 94 (0) 5 : 0.61555156495717100462 0.28618946870737749233 0.09825896633545154468
95 95 (0) 5 : 0.20898248175700953611 0.23403547659038065332 0.55698204165260978282
96 96 (0) 5 : 0.53272789405866272094 0.46727210494133708529 0.00000000099999999999
97 97 (0) 5 : 0.12600402792121120910 0.58866112420209026901 0.28533484787669854965
98 98 (0) 5 : 0.79770819369762568929 0.00000000100000000000 0.20229180530237442226
99 99 (0) 5 : 0.00000000099999999999 0.99999999799999994554 0.00000000099999999999
100 100 (0) 5 : 0.90900435950478919445 0.00000000100000000000 0.09099563949521090322
101 101 (0) 5 : 0.65340393407071817311 0.33979383388054995585 0.00680223204873176002
102 102 (0) 5 : 0.67885331333083520633 0.32114668566916476644 0.00000000100000000000
103 103 (0) 5 : 0.99999880073979929840 0.00000000100000000000 0.00000119826020079382
104 104 (0) 5 : 0.44189828397242320035 0.30151765601572366737 0.25658406001185329881
105 105 (0) 5 : 0.47130049460237971592 0.52869076520408353481 0.00000874019353675091
106 106 (0) 5 : 0.23697170327591401962 0.55917815111994395583 0.20385014560414199680
107 107 (0) 5 : 0.54348839094722467546 0.33993459347183913044 0.11657701558093620797
108 108 (0) 5 : 0.38600290816062282628 0.39097414606143521265 0.22302294577794196107
109 109 (0) 5 : 0.00000000100000000000 0.66392436250247022222 0.33607563649752980606
110 110 (0) 5 : 0.13898820249653176528 0.64624455819677961710 0.21476723930668853435
111 111 (0) 5 : 0.56137111324659982881 0.43862888575339997743 0.00000000099999999999
112 112 (0) 5 : 0.00000000099999999998 0.99999999800000005656 0.00000000099999999998
113 113 (0) 4 : 0.72397186004755653688 0.27583762793445820716 0.00019051201798519815
114 114 (0) 6 : 0.45206735436496187086 0.37681769489179928190 0.17111495074323895826
115 115 (0) 6 : 0.37935246962543361926 0.26151191067255424860 0.35913561970201207663
116 116 (0) 6 : 0.39895542970322056542 0.00000049145129969643 0.60104407884547972341
117 117 (0) 6 : 0.00000000100000000000 0.26493765651863893096 0.73506234248136093079
118 118 (0) 6 : 0.02554034949940021948 0.51246050727445602302 0.46199914322614382689
119 119 (0) 6 : 0.09379082852003149673 0.00000000100000000000 0.90620917047996851768
120 120 (0) 6 : 0.31097773043078763555 0.68902226856921233722 0.00000000099999999999
121 121 (0) 6 : 0.43411897377870367620 0.37263351635661040584 0.19324750986468577918
122 122 (0) 6 : 0.32714774054834561134 0.66849468037181491997 0.00435757907983950945
123 123 (0) 6 : 0.24232543613167764618 0.34879680292899123417 0.40887776093933114741
124 124 (0) 6 : 0.57454935122236006073 0.40710866929596234431 0.01834197948167750822
125 125 (0) 6 : 0.00000005572554366866 0.85043458087329781847 0.14956536340115858530
126 126 (0) 6 : 0.43853010883423021449 0.49167566992579886387 0.06979422123997096328
127 127 (0) 6 : 0.02464174599342495650 0.41330136801289990567 0.56205688599367520375
128 128 (0) 6 : 0.37213702228047779164 0.62786297671952207011 0.00000000100000000000
129 129 (0) 6 : 0.37797224722131816943 0.58387090902752269983 0.03815684375115904747
130 130 (0) 6 : 0.23020763056850634953 0.49114164761219242239 0.27865072181930117257
131 131 (0) 6 : 0.00000000100000000000 0.41716956788904430153 0.58283043111095578226
132 132 (0) 6 : 0.42692210446802675294 0.47725692980552569811 0.09582096572644749344
133 133 (0) 6 : 0.00000000099999999999 0.99999999799999994554 0.00000000099999999999
134 134 (0) 6 : 0.49972393575895041051 0.34075007617252295322 0.15952598806852660851
135 135 (0) 6 : 0.27505516059725676481 0.00000000100000000000 0.72494483840274326347
136 136 (0) 6 : 0.46026181814497252320 0.31815965830880121867 0.22157852354622617486
137 137 (0) 6 : 0.28925202701650776227 0.55739478901760675100 0.15335318396588554224
138 138 (0) 6 : 0.43861221209122802644 0.49073914229237802775 0.07064864561639394580
139 139 (0) 6 : 0.44321617718505174066 0.43470405464118866412 0.12207976817375959522
140 140 (0) 6 : 0.34211778572346129845 0.19504008770901459791 0.46284212656752410364
141 141 (0) 6 : 0.00000000100000000000 0.63377602725479653678 0.36622397174520349150
142 142 (0) 7 : 0.45634336980691841967 0.54365662919308166412 0.00000000100000000000
143 143 (0) 7 : 0.00000000100000000000 0.00000041875740697425 0.99999958024259305578
144 144 (0) 7 : 0.33020482603053497028 0.51676877000555443420 0.15302640396391070654
145 145 (0) 7 : 0.54969518326083566251 0.36979541941836219232 0.08050939732080214517
146 146 (0) 7 : 0.49531080842358465866 0.16544609698758880323 0.33924309458882656587
147 147 (0) 7 : 0.49304221894796174119 0.50695778005203806504 0.00000000099999999999
148 148 (0) 7 : 0.66859443242158811405 0.33140556657841191424 0.00000000100000000000
149 149 (0) 7 : 0.28207509521331747271 0.00000000100000000000 0.71792490378668238904
150 150 (0) 7 : 0.16443048586167843816 0.46357482913740877262 0.37199468500091281697
151 151 (0) 7 : 0.34783518124563905793 0.00102105592532117590 0.65114376282903974058
152 152 (0) 7 : 0.99999410112882902713 0.00000000388089718878 0.00000589499027383468
153 153 (0) 7 : 0.00000000099999999997 0.00000000099999999997 0.99999999800000005656
154 154 (0) 7 : 0.46404695207888863040 0.43046185637436146232 0.10549119154674999055
155 155 (0) 7 : 0.00000000100000000000 0.36075869170633417804 0.63924130729366579473
156 156 (0) 7 : 0.99999999799999994554 0.00000000099999999998 0.00000000099999999998
157 157 (0) 7 : 0.99999999799999994554 0.00000000099999999998 0.00000000099999999998
158 158 (0) 7 : 0.63231638027183412198 0.24853941731896520007 0.11914420240920065019
159 159 (0) 7 : 0.24645941793049436219 0.01765038194580670350 0.73589020012369898982
160 160 (0) 7 : 0.26338462619083297112 0.34314427876809511231 0.39347109504107191658
161 161 (0) 7 : 0.00000000100000000000 0.16702463959744948130 0.83297535940255051923
162 162 (0) 7 : 0.18162422830437813248 0.60603921141989647303 0.21233656027572531122
163 163 (0) 7 : 0.68959002486196518955 0.26180506314081608554 0.04860491199721861388
164 164 (0) 7 : 0.62134025014078564375 0.00000000510836291114 0.37865974475085134587
165 165 (0) 7 : 0.00000000099999999999 0.53596880753887166104 0.46403119146112847826
166 166 (0) 7 : 0.31842736895268697328 0.43244846462883940186 0.24912416641847368037
167 167 (0) 7 : 0.99999999800000005656 0.00000000099999999999 0.00000000099999999999
168 168 (0) 7 : 0.53710040087697485944 0.30315098231050718880 0.15974861681251792400
169 169 (0) 7 : 0.00000000100000000000 0.21473889336706336595 0.78526110563293660682
1 1 (0) 1 : 0.35602346447368266036 0.23706740432418799136 0.40690913120212940379
2 2 (0) 1 : 0.05597036420690224695 0.25902619157731110455 0.68500344421578673870
3 3 (0) 1 : 0.06684474454177738445 0.00000000100000000000 0.93315525445822278261
4 4 (0) 1 : 0.08592927014168341704 0.29171793798809542153 0.62235279187022118919
5 5 (0) 1 : 0.27357112865521548972 0.19821515934305614093 0.52821371200172839711
6 6 (0) 1 : 0.01660800441846213560 0.45443475037844588416 0.52895724520309195249
7 7 (0) 1 : 0.37913310771958563805 0.00000000100000000000 0.62086689128041427921
8 8 (0) 1 : 0.09373895233843627939 0.00000000100000000000 0.90626104666156359624
9 9 (0) 1 : 0.72021722828197920485 0.27978276740980478898 0.00000000430821609189
10 10 (0) 1 : 0.42229636030991979379 0.52938242554676684382 0.04832121414331327219
11 11 (0) 1 : 0.99999999799999994554 0.00000000099999999998 0.00000000099999999998
12 12 (0) 1 : 0.52378806326283522399 0.19737884735266941760 0.27883308938449524739
13 13 (0) 2 : 0.47121056459207721900 0.00000687063159808033 0.52878256477632479271
14 14 (0) 2 : 0.99999999800000005656 0.00000000099999999997 0.00000000099999999997
15 15 (0) 2 : 0.99999999799999994554 0.00000000099999999999 0.00000000099999999999
16 16 (0) 2 : 0.99999999799999994554 0.00000000099999999999 0.00000000099999999999
17 17 (0) 2 : 0.53957569479341338514 0.12674265613349391946 0.33368164907309266765
18 18 (0) 2 : 0.99997299570919662148 0.00002700329080327176 0.00000000100000000000
19 19 (0) 2 : 0.98237732392635868095 0.00000000100000000000 0.01762267507364127100
20 20 (0) 2 : 0.28082576946517900929 0.00001596530761193952 0.71915826522720915914
21 21 (0) 2 : 0.00000000100000000000 0.07412755976751099485 0.92587243923248896404
22 22 (0) 2 : 0.52620247968509836767 0.08520807864678793531 0.38858944166811365539
23 23 (0) 2 : 0.64822208764654387636 0.00000004183666874976 0.35177787051678738317
24 24 (0) 2 : 0.06843210307689810701 0.18852506114669140280 0.74304283577641050407
25 25 (0) 2 : 0.44611234337712313280 0.20234129818608345697 0.35154635843679343798
26 26 (0) 2 : 0.30978469264283464701 0.18129545805677849124 0.50891984930038691726
27 27 (0) 2 : 0.19988429898331794288 0.18351123185690945694 0.61660446915977262794
28 28 (0) 2 : 0.84365661635017619169 0.00047576558134947752 0.15586761806847440615
29 29 (0) 2 : 0.04629307300216566057 0.35191219256400291249 0.60179473443383135756
30 30 (0) 2 : 0.57552506111269985389 0.09119951729737731105 0.33327542158992284893
31 31 (0) 2 : 0.34356034189602546736 0.55302867624060458862 0.10341098186337002729
32 32 (0) 2 : 0.32027855966471668880 0.51470232031485196877 0.16501912002043142569
33 33 (0) 2 : 0.99999999799999994554 0.00000000099999999997 0.00000000099999999997
34 34 (0) 3 : 0.01090790398453722262 0.00000000100000000000 0.98909209501546280219
35 35 (0) 3 : 0.09609769467870749038 0.24661592915356872480 0.65728637616772389585
36 36 (0) 3 : 0.07734208248636528782 0.92265791651363460169 0.00000000100000000000
37 37 (0) 3 : 0.12257760994202715477 0.42797289274806549209 0.44944949730990740866
38 38 (0) 3 : 0.04573713435964571472 0.41247086448251502055 0.54179200115783920921
39 39 (0) 3 : 0.06795632939721575616 0.40307269616995894390 0.52897097443282536933
40 40 (0) 3 : 0.04100914464974122348 0.45643748782461274205 0.50255336752564605529
41 41 (0) 3 : 0.18102252700840512634 0.32873081588112468276 0.49024665711047016314
42 42 (0) 3 : 0.29456333535618867137 0.26697300906856552549 0.43846365557524591416
43 43 (0) 3 : 0.00000000099999999998 0.99999999799999994554 0.00000000099999999998
44 44 (0) 3 : 0.12833631633583220122 0.25380095992248213888 0.61786272374168560440
45 45 (0) 3 : 0.00000000099999999998 0.35481481585568142023 0.64518518314431849703
46 46 (0) 3 : 0.04590478210467646702 0.50271834899203504676 0.45137686890328837519
47 47 (0) 3 : 0.25430677510488508553 0.35433110140640605712 0.39136212348870891287
48 48 (0) 3 : 0.06644410630792996209 0.21454533826521701712 0.71901055542685299304
49 49 (0) 3 : 0.00000000099999999998 0.00000000099999999998 0.99999999799999994554
50 50 (0) 3 : 0.00000000100000000000 0.99999999799999994554 0.00000000100000000000
51 51 (0) 3 : 0.06336965186021736862 0.60228365828899232959 0.33434668985079035730
52 52 (0) 3 : 0.34245251210141108844 0.41881231159314580292 0.23873517630544308088
53 53 (0) 3 : 0.15622333796580564758 0.40669359727618847877 0.43708306475800595692
54 54 (0) 3 : 0.12032996228294168262 0.48911401071437204946 0.39055602700268626792
55 55 (0) 3 : 0.15485773105599040522 0.00000685480547675453 0.84513541413853277007
56 56 (0) 3 : 0.00000000100000000000 0.58292199403599764818 0.41707800496400243562
57 57 (0) 3 : 0.02614355132565550702 0.48976095670837149765 0.48409549196597306819
58 58 (0) 3 : 0.00000000099999999999 0.36998938979309814457 0.63001060920690177269
59 59 (0) 3 : 0.08024684859046928020 0.91975315040953053991 0.00000000099999999999
60 60 (0) 4 : 0.64284960393642576193 0.00000020408238152290 0.35715019198119268840
61 61 (0) 4 : 0.69725640619798501252 0.30274359280201501576 0.00000000100000000000
62 62 (0) 4 : 0.23966044872247843633 0.55989538804151950391 0.20044416323600203200
63 63 (0) 4 : 0.12070976022531908212 0.26444387303405675338 0.61484636674062409512
64 64 (0) 4 : 0.14084333439320365078 0.85915666460679629424 0.00000000099999999999
65 65 (0) 4 : 0.11529670313365233958 0.62648113836827823420 0.25822215849806945398
66 66 (0) 4 : 0.00000000099999999999 0.99999999799999994554 0.00000000099999999999
67 67 (0) 4 : 0.32002140229160525031 0.35107632220881707097 0.32890227549957773423
68 68 (0) 4 : 0.15293853851166613889 0.33002284578746260424 0.51703861570087128463
69 69 (0) 4 : 0.03875938221174508869 0.00000000100000000000 0.96124061678825489796
70 70 (0) 4 : 0.60666751978863586725 0.26352711589451049967 0.12980536431685366083
71 71 (0) 4 : 0.01742231746405708756 0.57169635632252580049 0.41088132621341705297
72 72 (0) 4 : 0.61037026603270982950 0.05932016102361503673 0.33030957294367518928
73 73 (0) 4 : 0.03601492247418072029 0.32252123672159249690 0.64146384080422691465
74 74 (0) 4 : 0.03968098258670748474 0.33563960532242848034 0.62467941209086397247
75 75 (0) 4 : 0.04197924129059433379 0.40412515820179073511 0.55389560050761488252
76 76 (0) 4 : 0.07451579067307063931 0.28009166447987937643 0.64539254484705010917
77 77 (0) 4 : 0.10461973907016448859 0.31391301640646879223 0.58146724452336673306
78 78 (0) 4 : 0.07775477929671774369 0.33075253231979473423 0.59149268838348756372
79 79 (0) 4 : 0.00000000099999999999 0.14911078398071445084 0.85088921501928549418
80 80 (0) 4 : 0.05484172480059921334 0.47224627525737217226 0.47291199994202870460
81 81 (0) 4 : 0.66063619097346648612 0.16437326421164399903 0.17499054481488937607
82 82 (0) 4 : 0.13434362811984321140 0.10590058321563250443 0.75975578866452420090
83 83 (0) 4 : 0.00000000100000000000 0.47766032491381599234 0.52233967408618398043
84 84 (0) 4 : 0.14069020747239649460 0.54388387154634643128 0.31542592098125715738
85 85 (0) 4 : 0.61990145420883291383 0.15580274018738532460 0.22429580560378173382
86 86 (0) 5 : 0.13125234421556047915 0.59526731953577083356 0.27348033624866868729
87 87 (0) 5 : 0.15499916563738899700 0.21141064156480160463 0.63359019279780937062
88 88 (0) 5 : 0.16089755811921271911 0.53204143565568129404 0.30706100622510612563
89 89 (0) 5 : 0.05767566880168824989 0.11975084561715232390 0.82257348558115939152
90 90 (0) 5 : 0.09420956438210797979 0.00000000100000000000 0.90579043461789199299
91 91 (0) 5 : 0.11583109514318871980 0.32806874834110244521 0.55610015651570887663
92 92 (0) 5 : 0.01557662321886835524 0.50689949962085778523 0.47752387716027400177
93 93 (0) 5 : 0.00000000099999999998 0.00000000099999999998 0.99999999799999994554
94 94 (0) 5 : 0.08895782039121484519 0.57631481648488414038 0.33472736312390105606
95 95 (0) 5 : 0.56349477593550267862 0.16507816036378147873 0.27142706370071589816
96 96 (0) 5 : 0.00000000099999999999 0.34422395810677808292 0.65577604089322183434
97 97 (0) 5 : 0.28065488707345276342 0.20665467791485978011 0.51269043501168753973
98 98 (0) 5 : 0.20019205600042683235 0.79980794299957325144 0.00000000100000000000
99 99 (0) 5 : 0.00000000100000000000 0.00000000100000000000 0.99999999800000005656
100 100 (0) 5 : 0.04332868744297526525 0.95667131155702467282 0.00000000100000000000
101 101 (0) 5 : 0.00000407853225735410 0.53175443209436945580 0.46824148937337328746
102 102 (0) 5 : 0.00000000100000000000 0.38826893418756491805 0.61173106481243511023
103 103 (0) 5 : 0.00000000100000000000 0.99997284002832331762 0.00002715897167669118
104 104 (0) 5 : 0.25250066067561971472 0.33865871059939806065 0.40884062872498211361
105 105 (0) 5 : 0.00000000135996531489 0.48036228014451565205 0.51963771849551909643
106 106 (0) 5 : 0.20511432208841323677 0.24396614301265942548 0.55091953489892731000
107 107 (0) 5 : 0.11020261856887705876 0.23505048540537420987 0.65474689602574875913
108 108 (0) 5 : 0.22219484426292959722 0.21678590380491516432 0.56101925193215518295
109 109 (0) 5 : 0.30608281927165537084 0.00000000100000000000 0.69391717972834465744
110 110 (0) 5 : 0.21739530058893913322 0.27641414998819269222 0.50619054942286823007
111 111 (0) 5 : 0.00000000099999999999 0.62695214863948278694 0.37304785036051718583
112 112 (0) 5 : 0.00000000099999999999 0.20570297563435238630 0.79429702336564755871
113 113 (0) 4 : 0.00000000100000000000 0.54252291355551407470 0.45747708544448578705
114 114 (0) 6 : 0.16161410004578638522 0.45102957816686906067 0.38735632178734469289
115 115 (0) 6 : 0.37156197632676335463 0.62843802267323667365 0.00000000100000000000
116 116 (0) 6 : 0.57904131235137035194 0.19803443095987266487 0.22292425668875703870
117 117 (0) 6 : 0.73434572321218738455 0.00000000100000000000 0.26565427578781253271
118 118 (0) 6 : 0.46512544559491403318 0.00000000100000000000 0.53487455340508593959
119 119 (0) 6 : 0.92181851635772082965 0.00000000100000000000 0.07818148264227910149
120 120 (0) 6 : 0.00000000099999999999 0.41819081722909684506 0.58180918177090323873
121 121 (0) 6 : 0.19277235570372686091 0.48612785812279968312 0.32109978617347340046
122 122 (0) 6 : 0.00171298644684595011 0.19478089480419213952 0.80350611874896193942
123 123 (0) 6 : 0.40823278989025219010 0.20623350611904950336 0.38553370399069814001
124 124 (0) 6 : 0.00673334993957359559 0.44350343128632008227 0.54976321877410638805
125 125 (0) 6 : 0.13557340777816498378 0.00000000100000000000 0.86442659122183507225
126 126 (0) 6 : 0.01779594647129432647 0.00000000100000000000 0.98220405252870568447
127 127 (0) 6 : 0.56289016922629186990 0.12793020269472443751 0.30917962807898369260
128 128 (0) 6 : 0.00000000100000000000 0.34582399646010097971 0.65417600253989893755
129 129 (0) 6 : 0.02716328261913861924 0.57284125264113716636 0.39999546473972430460
130 130 (0) 6 : 0.28043253234726683853 0.23340239863627862404 0.48616506901645462069
131 131 (0) 6 : 0.58568873199141324726 0.00000000100000000000 0.41431126700858667000
132 132 (0) 6 : 0.10168024634645735083 0.46559994388792169673 0.43271980976562091081
133 133 (0) 6 : 0.00000000100000000000 0.00000000100000000000 0.99999999799999994554
134 134 (0) 6 : 0.14985441156891887715 0.46285000299059797513 0.38729558544048320323
135 135 (0) 6 : 0.72470117571886016883 0.22014524403859161983 0.05515358024254814195
136 136 (0) 6 : 0.21903259701462274300 0.36337782130009960158 0.41758958168527765542
137 137 (0) 6 : 0.15802759864258672518 0.26121779938290279333 0.58075460197451056477
138 138 (0) 6 : 0.06634035486505165946 0.34614791365399821821 0.58751173148095026111
139 139 (0) 6 : 0.10513068525250515717 0.89486931374749478785 0.00000000100000000000
140 140 (0) 6 : 0.46144563412570549499 0.33995374317229698491 0.19860062270199752010
141 141 (0) 6 : 0.36574877050396703559 0.16621173841010378203 0.46803949108592923789
142 142 (0) 7 : 0.00000000100000000000 0.40649247987990810849 0.59350751912009180877
143 143 (0) 7 : 0.99999644557762068509 0.00000000100000000000 0.00000355342237925308
144 144 (0) 7 : 0.13684049019459831875 0.50091217382395514246 0.36224733598144659430
145 145 (0) 7 : 0.06860407925281783448 0.61575746625402649759 0.31563845449315569569
146 146 (0) 7 : 0.33512720923139166507 0.16989901642360041856 0.49497377434500788862
147 147 (0) 7 : 0.00000000099999999999 0.42105422139439446783 0.57894577760560561597
148 148 (0) 7 : 0.00000000100000000000 0.63140849157558520677 0.36859150742441487703
149 149 (0) 7 : 0.71707688604343378103 0.28292311295656624726 0.00000000100000000000
150 150 (0) 7 : 0.36938033932992525576 0.09297209184920014746 0.53764756882087461065
151 151 (0) 7 : 0.64784961709255650675 0.23447499275526753615 0.11767539015217587384
152 152 (0) 7 : 0.02094008779775104190 0.61205802570835954324 0.36700188649388942874
153 153 (0) 7 : 0.99999999800000005656 0.00000000099999999996 0.00000000099999999996
154 154 (0) 7 : 0.10489486119454315138 0.29928863593123583575 0.59581650287422105450
155 155 (0) 7 : 0.66110024693051028244 0.00000000100000000000 0.33889975206948963482
156 156 (0) 7 : 0.00000000099999999998 0.99999999800000005656 0.00000000099999999998
157 157 (0) 7 : 0.00000000099999999998 0.99999999799999994554 0.00000000099999999998
158 158 (0) 7 : 0.11657270349153152356 0.45164452523116704885 0.43178277127730152474
159 159 (0) 7 : 0.72832279372627539704 0.26956816308573683383 0.00210904318798778995
160 160 (0) 7 : 0.39331757599838307327 0.24994466371414972294 0.35673776028746723155
161 161 (0) 7 : 0.81726811778411212472 0.00000000099999999999 0.18273188121588782029
162 162 (0) 7 : 0.21439815969346662228 0.37302023110562371189 0.41258160920090969359
163 163 (0) 7 : 0.00000000099999999999 0.99999999799999994554 0.00000000099999999999
164 164 (0) 7 : 0.35190910537147224169 0.33668115659620673208 0.31140973803232102624
165 165 (0) 7 : 0.47050636345869856214 0.00000000099999999999 0.52949363554130146614
166 166 (0) 7 : 0.24725005771078217842 0.44328471230258409408 0.30946522998663378301
167 167 (0) 7 : 0.00000000099999999999 0.56146660434186279609 0.43853339465813717668
168 168 (0) 7 : 0.14901129024304327064 0.50443364180751337766 0.34655506794944340720
169 169 (0) 7 : 0.79509544646909546817 0.00000000100000000000 0.20490455253090472665
1 1 (0) 1 : 0.35367523241231058062 0.31715137760417089208 0.32917338998351858281
2 2 (0) 1 : 0.04453118152495597060 0.60397198947784169754 0.35149682899720235962
3 3 (0) 1 : 0.08082554383340063986 0.57397147241650725569 0.34520298375009217384
4 4 (0) 1 : 0.08304764395663198628 0.44414275570335287613 0.47280960034001529024
5 5 (0) 1 : 0.27079086947250491368 0.32153648362291431528 0.40767264690458082654
6 6 (0) 1 : 0.02633875767488122119 0.39441085778281687046 0.57925038454230193263
7 7 (0) 1 : 0.37638979034944464175 0.62361020865055516449 0.00000000100000000000
8 8 (0) 1 : 0.00000000100000000000 0.99999999800000005656 0.00000000100000000000
9 9 (0) 1 : 0.69908372461214596250 0.19166128664072903942 0.10925498874712488706
10 10 (0) 1 : 0.50081614653326600450 0.01561412672998186389 0.48356972673675219232
11 11 (0) 1 : 0.99999999800000005656 0.00000000099999999998 0.00000000099999999998
12 12 (0) 1 : 0.52085568317284491879 0.42430562265199939231 0.05483869417515573746
13 13 (0) 2 : 0.44229821520593226580 0.26983250074881376390 0.28786928404525402581
14 14 (0) 2 : 0.99999999800000005656 0.00000000099999999997 0.00000000099999999997
15 15 (0) 2 : 0.99999999800000005656 0.00000000099999999999 0.00000000099999999999
16 16 (0) 2 : 0.99999999799999994554 0.00000000099999999999 0.00000000099999999999
17 17 (0) 2 : 0.52592090318853224051 0.47407909581146773226 0.00000000100000000000
18 18 (0) 2 : 0.99602770850565203187 0.00000000100000000000 0.00397229049434810830
19 19 (0) 2 : 0.99053195470340682505 0.00946804429659325701 0.00000000100000000000
20 20 (0) 2 : 0.28142951951296341084 0.34268597518650228961 0.37588450530053424403
21 21 (0) 2 : 0.00000000100000000000 0.91137414173946917906 0.08862585726053089086
22 22 (0) 2 : 0.51269780332021042124 0.23490261464112335843 0.25239958203866624808
23 23 (0) 2 : 0.62595534326465196440 0.37404465573534806389 0.00000000100000000000
24 24 (0) 2 : 0.00023493185707068221 0.99976506714292923128 0.00000000099999999999
25 25 (0) 2 : 0.45473389827143056996 0.54526408383558988557 0.00000201789297962527
26 26 (0) 2 : 0.30343518207950903598 0.39412709713610277751 0.30243772078438818651
27 27 (0) 2 : 0.19916668565320361228 0.26184676976896775757 0.53898654457782857463
28 28 (0) 2 : 0.83311848661039478170 0.16688151238960513556 0.00000000100000000000
29 29 (0) 2 : 0.03973150841797435523 0.59081188519425020811 0.36945660638777549911
30 30 (0) 2 : 0.56841453837410560457 0.43158546062589431269 0.00000000100000000000
31 31 (0) 2 : 0.34809166296214355540 0.16436148423695831622 0.48754685280089810062
32 32 (0) 2 : 0.32627624009349864842 0.00000000100000000000 0.67372375890650137986
33 33 (0) 2 : 0.99999999799999994554 0.00000000099999999997 0.00000000099999999997
34 34 (0) 3 : 0.03774899532219189863 0.51959618397036078097 0.44265482070744732734
35 35 (0) 3 : 0.08670589242065609992 0.67562110807760900055 0.23767299950173495504
36 36 (0) 3 : 0.09177777562572636549 0.40697265663770776367 0.50124956773656581532
37 37 (0) 3 : 0.12371573130576482558 0.47418161237428213539 0.40210265631995295577
38 38 (0) 3 : 0.04364972771800176149 0.43749701517383599025 0.51885325710816221356
39 39 (0) 3 : 0.06566263660305926564 0.35726882916087915332 0.57706853423606163656
40 40 (0) 3 : 0.00001156061385951860 0.00000000100000000000 0.99998843838614037693
41 41 (0) 3 : 0.18482888240946512837 0.28222702605018068489 0.53294409154035427001
42 42 (0) 3 : 0.28880362192045255787 0.51111818068955838790 0.20007819738998897097
43 43 (0) 3 : 0.00000000099999999999 0.00000000099999999999 0.99999999799999994554
44 44 (0) 3 : 0.12753943435697406850 0.54686575204112353177 0.32559481360190245525
45 45 (0) 3 : 0.00000000099999999998 0.64429887790091389110 0.35570112109908624820
46 46 (0) 3 : 0.05629874886486057467 0.25354637308530730833 0.69015487804983222109
47 47 (0) 3 : 0.25601303546937287381 0.38068473895983678812 0.36330222557079028256
48 48 (0) 3 : 0.04312834218749370813 0.56860829350121011583 0.38826336431129626625
49 49 (0) 3 : 0.00000000099999999998 0.99999999799999994554 0.00000000099999999998
50 50 (0) 3 : 0.06082103854411456678 0.28698014083296169430 0.65219882062292378055
51 51 (0) 3 : 0.04624817153530788594 0.00000000100000000000 0.95375182746469200357
52 52 (0) 3 : 0.34884350101849059822 0.20342909415785992433 0.44772740482364953296
53 53 (0) 3 : 0.15459677163901261454 0.54012064946347304595 0.30528257889751431176
54 54 (0) 3 : 0.12227185979932733706 0.27307642376253565830 0.60465171643813708791
55 55 (0) 3 : 0.13745371140570475377 0.86254628759429519125 0.00000000100000000000
56 56 (0) 3 : 0.00000000100000000000 0.41324512556812381670 0.58675487343187604505
57 57 (0) 3 : 0.02666228944603556833 0.58692114332962486145 0.38641656722433959104
58 58 (0) 3 : 0.00000000099999999999 0.53474532974306521194 0.46525466925693476083
59 59 (0) 3 : 0.10093139185293444060 0.00000000099999999999 0.89906860714706549054
60 60 (0) 4 : 0.63150677872288374370 0.22490272180082021558 0.14359049947629612398
61 61 (0) 4 : 0.69619585670643235886 0.00000000100000000000 0.30380414229356761391
62 62 (0) 4 : 0.24428585669839372740 0.15689858891273289476 0.59881555438887335008
63 63 (0) 4 : 0.11466452806021626420 0.53066224193351674288 0.35467323000626710394
64 64 (0) 4 : 0.18871956922062924078 0.18609252341128246222 0.62518790736808826924
65 65 (0) 4 : 0.12949455758127842442 0.12874506782220160317 0.74176037459652000017
66 66 (0) 4 : 0.00013296284576642958 0.00000000099999999999 0.99986703615423366820
67 67 (0) 4 : 0.31928245839677560358 0.37776563341101082605 0.30295190819221340384
68 68 (0) 4 : 0.15310960832873099502 0.36063261961838333214 0.48625777205288567284
69 69 (0) 4 : 0.00000000099999999999 0.99999999800000005656 0.00000000099999999999
70 70 (0) 4 : 0.60479662231036623865 0.00000000100000000000 0.39520337668963378963
71 71 (0) 4 : 0.01743121835951474616 0.26251296483640507162 0.72005581680408026202
72 72 (0) 4 : 0.59569370253347941890 0.40430629646652060938 0.00000000100000000000
73 73 (0) 4 : 0.02929506107276274793 0.67405133509285164450 0.29665360383438577063
74 74 (0) 4 : 0.00102715759285129291 0.00000000100000000000 0.99897284140714881495
75 75 (0) 4 : 0.03834557891009821029 0.39970229864122064356 0.56195212244868120166
76 76 (0) 4 : 0.06770808350626825178 0.56898457431043714116 0.36330734218329463481
77 77 (0) 4 : 0.10954897210863648316 0.52880686714916946833 0.36164416074219407626
78 78 (0) 4 : 0.07481649682113175603 0.47553390507098480811 0.44964959810788335259
79 79 (0) 4 : 0.00000000099999999999 0.58209629461644674109 0.41790370438355328719
80 80 (0) 4 : 0.04708414490673752673 0.56329752325756421438 0.38961833183569832828
81 81 (0) 4 : 0.65427822601069018926 0.08142151056747820581 0.26430026342183177146
82 82 (0) 4 : 0.11785983187436389896 0.46455577703484041141 0.41758439109079559248
83 83 (0) 4 : 0.00000000155721342614 0.57490400132267149846 0.42509599712011514328
84 84 (0) 4 : 0.15226246651906169549 0.30917552688414112749 0.53856200659679720477
85 85 (0) 4 : 0.62626616822820702080 0.36363818908483380721 0.01009564268695906618
86 86 (0) 5 : 0.12907516511212863142 0.00000000100000000000 0.87092483388787134135
87 87 (0) 5 : 0.14836293580360834787 0.49185381373217484935 0.35978325046421688604
88 88 (0) 5 : 0.17007021093792570876 0.21004412147835768709 0.61988566758371654863
89 89 (0) 5 : 0.05809386217305647498 0.75942839294179509402 0.18247774488514856284
90 90 (0) 5 : 0.09710626400130649427 0.45116754581649454181 0.45172619018219900555
91 91 (0) 5 : 0.11727852868021831911 0.38427929023340856585 0.49844218108637294851
92 92 (0) 5 : 0.02279577273157117751 0.41623832893137646671 0.56096589833705245987
93 93 (0) 5 : 0.00000000099999999998 0.99999999799999994554 0.00000000099999999998
94 94 (0) 5 : 0.09554763516622080677 0.32550664385508976117 0.57894572097868934879
95 95 (0) 5 : 0.55857550500217301170 0.11395263786016196494 0.32747185713766502335
96 96 (0) 5 : 0.00000000099999999999 0.53480268013090348500 0.46519731886909659879
97 97 (0) 5 : 0.27567226346794326819 0.72432773553205664907 0.00000000100000000000
98 98 (0) 5 : 0.20409044270075488159 0.00000000100000000000 0.79590955629924509118
99 99 (0) 5 : 0.00000000099999999999 0.99999999800000005656 0.00000000099999999999
100 100 (0) 5 : 0.11765239665075527542 0.00000000100000000000 0.88234760234924469735
101 101 (0) 5 : 0.00958356046416976130 0.32067779937157625536 0.66973864016425410650
102 102 (0) 5 : 0.00000000100000000000 0.31922300690566890458 0.68077699209433106819
103 103 (0) 5 : 0.02095997582712784413 0.00000000100000000000 0.97904002317287219803
104 104 (0) 5 : 0.25112225086793665829 0.33395875499499072525 0.41491899413707267197
105 105 (0) 5 : 0.00000449657502937216 0.40370038173862027309 0.59629512168635034897
106 106 (0) 5 : 0.19355768728179875704 0.50424685816347825096 0.30219545455472296425
107 107 (0) 5 : 0.11222114715679872010 0.35802505812731461043 0.52975379471588679436
108 108 (0) 5 : 0.21387336773362772280 0.47893693662846409387 0.30718969563790826660
109 109 (0) 5 : 0.31123517107859560715 0.68876482792140447664 0.00000000100000000000
110 110 (0) 5 : 0.21340816985407354278 0.66427636319286809119 0.12231546695305835215
111 111 (0) 5 : 0.00000000099999999999 0.29931171738839063012 0.70068828161160923162
112 112 (0) 5 : 0.00000000099999999998 0.99999999799999994554 0.00000000099999999998
113 113 (0) 4 : 0.00000000100000000000 0.42098537281918035902 0.57901462618081955824
114 114 (0) 6 : 0.16709084491764064628 0.38176474119667791474 0.45114441388568143898
115 115 (0) 6 : 0.35974129698287776735 0.20822105344963703910 0.43203764956748530457
116 116 (0) 6 : 0.58002548248906637962 0.11772403864788985595 0.30225047886304379219
117 117 (0) 6 : 0.72074304741555894616 0.27925695158444097110 0.00000000100000000000
118 118 (0) 6 : 0.45408348379123658622 0.38443173413457504273 0.16148478207418842656
119 119 (0) 6 : 0.91077629706324803038 0.00000000100000000000 0.08922370193675198402
120 120 (0) 6 : 0.00000000099999999999 0.56544839066323238086 0.43455160833676775844
121 121 (0) 6 : 0.19039854707009923329 0.28795538475657667110 0.52164606817332404010
122 122 (0) 6 : 0.00000339627297110769 0.60928628909800097713 0.39071031462902799936
123 123 (0) 6 : 0.40718887722086999359 0.59281112177912986816 0.00000000100000000000
124 124 (0) 6 : 0.01841839005903078696 0.40692453338323747447 0.57465707655773168305
125 125 (0) 6 : 0.14453850933097001086 0.85546148966903001742 0.00000000100000000000
126 126 (0) 6 : 0.06788242785257891931 0.55793714020522044983 0.37418043194220074188
127 127 (0) 6 : 0.55160919937337637986 0.41141531393484653822 0.03697548669177697783
128 128 (0) 6 : 0.00000000100000000000 0.67901947318595445857 0.32098052581404556971
129 129 (0) 6 : 0.03373142837099486063 0.49865018416538714474 0.46761838746361800156
130 130 (0) 6 : 0.27616023351731905366 0.59157728629721295643 0.13226248018546801766
131 131 (0) 6 : 0.58523187137104637490 0.23789395878918448424 0.17687416983976925189
132 132 (0) 6 : 0.09646310918627325204 0.45021463045324211505 0.45332226036048461904
133 133 (0) 6 : 0.00000000099999999999 0.99999999799999994554 0.00000000099999999999
134 134 (0) 6 : 0.15523572125717741144 0.26674544715104464565 0.57801883159177791516
135 135 (0) 6 : 0.71378518804094781558 0.00000000100000000000 0.28621481095905221270
136 136 (0) 6 : 0.22020066267163460050 0.26929749924573448405 0.51050183808263094321
137 137 (0) 6 : 0.15313935768964012651 0.52883541595988514672 0.31802522635047475452
138 138 (0) 6 : 0.06989021906383190152 0.46271674184821842690 0.46739303908794965770
139 139 (0) 6 : 0.11633437739352180118 0.34820500476845239746 0.53546061783802578748
140 140 (0) 6 : 0.46083447820634587666 0.24608343546485728082 0.29308208632879684252
141 141 (0) 6 : 0.35409452983866634979 0.40589055040051663648 0.24001491976081704149
142 142 (0) 7 : 0.00000000100000000000 0.44011536374525361826 0.55988463525474618798
143 143 (0) 7 : 0.96598612458468791075 0.03401387441531208977 0.00000000100000000000
144 144 (0) 7 : 0.14762921579249596582 0.41126459692160083348 0.44110618728590328397
145 145 (0) 7 : 0.07791802610354607583 0.38729471247240859766 0.53478726142404542365
146 146 (0) 7 : 0.33979861030859970228 0.13497813531177765833 0.52522325437962258388
147 147 (0) 7 : 0.00000000099999999999 0.43271918299957973231 0.56728081600042012944
148 148 (0) 7 : 0.00000000100000000000 0.23234911380929215707 0.76765088519070789896
149 149 (0) 7 : 0.71253414176182361395 0.00000000100000000000 0.28746585723817658087
150 150 (0) 7 : 0.36667134332124229346 0.35763212470334504456 0.27569653197541266199
151 151 (0) 7 : 0.64586865063866627512 0.00000000100000000000 0.35413134836133358663
152 152 (0) 7 : 0.00145064343310899891 0.00000000100000000000 0.99854935556689106146
153 153 (0) 7 : 0.99999999800000005656 0.00000000099999999997 0.00000000099999999997
154 154 (0) 7 : 0.10250986809732851035 0.45611886731931511330 0.44137126458335618207
155 155 (0) 7 : 0.63854138221541623111 0.36145861678458379718 0.00000000100000000000
156 156 (0) 7 : 0.00000000099999999998 0.00000000099999999998 0.99999999800000005656
157 157 (0) 7 : 0.00000000099999999998 0.00000000099999999998 0.99999999799999994554
158 158 (0) 7 : 0.11712658745589910048 0.17454017971848184709 0.70833323282561899692
159 159 (0) 7 : 0.73906049498267878395 0.00000000953587872183 0.26093949548144257378
160 160 (0) 7 : 0.38777572048946251648 0.34824873984096493817 0.26397553966957254534
161 161 (0) 7 : 0.81084936289390008302 0.18915063610609986200 0.00000000099999999999
162 162 (0) 7 : 0.20234430582879425753 0.57706353602618176701 0.22059215814502403097
163 163 (0) 7 : 0.04873694956755710711 0.19829379595059679064 0.75296925448184615082
164 164 (0) 7 : 0.35702948055184002829 0.17594137318404445836 0.46702914626411556887
165 165 (0) 7 : 0.45236033141605663799 0.54763966758394322376 0.00000000099999999999
166 166 (0) 7 : 0.24478814617424488054 0.46999828236348645261 0.28521357146226861135
167 167 (0) 7 : 0.00000000099999999999 0.00000000099999999999 0.99999999799999994554
168 168 (0) 7 : 0.15662384071673393637 0.28002847971389782655 0.56334767956936826483
169 169 (0) 7 : 0.75490376967541172881 0.24509622932458818845 0.00000000100000000000
1 1 (0) 1 : 0.30585133311449330673 0.35113162851535989484 0.34301703837014685394
2 2 (0) 1 : 0.58320674543227168929 0.03733970205406949433 0.37945355251365880944
3 3 (0) 1 : 0.54847900209542876926 0.07250453216998875572 0.37901646573458253053
4 4 (0) 1 : 0.46541487032231498855 0.08140190692827238561 0.45318322274941263972
5 5 (0) 1 : 0.45730908659840313613 0.26370620964911523076 0.27898470375248163311
6 6 (0) 1 : 0.31511969696548214337 0.02507278140519695470 0.65980752162932088112
7 7 (0) 1 : 0.64532386539915964629 0.35467613360084032648 0.00000000100000000000
8 8 (0) 1 : 0.99999999800000005656 0.00000000100000000000 0.00000000100000000000
9 9 (0) 1 : 0.24743589899826537448 0.66799525839167439578 0.08456884261006024361
10 10 (0) 1 : 0.21043358094524591828 0.41944333170682129852 0.37012308734793286646
11 11 (0) 1 : 0.00000000099999999998 0.99999999799999994554 0.00000000099999999998
12 12 (0) 1 : 0.52024172118357980832 0.47975827781642010894 0.00000000100000000000
13 13 (0) 2 : 0.52500271343132787205 0.44779250354580191207 0.02720478302287020547
14 14 (0) 2 : 0.00000000099999999997 0.99999999799999994554 0.00000000099999999997
15 15 (0) 2 : 0.00000000099999999999 0.99999999800000005656 0.00000000099999999999
16 16 (0) 2 : 0.00000000099999999999 0.99999999800000005656 0.00000000099999999999
17 17 (0) 2 : 0.47380122486428888351 0.52619877413571114477 0.00000000100000000000
18 18 (0) 2 : 0.00000000099999999999 0.98345866691171557328 0.01654133208828454521
19 19 (0) 2 : 0.05332851428222801921 0.94667148471777196050 0.00000000100000000000
20 20 (0) 2 : 0.48786504737439539969 0.26815833471232247698 0.24397661791328215108
21 21 (0) 2 : 0.99152731279151418153 0.00000000100000000000 0.00847268620848585889
22 22 (0) 2 : 0.15191966018954122797 0.51266471286496140269 0.33541562694549742485
23 23 (0) 2 : 0.34498655272509082259 0.65501344627490909467 0.00000000100000000000
24 24 (0) 2 : 0.50495567668649776749 0.06320483294742776370 0.43183949036607444105
25 25 (0) 2 : 0.32687109820037574259 0.43441436119672449667 0.23871454060289978849
26 26 (0) 2 : 0.45887967894758752152 0.29136420198563417472 0.24975611906677822049
27 27 (0) 2 : 0.24219628271799073516 0.19997688058972915015 0.55782683669228005918
28 28 (0) 2 : 0.16091696707518074461 0.83908303192481914490 0.00000000100000000000
29 29 (0) 2 : 0.60151712137818591497 0.03837426686866348552 0.36010861175315067584
30 30 (0) 2 : 0.25158120710934289699 0.56132080956557883766 0.18709798332507826535
31 31 (0) 2 : 0.00000000100000000000 0.36629581852441361889 0.63370418047558640939
32 32 (0) 2 : 0.00000000100000000000 0.32709871386518801772 0.67290128513481206607
33 33 (0) 2 : 0.00000000099999999997 0.99999999800000005656 0.00000000099999999997
34 34 (0) 3 : 0.68322436395322361236 0.01872110819496206405 0.29805452785181435482
35 35 (0) 3 : 0.47333848991772542458 0.08900484918824859426 0.43765666089402599503
36 36 (0) 3 : 0.36621599739157778552 0.09254651448924362811 0.54123748811917871127
37 37 (0) 3 : 0.59210418664245689779 0.11799684188252961003 0.28989897147501353381
38 38 (0) 3 : 0.45106478896429880177 0.04180377886686931221 0.50713143216883194153
39 39 (0) 3 : 0.36549262362356410572 0.06551401269905188229 0.56899336367738395648
40 40 (0) 3 : 0.00000000100000000000 0.00998406090008553161 0.99001593809991450534
41 41 (0) 3 : 0.27612689316408267626 0.18633349070939786429 0.53753961612651957047
42 42 (0) 3 : 0.46692750217479717101 0.27136078001588270769 0.26171171780932017681
43 43 (0) 3 : 0.00000000099999999999 0.00004053014904786393 0.99995946885095221557
44 44 (0) 3 : 0.60903583664917460005 0.10837687753870035856 0.28258728581212499975
45 45 (0) 3 : 0.47111846297094850389 0.00000000099999999998 0.52888153602905141337
46 46 (0) 3 : 0.15743417530131281756 0.06393221715876190592 0.77863360753992527652
47 47 (0) 3 : 0.25692532617533814232 0.25523712519265218113 0.48783754863200967655
48 48 (0) 3 : 0.50350464047669518663 0.04336243402483117709 0.45313292549847361546
49 49 (0) 3 : 0.99999999799999994554 0.00000000099999999998 0.00000000099999999998
50 50 (0) 3 : 0.00000000100000000000 0.03699400232878981981 0.96300599667121011827
51 51 (0) 3 : 0.00000014449079541855 0.06788830445426366489 0.93211155105494092332
52 52 (0) 3 : 0.15946952991633303598 0.35013712626714155185 0.49039334381652555095
53 53 (0) 3 : 0.45783211302704346357 0.14791464196797068920 0.39425324500498576397
54 54 (0) 3 : 0.32849484106534815320 0.12141382073953814469 0.55009133819511379926
55 55 (0) 3 : 0.89874789138805621924 0.10125210761194362863 0.00000000099999999999
56 56 (0) 3 : 0.42206346231799518609 0.00000000100000000000 0.57793653668200484219
57 57 (0) 3 : 0.58891170761399613820 0.01621635651414816970 0.39487193587185565047
58 58 (0) 3 : 0.51244006947414166842 0.00000000099999999999 0.48755992952585847089
59 59 (0) 3 : 0.00000000099999999999 0.11054425089590230735 0.88945574810409755440
60 60 (0) 4 : 0.00000000100000000000 0.64657603795755980158 0.35342396104244028221
61 61 (0) 4 : 0.00000000100000000000 0.68872522105390809877 0.31127477794609176298
62 62 (0) 4 : 0.00000000100000000000 0.24758881516629915875 0.75241118383370075851
63 63 (0) 4 : 0.91758165879245356944 0.08241834020754636170 0.00000000100000000000
64 64 (0) 4 : 0.00000000100000000000 0.19497035289309957995 0.80502964610690053160
65 65 (0) 4 : 0.15522879050321411465 0.13606242613580527001 0.70870878336098064310
66 66 (0) 4 : 0.00000000099999999999 0.02291017804732623994 0.97708982095267360446
67 67 (0) 4 : 0.35348433316443217400 0.31334181831762125681 0.33317384851794656919
68 68 (0) 4 : 0.44354748704448737628 0.15152616075396399542 0.40492635220154854503
69 69 (0) 4 : 0.99999999799999994554 0.00000000099999999999 0.00000000099999999999
70 70 (0) 4 : 0.00000040559130791267 0.61119387646742384668 0.38880571794126828067
71 71 (0) 4 : 0.00000400122789364299 0.00000051715464652624 0.99999548161745976937
72 72 (0) 4 : 0.21374689126018275864 0.59908259215048209612 0.18717051658933522851
73 73 (0) 4 : 0.60461586199132311137 0.01863647504887125037 0.37674766295980577357
74 74 (0) 4 : 0.43914020551006788251 0.03148252676318205601 0.52937726772674997822
75 75 (0) 4 : 0.47298317609884871215 0.02890656267354727721 0.49811026122760398982
76 76 (0) 4 : 0.50665098049282952797 0.06575086067640417697 0.42759815883076635057
77 77 (0) 4 : 0.57371757671761225428 0.10132012594623844570 0.32496229733614917512
78 78 (0) 4 : 0.43078302821994612914 0.07355949330482799975 0.49565747847522595437
79 79 (0) 4 : 0.59741382297861622686 0.00000000099999999999 0.40258617602138374592
80 80 (0) 4 : 0.43862639637228129086 0.05086389170422581790 0.51050971192349292593
81 81 (0) 4 : 0.04439965829433380196 0.66134792100097039569 0.29425242070469581623
82 82 (0) 4 : 0.60967370735769499390 0.10561407199664193945 0.28471222064566303889
83 83 (0) 4 : 0.39242039675616896544 0.00000000100000000000 0.60757960224383111836
84 84 (0) 4 : 0.11758778291028441909 0.15250717226240609325 0.72990504482730955704
85 85 (0) 4 : 0.21443258469072468131 0.61218782908449675961 0.17337958622477847581
86 86 (0) 5 : 0.00000000100000000000 0.14649916066146620452 0.85350083833853385151
87 87 (0) 5 : 0.52036756435653064301 0.13645695806872340516 0.34317547757474603509
88 88 (0) 5 : 0.19740079695755916034 0.17155735142302394602 0.63104185161941694915
89 89 (0) 5 : 0.75050107651545994170 0.05964811477338413659 0.18985080871115589396
90 90 (0) 5 : 0.43561578098635955758 0.09605210820366488766 0.46833211080997566578
91 91 (0) 5 : 0.32522640087826154565 0.11246478832062561937 0.56230881080111283499
92 92 (0) 5 : 0.27982343744689541776 0.02827024342143022798 0.69190631913167444100
93 93 (0) 5 : 0.99999999800000005656 0.00000000099999999998 0.00000000099999999998
94 94 (0) 5 : 0.25370007448075321266 0.09519594324823109355 0.65110398227101573543
95 95 (0) 5 : 0.44671535037004700408 0.55327125867155169114 0.00001339095840132884
96 96 (0) 5 : 0.42859412055591161739 0.00000000099999999999 0.57140587844408841089
97 97 (0) 5 : 0.35600162988919598073 0.27423607410993544597 0.36976229600086851779
98 98 (0) 5 : 0.00000000100000000000 0.22670640786029314095 0.77329359113970674855
99 99 (0) 5 : 0.51781211095669144040 0.02082414439726949090 0.46136374464603896461
100 100 (0) 5 : 0.13663595429564623362 0.11062420603818808040 0.75273983966616575536
101 101 (0) 5 : 0.41260048782653008237 0.00000075263167910779 0.58739875954179088247
102 102 (0) 5 : 0.42650755582345634132 0.00000000100000000000 0.57349244317654346492
103 103 (0) 5 : 0.00000000279979589822 0.03456286676836797106 0.96543713043183609912
104 104 (0) 5 : 0.25362720848305086996 0.25171161442807538089 0.49466117708887369364
105 105 (0) 5 : 0.38340729959131308879 0.00000000100000000000 0.61659269940868699500
106 106 (0) 5 : 0.39938255908427017227 0.19821947474084031238 0.40239796617488959862
107 107 (0) 5 : 0.28420259916196988215 0.11568964291209182793 0.60010775792593828992
108 108 (0) 5 : 0.48771421894661204366 0.20867802490372852620 0.30360775614965945790
109 109 (0) 5 : 0.71665234208433636898 0.28334765691566354828 0.00000000100000000000
110 110 (0) 5 : 0.57546289488466617623 0.19296063939584767732 0.23157646571948622971
111 111 (0) 5 : 0.24609667642042759583 0.00000000099999999999 0.75390332257957226592
112 112 (0) 5 : 0.66778282477538108974 0.00000000099999999999 0.33221717422461888303
113 113 (0) 4 : 0.54591585567583611471 0.00000000100000000000 0.45408414332416408010
114 114 (0) 6 : 0.45328113057299074251 0.15683513340834542849 0.38988373601866382900
115 115 (0) 6 : 0.11089269046680047537 0.36770832180911322551 0.52139898772408632688
116 116 (0) 6 : 0.17482596925758692175 0.57504929454052000626 0.25012473620189307200
117 117 (0) 6 : 0.30649135855083831093 0.69350864044916160633 0.00000000099999999999
118 118 (0) 6 : 0.32259315924202092152 0.44637209214785716904 0.23103474861012190944
119 119 (0) 6 : 0.00000000099999999999 0.89379955449789372235 0.10620044450210625042
120 120 (0) 6 : 0.60105134827927664265 0.00000000099999999999 0.39894865072072344114
121 121 (0) 6 : 0.17361585361373807479 0.19645768227811280515 0.62992646410814912006
122 122 (0) 6 : 0.67539939700865869732 0.00000000100000000000 0.32460060199134133097
123 123 (0) 6 : 0.48721776016675538701 0.39255981843310788770 0.12022242140013672529
124 124 (0) 6 : 0.45264768458441578813 0.01106926213387625021 0.53628305328170788879
125 125 (0) 6 : 0.94499961380969044189 0.05500038519030953088 0.00000000099999999999
126 126 (0) 6 : 0.51677069952791832019 0.06091157885116906673 0.42231772162091263390
127 127 (0) 6 : 0.43921481982803672883 0.54117169899334138794 0.01961348117862194221
128 128 (0) 6 : 0.61671064875250203308 0.00000000100000000000 0.38328935024749810623
129 129 (0) 6 : 0.42272454799561226535 0.03141828689636969041 0.54585716510801807200
130 130 (0) 6 : 0.40367024000612922174 0.26870944973937077593 0.32762031025450000232
131 131 (0) 6 : 0.26142937889149431285 0.57923292173465534827 0.15933769937385033888
132 132 (0) 6 : 0.32557252098380606853 0.10197679700434410244 0.57245068201184978740
133 133 (0) 6 : 0.99999999799999994554 0.00000000099999999999 0.00000000099999999999
134 134 (0) 6 : 0.21784278259923425813 0.15679053967141440284 0.62536667772935128351
135 135 (0) 6 : 0.00000000100000000000 0.71904754961843819761 0.28095244938156183068
136 136 (0) 6 : 0.15574317284223282432 0.22572895102660506250 0.61852787613116211318
137 137 (0) 6 : 0.44567412190767791147 0.14773604416722035948 0.40658983392510167354
138 138 (0) 6 : 0.45828144451781210877 0.05878803836907065677 0.48293051711311713037
139 139 (0) 6 : 0.32160557490679342330 0.11460110689056701716 0.56379331820263955954
140 140 (0) 6 : 0.12461813972037276421 0.46038655626338115257 0.41499530401624618037
141 141 (0) 6 : 0.36358499477997907601 0.34798238866159092453 0.28843261655843005498
142 142 (0) 7 : 0.46245421857830215639 0.00000000100000000000 0.53754578042169787189
143 143 (0) 7 : 0.07036909247871020456 0.92963090652128976821 0.00000000099999999999
144 144 (0) 7 : 0.43500253237176295107 0.14118642683032367469 0.42381104079791331873
145 145 (0) 7 : 0.30774189535004098373 0.08032320464089084955 0.61193490000906824999
146 146 (0) 7 : 0.16985568420290700353 0.33060870448574664060 0.49953561131134632811
147 147 (0) 7 : 0.30584287556143624487 0.00000000099999999999 0.69415712343856372790
148 148 (0) 7 : 0.36939040380804516461 0.00000000100000000000 0.63060959519195480816
149 149 (0) 7 : 0.04074356490588618845 0.71635250624277180265 0.24290392885134201584
150 150 (0) 7 : 0.44716825773128698884 0.36064215445805719584 0.19218958781065573205
151 151 (0) 7 : 0.18223806933587072265 0.63213451402970610715 0.18562741663442322571
152 152 (0) 7 : 0.00000000100000000000 0.01025891307666719661 0.98974108592333287504
153 153 (0) 7 : 0.00000000099999999996 0.99999999799999994554 0.00000000099999999996
154 154 (0) 7 : 0.30940223688024126592 0.10358818722435081394 0.58700957589540792014
155 155 (0) 7 : 0.36387878822760127973 0.63612121077239858202 0.00000000100000000000
156 156 (0) 7 : 0.00000000099999999998 0.00000000099999999998 0.99999999799999994554
157 157 (0) 7 : 0.00000000099999999998 0.00000000099999999998 0.99999999799999994554
158 158 (0) 7 : 0.24611720287262980889 0.12196057454729676561 0.63192222258007346714
159 159 (0) 7 : 0.01936202939130498082 0.73722721333166363333 0.24341075727703131992
160 160 (0) 7 : 0.37553579763951400183 0.37665899989204043585 0.24780520246844564558
161 161 (0) 7 : 0.18349081093022129307 0.81650918806977856867 0.00000000100000000000
162 162 (0) 7 : 0.52914728783736098006 0.19911380172560425028 0.27173891043703479742
163 163 (0) 7 : 0.22475527646710810603 0.04417179720694083128 0.73107292632595111126
164 164 (0) 7 : 0.17730058411342305980 0.35459882678495807662 0.46810058910161894685
165 165 (0) 7 : 0.56614369436164957428 0.43385630463835050952 0.00000000099999999999
166 166 (0) 7 : 0.36915260439984715068 0.24345007692506956398 0.38739731867508325758
167 167 (0) 7 : 0.22271862280500756559 0.00000000099999999999 0.77728137619499249045
168 168 (0) 7 : 0.00000000100000000000 0.15180587712737678152 0.84819412187262333003
169 169 (0) 7 : 0.22693635059437156087 0.77306364840562846741 0.00000000100000000000
