-------------------------------------------------------------------------------
 L       Percentage of nodes in the largest component
 D       Percentage of nodes in components of size at most 3 [-div option]
 R       Percentage of nodes not in L or D: 100 - L -D
 S       Percentage of nodes that are singletons
 E       Fraction of edges retained (input graph has 380)
 cce     Expected size of component, nodewise [ sum(sz^2) / sum^2(sz) ]
 EW      Edge weight traits (mean, median and IQR)
 ND      Node degree traits [mean, median and IQR]
 CCF     Clustering coefficient (scale 1-100)
 eff     Induced component efficiency relative to start graph (scale 1-1000)
Total number of nodes: 20
----------------------------------------------------------------------------------------------
  L   D   R   S     E     cce  EWmean   EWmed   EWiqr  NDmean   NDmed  NDiqr CCF  eff  Cutoff 
----------------------------------------------------------------------------------------------
100   0   0   0 0.989      20    0.61    0.57    0.05    18.8    19.5    0.5   -    -     0.50
100   0   0   0 0.968      20    0.61    0.57    0.04    18.4    19.5    1.5   -    -     0.51
100   0   0   0 0.953      20    0.61    0.57    0.04    18.1    19.5    2.5   -    -     0.52
100   0   0   0 0.874      20    0.62    0.58    0.04    16.6    18.5    2.5   -    -     0.53
100   0   0   0 0.800      20    0.63    0.58    0.04    15.2    17.5    4.5   -    -     0.54
100   0   0   0 0.737      20    0.64    0.58    0.05    14.0    16.5    4.5   -    -     0.55
100   0   0   0 0.637      20    0.65    0.59    0.04    12.1    13.5    6.5   -    -     0.56
 95   5   0   5 0.500      18    0.67    0.59    0.03     9.5    10.5    7.5   -    -     0.57
 95   5   0   5 0.463      18    0.68    0.60    0.02     8.8     9.5    8.5   -    -     0.58
 80  20   0  10 0.311      13    0.73    0.61    0.40     5.9     6.5    8.5   -    -     0.59
 50  50   0  30 0.232       6    0.78    0.61    0.39     4.4     3.5    9.5   -    -     0.60
 45  55   0  45 0.195       5    0.81    1.00    0.39     3.7     1.5    8.5   -    -     0.61
 30  70   0  45 0.100       3    1.00    1.00    0.00     1.9     1.5    5.5   -    -     0.62
 30  70   0  45 0.100       3    1.00    1.00    0.00     1.9     1.5    5.5   -    -     0.63
 30  70   0  45 0.100       3    1.00    1.00    0.00     1.9     1.5    5.5   -    -     0.64
 30  70   0  45 0.100       3    1.00    1.00    0.00     1.9     1.5    5.5   -    -     0.65
 30  70   0  45 0.100       3    1.00    1.00    0.00     1.9     1.5    5.5   -    -     0.66
 30  70   0  45 0.100       3    1.00    1.00    0.00     1.9     1.5    5.5   -    -     0.67
 30  70   0  45 0.100       3    1.00    1.00    0.00     1.9     1.5    5.5   -    -     0.68
 30  70   0  45 0.100       3    1.00    1.00    0.00     1.9     1.5    5.5   -    -     0.69
 30  70   0  45 0.100       3    1.00    1.00    0.00     1.9     1.5    5.5   -    -     0.70
 30  70   0  45 0.100       3    1.00    1.00    0.00     1.9     1.5    5.5   -    -     0.71
 30  70   0  45 0.100       3    1.00    1.00    0.00     1.9     1.5    5.5   -    -     0.72
 30  70   0  45 0.100       3    1.00    1.00    0.00     1.9     1.5    5.5   -    -     0.73
 30  70   0  45 0.100       3    1.00    1.00    0.00     1.9     1.5    5.5   -    -     0.74
 30  70   0  45 0.100       3    1.00    1.00    0.00     1.9     1.5    5.5   -    -     0.75
 30  70   0  45 0.100       3    1.00    1.00    0.00     1.9     1.5    5.5   -    -     0.76
 30  70   0  45 0.100       3    1.00    1.00    0.00     1.9     1.5    5.5   -    -     0.77
 30  70   0  45 0.100       3    1.00    1.00    0.00     1.9     1.5    5.5   -    -     0.78
 30  70   0  45 0.100       3    1.00    1.00    0.00     1.9     1.5    5.5   -    -     0.79
 30  70   0  45 0.100       3    1.00    1.00    0.00     1.9     1.5    5.5   -    -     0.80
 30  70   0  45 0.100       3    1.00    1.00    0.00     1.9     1.5    5.5   -    -     0.81
 30  70   0  45 0.100       3    1.00    1.00    0.00     1.9     1.5    5.5   -    -     0.82
 30  70   0  45 0.100       3    1.00    1.00    0.00     1.9     1.5    5.5   -    -     0.83
 30  70   0  45 0.100       3    1.00    1.00    0.00     1.9     1.5    5.5   -    -     0.84
 30  70   0  45 0.100       3    1.00    1.00    0.00     1.9     1.5    5.5   -    -     0.85
 30  70   0  45 0.100       3    1.00    1.00    0.00     1.9     1.5    5.5   -    -     0.86
 30  70   0  45 0.100       3    1.00    1.00    0.00     1.9     1.5    5.5   -    -     0.87
 30  70   0  45 0.100       3    1.00    1.00    0.00     1.9     1.5    5.5   -    -     0.88
 30  70   0  45 0.100       3    1.00    1.00    0.00     1.9     1.5    5.5   -    -     0.89
 30  70   0  45 0.100       3    1.00    1.00    0.00     1.9     1.5    5.5   -    -     0.90
 30  70   0  45 0.100       3    1.00    1.00    0.00     1.9     1.5    5.5   -    -     0.91
 30  70   0  45 0.100       3    1.00    1.00    0.00     1.9     1.5    5.5   -    -     0.92
 30  70   0  45 0.100       3    1.00    1.00    0.00     1.9     1.5    5.5   -    -     0.93
 30  70   0  45 0.100       3    1.00    1.00    0.00     1.9     1.5    5.5   -    -     0.94
 30  70   0  45 0.100       3    1.00    1.00    0.00     1.9     1.5    5.5   -    -     0.95
 30  70   0  45 0.100       3    1.00    1.00    0.00     1.9     1.5    5.5   -    -     0.96
 30  70   0  45 0.100       3    1.00    1.00    0.00     1.9     1.5    5.5   -    -     0.97
 30  70   0  45 0.100       3    1.00    1.00    0.00     1.9     1.5    5.5   -    -     0.98
 30  70   0  45 0.100       3    1.00    1.00    0.00     1.9     1.5    5.5   -    -     0.99
---------------------------------------------------------------------------------------------
