1.0000	0.6929	0.9997	0.9997	0.6926	0.5412	0.9617	0.9621	0.9995	0.9867	0.9867	0.6926	0.9995	0.6928	0.9623	0.6933	0.6926	0.9995	0.9621	0.9997
0.6929	1.0000	0.6929	0.6929	0.9975	0.4984	0.7062	0.7061	0.6930	0.6970	0.6970	0.9976	0.6930	0.9978	0.7061	0.9979	0.9976	0.6930	0.7062	0.6929
0.9997	0.6929	1.0000	1.0000	0.6926	0.5412	0.9619	0.9623	0.9997	0.9870	0.9870	0.6927	0.9997	0.6929	0.9625	0.6933	0.6927	0.9997	0.9623	0.9997
0.9997	0.6929	1.0000	1.0000	0.6926	0.5412	0.9619	0.9623	0.9997	0.9870	0.9870	0.6927	0.9997	0.6929	0.9625	0.6933	0.6927	0.9997	0.9623	0.9997
0.6926	0.9975	0.6926	0.6926	1.0000	0.4986	0.7060	0.7059	0.6927	0.6967	0.6967	0.9998	0.6927	0.9970	0.7059	0.9971	0.9997	0.6927	0.7059	0.6926
0.5412	0.4984	0.5412	0.5412	0.4986	1.0000	0.5523	0.5523	0.5413	0.5448	0.5448	0.4986	0.5413	0.4988	0.5523	0.4989	0.4986	0.5413	0.5523	0.5411
0.9617	0.7062	0.9619	0.9619	0.7060	0.5523	1.0000	0.9990	0.9620	0.9730	0.9730	0.7060	0.9621	0.7062	0.9989	0.7067	0.7060	0.9621	0.9990	0.9617
0.9621	0.7061	0.9623	0.9623	0.7059	0.5523	0.9990	1.0000	0.9625	0.9735	0.9735	0.7059	0.9625	0.7061	0.9996	0.7066	0.7059	0.9625	0.9999	0.9621
0.9995	0.6930	0.9997	0.9997	0.6927	0.5413	0.9620	0.9625	1.0000	0.9871	0.9871	0.6927	0.9999	0.6929	0.9627	0.6934	0.6927	0.9999	0.9625	0.9994
0.9867	0.6970	0.9870	0.9870	0.6967	0.5448	0.9730	0.9735	0.9871	1.0000	1.0000	0.6967	0.9871	0.6969	0.9737	0.6974	0.6967	0.9871	0.9735	0.9868
0.9867	0.6970	0.9870	0.9870	0.6967	0.5448	0.9730	0.9735	0.9871	1.0000	1.0000	0.6967	0.9871	0.6969	0.9737	0.6974	0.6967	0.9871	0.9735	0.9868
0.6926	0.9976	0.6927	0.6927	0.9998	0.4986	0.7060	0.7059	0.6927	0.6967	0.6967	1.0000	0.6927	0.9970	0.7059	0.9972	0.9997	0.6927	0.7059	0.6926
0.9995	0.6930	0.9997	0.9997	0.6927	0.5413	0.9621	0.9625	0.9999	0.9871	0.9871	0.6927	1.0000	0.6929	0.9627	0.6934	0.6927	0.9999	0.9625	0.9994
0.6928	0.9978	0.6929	0.6929	0.9970	0.4988	0.7062	0.7061	0.6929	0.6969	0.6969	0.9970	0.6929	1.0000	0.7061	0.9986	0.9970	0.6929	0.7061	0.6928
0.9623	0.7061	0.9625	0.9625	0.7059	0.5523	0.9989	0.9996	0.9627	0.9737	0.9737	0.7059	0.9627	0.7061	1.0000	0.7066	0.7059	0.9627	0.9997	0.9624
0.6933	0.9979	0.6933	0.6933	0.9971	0.4989	0.7067	0.7066	0.6934	0.6974	0.6974	0.9972	0.6934	0.9986	0.7066	1.0000	0.9971	0.6934	0.7066	0.6933
0.6926	0.9976	0.6927	0.6927	0.9997	0.4986	0.7060	0.7059	0.6927	0.6967	0.6967	0.9997	0.6927	0.9970	0.7059	0.9971	1.0000	0.6927	0.7059	0.6926
0.9995	0.6930	0.9997	0.9997	0.6927	0.5413	0.9621	0.9625	0.9999	0.9871	0.9871	0.6927	0.9999	0.6929	0.9627	0.6934	0.6927	1.0000	0.9625	0.9994
0.9621	0.7062	0.9623	0.9623	0.7059	0.5523	0.9990	0.9999	0.9625	0.9735	0.9735	0.7059	0.9625	0.7061	0.9997	0.7066	0.7059	0.9625	1.0000	0.9621
0.9997	0.6929	0.9997	0.9997	0.6926	0.5411	0.9617	0.9621	0.9994	0.9868	0.9868	0.6926	0.9994	0.6928	0.9624	0.6933	0.6926	0.9994	0.9621	1.0000
