-------------------------------------------------------------------------------
 L       Percentage of nodes in the largest component
 D       Percentage of nodes in components of size at most 3 [-div option]
 R       Percentage of nodes not in L or D: 100 - L -D
 S       Percentage of nodes that are singletons
 E       Fraction of edges retained (input graph has 380)
 cce     Expected size of component, nodewise [ sum(sz^2) / sum^2(sz) ]
 EW      Edge weight traits (mean, median and IQR)
 ND      Node degree traits [mean, median and IQR]
 CCF     Clustering coefficient (scale 1-100)
 eff     Induced component efficiency relative to start graph (scale 1-1000)
Total number of nodes: 20
----------------------------------------------------------------------------------------------
  L   D   R   S     E     cce  EWmean   EWmed   EWiqr  NDmean   NDmed  NDiqr CCF  eff  Cutoff 
----------------------------------------------------------------------------------------------
100   0   0   0 0.968      20    0.83    0.96    0.29    18.4    19.5    1.5   -    -     0.50
100   0   0   0 0.968      20    0.83    0.96    0.29    18.4    19.5    1.5   -    -     0.51
100   0   0   0 0.968      20    0.83    0.96    0.29    18.4    19.5    1.5   -    -     0.52
100   0   0   0 0.968      20    0.83    0.96    0.29    18.4    19.5    1.5   -    -     0.53
100   0   0   0 0.968      20    0.83    0.96    0.29    18.4    19.5    1.5   -    -     0.54
100   0   0   0 0.921      20    0.85    0.96    0.29    17.5    18.5    0.5   -    -     0.55
 95   5   0   5 0.900      18    0.85    0.96    0.30    17.1    18.5    0.5   -    -     0.56
 95   5   0   5 0.900      18    0.85    0.96    0.30    17.1    18.5    0.5   -    -     0.57
 95   5   0   5 0.900      18    0.85    0.96    0.30    17.1    18.5    0.5   -    -     0.58
 95   5   0   5 0.900      18    0.85    0.96    0.30    17.1    18.5    0.5   -    -     0.59
 95   5   0   5 0.900      18    0.85    0.96    0.30    17.1    18.5    0.5   -    -     0.60
 95   5   0   5 0.900      18    0.85    0.96    0.30    17.1    18.5    0.5   -    -     0.61
 95   5   0   5 0.900      18    0.85    0.96    0.30    17.1    18.5    0.5   -    -     0.62
 95   5   0   5 0.900      18    0.85    0.96    0.30    17.1    18.5    0.5   -    -     0.63
 95   5   0   5 0.900      18    0.85    0.96    0.30    17.1    18.5    0.5   -    -     0.64
 95   5   0   5 0.900      18    0.85    0.96    0.30    17.1    18.5    0.5   -    -     0.65
 95   5   0   5 0.900      18    0.85    0.96    0.30    17.1    18.5    0.5   -    -     0.66
 95   5   0   5 0.900      18    0.85    0.96    0.30    17.1    18.5    0.5   -    -     0.67
 95   5   0   5 0.900      18    0.85    0.96    0.30    17.1    18.5    0.5   -    -     0.68
 95   5   0   5 0.900      18    0.85    0.96    0.30    17.1    18.5    0.5   -    -     0.69
 95   5   0   5 0.616      18    0.93    0.97    0.04    11.7    12.5    3.5   -    -     0.70
 65   5  30   5 0.489      10    0.98    0.99    0.04     9.3    12.5    7.5   -    -     0.71
 65   5  30   5 0.489      10    0.98    0.99    0.04     9.3    12.5    7.5   -    -     0.72
 65   5  30   5 0.489      10    0.98    0.99    0.04     9.3    12.5    7.5   -    -     0.73
 65   5  30   5 0.489      10    0.98    0.99    0.04     9.3    12.5    7.5   -    -     0.74
 65   5  30   5 0.489      10    0.98    0.99    0.04     9.3    12.5    7.5   -    -     0.75
 65   5  30   5 0.489      10    0.98    0.99    0.04     9.3    12.5    7.5   -    -     0.76
 65   5  30   5 0.489      10    0.98    0.99    0.04     9.3    12.5    7.5   -    -     0.77
 65   5  30   5 0.489      10    0.98    0.99    0.04     9.3    12.5    7.5   -    -     0.78
 65   5  30   5 0.489      10    0.98    0.99    0.04     9.3    12.5    7.5   -    -     0.79
 65   5  30   5 0.489      10    0.98    0.99    0.04     9.3    12.5    7.5   -    -     0.80
 65   5  30   5 0.489      10    0.98    0.99    0.04     9.3    12.5    7.5   -    -     0.81
 65   5  30   5 0.489      10    0.98    0.99    0.04     9.3    12.5    7.5   -    -     0.82
 65   5  30   5 0.489      10    0.98    0.99    0.04     9.3    12.5    7.5   -    -     0.83
 65   5  30   5 0.489      10    0.98    0.99    0.04     9.3    12.5    7.5   -    -     0.84
 65   5  30   5 0.489      10    0.98    0.99    0.04     9.3    12.5    7.5   -    -     0.85
 65   5  30   5 0.489      10    0.98    0.99    0.04     9.3    12.5    7.5   -    -     0.86
 65   5  30   5 0.489      10    0.98    0.99    0.04     9.3    12.5    7.5   -    -     0.87
 65   5  30   5 0.489      10    0.98    0.99    0.04     9.3    12.5    7.5   -    -     0.88
 65   5  30   5 0.489      10    0.98    0.99    0.04     9.3    12.5    7.5   -    -     0.89
 65   5  30   5 0.489      10    0.98    0.99    0.04     9.3    12.5    7.5   -    -     0.90
 65   5  30   5 0.489      10    0.98    0.99    0.04     9.3    12.5    7.5   -    -     0.91
 65   5  30   5 0.489      10    0.98    0.99    0.04     9.3    12.5    7.5   -    -     0.92
 65   5  30   5 0.489      10    0.98    0.99    0.04     9.3    12.5    7.5   -    -     0.93
 65   5  30   5 0.489      10    0.98    0.99    0.04     9.3    12.5    7.5   -    -     0.94
 65   5  30   5 0.489      10    0.98    0.99    0.04     9.3    12.5    7.5   -    -     0.95
 65   5  30   5 0.489      10    0.98    0.99    0.04     9.3    12.5    7.5   -    -     0.96
 65   5  30   5 0.342      10    0.99    1.00    0.01     6.5     5.5    3.5   -    -     0.97
 45   5  50   5 0.300       7    1.00    1.00    0.00     5.7     5.5    3.5   -    -     0.98
 35  15  50   5 0.226       5    1.00    1.00    0.00     4.3     5.5    3.5   -    -     0.99
---------------------------------------------------------------------------------------------
