1 1 (0) 1 : 0.00390921161019693215 0.00000000099999999991 0.00000000099999999991 0.11301512592352044861 0.45463018436998797744 0.00000000099999999991 0.00000000099999999991 0.21252815523489010374 0.15999334557187799843 0.05592397328952671692
2 2 (0) 1 : 0.00000000099999999993 0.00000000099999999993 0.00000000099999999993 0.63811793683168838154 0.00000000099999999993 0.00000000099999999993 0.00000000099999999993 0.29535448389118124091 0.00000000099999999993 0.06652757227713033961
3 3 (0) 1 : 0.00000000099999999936 0.00000000099999999936 0.00000000099999999936 0.00000000099999999936 0.00000000099999999936 0.00000000099999999936 0.00000000099999999936 0.00000000099999999936 0.00000000099999999936 0.99999999100000003249
4 4 (0) 1 : 0.06591202035960133654 0.00000000099999999983 0.00000000099999999983 0.55121572845955779663 0.38287224418084092603 0.00000000099999999983 0.00000000099999999983 0.00000000099999999983 0.00000000099999999983 0.00000000099999999983
5 5 (0) 1 : 0.00000000099999999971 0.00000000099999999971 0.00000000099999999971 0.00000000099999999971 0.99999999100000014352 0.00000000099999999971 0.00000000099999999971 0.00000000099999999971 0.00000000099999999971 0.00000000099999999971
6 6 (0) 1 : 0.21675230835710901367 0.00000000099999999978 0.00000000099999999978 0.78324766954388913565 0.00000000519583965642 0.00000000099999999978 0.00000000099999999978 0.00000001090316230806 0.00000000099999999978 0.00000000099999999978
7 7 (0) 1 : 0.00000000099999999967 0.00000000099999999967 0.00000000099999999967 0.00000000099999999967 0.99999999100000003249 0.00000000099999999967 0.00000000099999999967 0.00000000099999999967 0.00000000099999999967 0.00000000099999999967
8 8 (0) 1 : 0.00000000099999999967 0.00000000099999999967 0.00000000099999999967 0.00000000099999999967 0.99999999100000003249 0.00000000099999999967 0.00000000099999999967 0.00000000099999999967 0.00000000099999999967 0.00000000099999999967
9 9 (0) 1 : 0.99999999100000025454 0.00000000099999999932 0.00000000099999999932 0.00000000099999999932 0.00000000099999999932 0.00000000099999999932 0.00000000099999999932 0.00000000099999999932 0.00000000099999999932 0.00000000099999999932
10 10 (0) 1 : 0.06380156265204801891 0.00000000099999999978 0.00000000099999999978 0.93619842866916225255 0.00000000099999999978 0.00000000099999999978 0.00000000099999999978 0.00000000099999999978 0.00000000167878985187 0.00000000099999999978
11 11 (0) 1 : 0.00000000099999999988 0.00000000099999999988 0.00000000099999999988 0.60210224838470516318 0.23095077471900019028 0.00000000099999999988 0.00000000099999999988 0.16694696989629467798 0.00000000099999999988 0.00000000099999999988
12 12 (0) 1 : 0.00000000099999999971 0.00000000099999999971 0.00000000099999999971 0.99999999100000003249 0.00000000099999999971 0.00000000099999999971 0.00000000099999999971 0.00000000099999999971 0.00000000099999999971 0.00000000099999999971
13 13 (0) 1 : 0.00000000099999999978 0.00000000099999999978 0.00000000099999999978 0.99999999100000014352 0.00000000099999999978 0.00000000099999999978 0.00000000099999999978 0.00000000099999999978 0.00000000099999999978 0.00000000099999999978
14 14 (0) 1 : 0.00000000099999999970 0.00000000099999999970 0.00000000099999999970 0.00000000099999999970 0.00000000099999999970 0.00000000099999999970 0.00000000099999999970 0.99999999100000003249 0.00000000099999999970 0.00000000099999999970
15 15 (0) 2 : 0.00000000099999999963 0.00000000099999999963 0.00000000099999999963 0.00000000099999999963 0.00000000099999999963 0.00000000099999999963 0.00000000099999999963 0.00000000099999999963 0.99999999100000003249 0.00000000099999999963
16 16 (0) 2 : 0.00000000099999999972 0.19852409857647115854 0.54713901725748870231 0.00000000099999999972 0.00000000099999999972 0.04019054223521383723 0.21414633593082632590 0.00000000099999999972 0.00000000099999999972 0.00000000099999999972
17 17 (0) 2 : 0.00000000099999999967 0.00000000099999999967 0.99999999100000003249 0.00000000099999999967 0.00000000099999999967 0.00000000099999999967 0.00000000099999999967 0.00000000099999999967 0.00000000099999999967 0.00000000099999999967
18 18 (0) 2 : 0.00000000099999999961 0.48108455363974622632 0.41539531731345513688 0.00000000099999999961 0.00000000099999999961 0.10352012204679869600 0.00000000099999999961 0.00000000099999999961 0.00000000099999999961 0.00000000099999999961
19 19 (0) 2 : 0.00000000099999999963 0.05248240519649274849 0.25695936592105667051 0.00000000099999999963 0.00000000099999999963 0.06098166258610074331 0.62957656029634978534 0.00000000099999999963 0.00000000099999999963 0.00000000099999999963
20 20 (0) 2 : 0.00000000099999999998 0.28325494387102423399 0.23452905359768963511 0.00000000099999999998 0.00000000099999999998 0.05344248982144189641 0.42877350670984432091 0.00000000099999999998 0.00000000099999999998 0.00000000099999999998
21 21 (0) 2 : 0.00000000099999999960 0.00000000099999999960 0.35380158676352041480 0.00000000099999999960 0.00000000099999999960 0.00545965194462918590 0.64073875429185045416 0.00000000099999999960 0.00000000099999999960 0.00000000099999999960
22 22 (0) 2 : 0.00000000099999999969 0.88408480671599365408 0.00000000099999999969 0.00000000099999999969 0.00000000099999999969 0.11591518528400650279 0.00000000099999999969 0.00000000099999999969 0.00000000099999999969 0.00000000099999999969
23 23 (0) 1 : 0.00000000099999999996 0.00000000099999999996 0.00000000099999999996 0.11917176790483248461 0.25568244745475710022 0.02689978611886330653 0.00000000099999999996 0.33383367531741631185 0.25097292631804946073 0.01343939288608121153
24 24 (0) 1 : 0.00000000099999999980 0.00000000099999999980 0.00000000099999999980 0.00000000099999999980 0.00000000099999999980 0.00000000099999999980 0.00000000099999999980 0.00000000099999999980 0.99999999100000003249 0.00000000099999999980
25 25 (0) 1 : 0.00000000099999999983 0.00000000099999999983 0.00000000099999999983 0.00000000099999999983 0.00000000099999999983 0.00000000099999999983 0.00000000099999999983 0.00000000099999999983 0.00000000099999999983 0.99999999099999992147
26 26 (0) 1 : 0.00000000099999999973 0.00000000099999999973 0.00000000099999999973 0.00000000099999999973 0.00000000099999999973 0.00000000099999999973 0.00000000099999999973 0.99999999099999992147 0.00000000099999999973 0.00000000099999999973
27 27 (0) 2 : 0.00000000099999999895 0.00000000099999999895 0.00000000099999999895 0.00000000099999999895 0.00000000099999999895 0.99999999099999992147 0.00000000099999999895 0.00000000099999999895 0.00000000099999999895 0.00000000099999999895
28 28 (0) 2 : 0.00000000099999999948 0.00000000099999999948 0.99999999100000014352 0.00000000099999999948 0.00000000099999999948 0.00000000099999999948 0.00000000099999999948 0.00000000099999999948 0.00000000099999999948 0.00000000099999999948
29 29 (0) 2 : 0.00000000099999999956 0.00000000099999999956 0.00000000099999999956 0.00000000099999999956 0.00000000099999999956 0.07264400961820616232 0.92735598238179395292 0.00000000099999999956 0.00000000099999999956 0.00000000099999999956
30 30 (0) 2 : 0.00000000099999999962 0.99999999100000014352 0.00000000099999999962 0.00000000099999999962 0.00000000099999999962 0.00000000099999999962 0.00000000099999999962 0.00000000099999999962 0.00000000099999999962 0.00000000099999999962
31 31 (0) 2 : 0.00000000099999999991 0.99999999100000025454 0.00000000099999999991 0.00000000099999999991 0.00000000099999999991 0.00000000099999999991 0.00000000099999999991 0.00000000099999999991 0.00000000099999999991 0.00000000099999999991
32 32 (0) 2 : 0.00000000099999999998 0.43784573467460519147 0.00787737089203374881 0.00000000099999999998 0.00000000099999999998 0.02490315679023492185 0.37218084410984775268 0.00000000099999999998 0.00000000099999999998 0.15719288853327845201
33 33 (0) 2 : 0.00000000099999999961 0.41423850582922117081 0.31451373727737941266 0.00000000099999999961 0.00000000099999999961 0.07788811985081556255 0.19335963104258402367 0.00000000099999999961 0.00000000099999999961 0.00000000099999999961
34 34 (0) 1 : 0.00000000099999999978 0.00000000099999999978 0.00000000099999999978 0.00000000099999999978 0.00000000099999999978 0.00000000099999999978 0.00000000099999999978 0.99999999099999992147 0.00000000099999999978 0.00000000099999999978
35 35 (0) 2 : 0.00000000099999999974 0.12874254566561788016 0.31142128259389756373 0.00000000099999999974 0.00000000099999999974 0.00644328366182419458 0.55339288207866021985 0.00000000099999999974 0.00000000099999999974 0.00000000099999999974
36 36 (0) 2 : 0.00000000099999999961 0.00000000099999999961 0.00000000099999999961 0.00000000099999999961 0.00000000099999999961 0.00000000099999999961 0.99999999100000003249 0.00000000099999999961 0.00000000099999999961 0.00000000099999999961
37 37 (0) 2 : 0.00000000099999999984 0.07169377224134827753 0.57881598251687427226 0.00000000099999999984 0.00000000099999999984 0.09805965395252130845 0.25143058528925632533 0.00000000099999999984 0.00000000099999999984 0.00000000099999999984
38 38 (0) 2 : 0.00000000099999999960 0.00000000099999999960 0.99999999100000003249 0.00000000099999999960 0.00000000099999999960 0.00000000099999999960 0.00000000099999999960 0.00000000099999999960 0.00000000099999999960 0.00000000099999999960
39 39 (0) 2 : 0.00000000099999999975 0.00000000099999999975 0.00000000099999999975 0.00000000099999999975 0.31610564537106872196 0.00000000099999999975 0.00000000099999999975 0.00000000099999999975 0.68389434662893111572 0.00000000099999999975
40 40 (0) 2 : 0.00000000099999999980 0.00000000099999999980 0.00000000099999999980 0.00000000099999999980 0.28616324422319433518 0.00000000099999999980 0.00000000099999999980 0.27688246766356533479 0.43695428111324019493 0.00000000099999999980
41 41 (0) 2 : 0.00000000099999999973 0.00000000099999999973 0.00000000099999999973 0.00000000099999999973 0.99999999100000003249 0.00000000099999999973 0.00000000099999999973 0.00000000099999999973 0.00000000099999999973 0.00000000099999999973
42 42 (0) 2 : 0.00000000099999999975 0.00000000099999999975 0.00000000099999999975 0.99999999100000014352 0.00000000099999999975 0.00000000099999999975 0.00000000099999999975 0.00000000099999999975 0.00000000099999999975 0.00000000099999999975
43 43 (0) 2 : 0.00000000099999999983 0.00000000099999999983 0.00000000099999999983 0.30243609122022568902 0.21117841225177208520 0.00000000099999999983 0.00000000099999999983 0.29470172575945624560 0.18302170765755804149 0.00866205811098797775
44 44 (0) 2 : 0.00000000099999999958 0.55613050968534594176 0.44386948231465422898 0.00000000099999999958 0.00000000099999999958 0.00000000099999999958 0.00000000099999999958 0.00000000099999999958 0.00000000099999999958 0.00000000099999999958
45 45 (0) 2 : 0.00000000099999999987 0.00000000099999999987 0.99999999100000014352 0.00000000099999999987 0.00000000099999999987 0.00000000099999999987 0.00000000099999999987 0.00000000099999999987 0.00000000099999999987 0.00000000099999999987
46 46 (0) 2 : 0.00000000099999999968 0.00000000099999999968 0.99999999100000014352 0.00000000099999999968 0.00000000099999999968 0.00000000099999999968 0.00000000099999999968 0.00000000099999999968 0.00000000099999999968 0.00000000099999999968
47 47 (0) 2 : 0.00000000099999999984 0.00000000099999999984 0.00000000099999999984 0.00000000099999999984 0.71658107550354543935 0.00000000099999999984 0.00000000099999999984 0.00000000099999999984 0.28341891649645445383 0.00000000099999999984
48 48 (0) 2 : 0.00000000099999999966 0.43065856435970778504 0.50155495334380328920 0.00000000099999999966 0.00000000099999999966 0.06778647529648890169 0.00000000099999999966 0.00000000099999999966 0.00000000099999999966 0.00000000099999999966
49 49 (0) 1 : 0.00000000099999999977 0.00000000099999999977 0.00000000099999999977 0.00000000099999999977 0.00000000099999999977 0.00000000099999999977 0.00000000099999999977 0.00000000099999999977 0.99999999100000003249 0.00000000099999999977
50 50 (0) 1 : 0.00000000099999999968 0.00000000099999999968 0.00000000099999999968 0.00000000099999999968 0.99999999100000003249 0.00000000099999999968 0.00000000099999999968 0.00000000099999999968 0.00000000099999999968 0.00000000099999999968
51 51 (0) 1 : 0.00000000099999999970 0.00000000099999999970 0.00000000099999999970 0.00000000099999999970 0.99999999100000003249 0.00000000099999999970 0.00000000099999999970 0.00000000099999999970 0.00000000099999999970 0.00000000099999999970
52 52 (0) 1 : 0.00000000099999999976 0.00000000099999999976 0.00000000099999999976 0.33113153374808351748 0.14006890543181352293 0.00000000099999999976 0.00000000099999999976 0.33569445072671383334 0.19310510409338907389 0.00000000099999999976
53 53 (0) 1 : 0.00000000099999999970 0.00000000099999999970 0.00000000099999999970 0.00000000099999999970 0.00000000099999999970 0.00000000099999999970 0.00000000099999999970 0.99999999099999992147 0.00000000099999999970 0.00000000099999999970
54 54 (0) 1 : 0.00000000099999999975 0.00000000099999999975 0.00000000099999999975 0.99999999100000003249 0.00000000099999999975 0.00000000099999999975 0.00000000099999999975 0.00000000099999999975 0.00000000099999999975 0.00000000099999999975
55 55 (0) 1 : 0.01243115097329285448 0.00000000099999999991 0.00000000099999999991 0.24008279018760517176 0.23934804339035645193 0.00000000099999999991 0.00000000099999999991 0.16168820840671374595 0.34644980204203151830 0.00000000099999999991
56 56 (0) 3 : 0.00000000099999999963 0.00000000099999999963 0.00000000099999999963 0.00000000099999999963 0.00000000099999999963 0.11911470703201017252 0.88088528496798990108 0.00000000099999999963 0.00000000099999999963 0.00000000099999999963
57 57 (0) 3 : 0.00000000099999999956 0.50611126731210842600 0.00000000099999999956 0.00000000099999999956 0.00000000099999999956 0.00067967547411686450 0.49320905021377486888 0.00000000099999999956 0.00000000099999999956 0.00000000099999999956
58 58 (0) 3 : 0.00000000099999999946 0.99999999100000025454 0.00000000099999999946 0.00000000099999999946 0.00000000099999999946 0.00000000099999999946 0.00000000099999999946 0.00000000099999999946 0.00000000099999999946 0.00000000099999999946
59 59 (0) 3 : 0.00000000099999999960 0.00000000099999999960 0.00000000099999999960 0.00000000099999999960 0.00000000099999999960 0.00000000099999999960 0.99999999099999992147 0.00000000099999999960 0.00000000099999999960 0.00000000099999999960
60 60 (0) 3 : 0.00000000099999999972 0.00000000099999999972 0.60206740220443932810 0.00000000099999999972 0.00000000099999999972 0.06532921545711177502 0.33260337533844880342 0.00000000099999999972 0.00000000099999999972 0.00000000099999999972
61 61 (0) 3 : 0.00000000099999999991 0.99999999100000014352 0.00000000099999999991 0.00000000099999999991 0.00000000099999999991 0.00000000099999999991 0.00000000099999999991 0.00000000099999999991 0.00000000099999999991 0.00000000099999999991
62 62 (0) 3 : 0.00000000099999999952 0.99999999100000025454 0.00000000099999999952 0.00000000099999999952 0.00000000099999999952 0.00000000099999999952 0.00000000099999999952 0.00000000099999999952 0.00000000099999999952 0.00000000099999999952
63 63 (0) 4 : 0.99999999100000014352 0.00000000099999999947 0.00000000099999999947 0.00000000099999999947 0.00000000099999999947 0.00000000099999999947 0.00000000099999999947 0.00000000099999999947 0.00000000099999999947 0.00000000099999999947
64 64 (0) 4 : 0.00000000099999999981 0.00000000099999999981 0.00000000099999999981 0.31347124881923660311 0.49156156069922690710 0.00000000099999999981 0.00000000099999999981 0.19496718348153654898 0.00000000099999999981 0.00000000099999999981
65 65 (0) 4 : 0.03084908012130235105 0.00000000099999999982 0.00000000099999999982 0.22701645182095894770 0.34154222641500164848 0.00000000099999999982 0.00000000099999999982 0.40059223564273716001 0.00000000099999999982 0.00000000099999999982
66 66 (0) 3 : 0.00000000099999999968 0.30727010324706771627 0.31343937726158771495 0.00000000099999999968 0.00000000099999999968 0.00000000099999999968 0.37929051249134460022 0.00000000099999999968 0.00000000099999999968 0.00000000099999999968
67 67 (0) 3 : 0.00000000099999999973 0.00000000099999999973 0.44729999680428977893 0.00000000099999999973 0.00000000099999999973 0.03594956909658345717 0.51675042709912688554 0.00000000099999999973 0.00000000099999999973 0.00000000099999999973
68 68 (0) 3 : 0.00000000099999999897 0.00000000099999999897 0.00000000099999999897 0.00000000099999999897 0.00000000099999999897 0.99999999100000003249 0.00000000099999999897 0.00000000099999999897 0.00000000099999999897 0.00000000099999999897
69 69 (0) 3 : 0.00000000099999999965 0.00000000099999999965 0.00000000099999999965 0.00000000099999999965 0.00000000099999999965 0.06705201093229488929 0.93294798106770515655 0.00000000099999999965 0.00000000099999999965 0.00000000099999999965
70 70 (0) 3 : 0.00000000099999999956 0.23213788020824405178 0.00000000099999999956 0.00000000099999999956 0.00000000099999999956 0.00000000099999999956 0.76786211179175600794 0.00000000099999999956 0.00000000099999999956 0.00000000099999999956
71 71 (0) 3 : 0.00000000099999999964 0.00000000099999999964 0.91833434197046759362 0.00000000099999999964 0.00000000099999999964 0.08166565002953246610 0.00000000099999999964 0.00000000099999999964 0.00000000099999999964 0.00000000099999999964
72 72 (0) 4 : 0.00000000099999999994 0.00000000099999999994 0.00000000099999999994 0.61686614330829869779 0.34175607728405482666 0.00000000099999999994 0.00000000099999999994 0.00000000099999999994 0.00000002023422775859 0.04137775317341881726
73 73 (0) 4 : 0.00000000099999999996 0.00000000099999999996 0.00000000099999999996 0.34676467048528097914 0.27871811632143767001 0.00000000099999999996 0.05757872304717885636 0.00000000099999999996 0.31693848414610237274 0.00000000099999999996
74 74 (0) 4 : 0.00000000099999999970 0.00000000099999999970 0.00000000099999999970 0.99999999100000003249 0.00000000099999999970 0.00000000099999999970 0.00000000099999999970 0.00000000099999999970 0.00000000099999999970 0.00000000099999999970
75 75 (0) 4 : 0.00000000099999999985 0.00000000099999999985 0.00000000099999999985 0.42591052829521541812 0.00000000099999999985 0.00000000099999999985 0.00000000099999999985 0.20119524454894857635 0.37289380844035674434 0.00000041271547897315
76 76 (0) 4 : 0.04918692545970822227 0.00000000099999999978 0.00000000099999999978 0.00000000099999999978 0.37393923662760852888 0.00000000099999999978 0.00000000099999999978 0.22363746982099677596 0.35323636209168635114 0.00000000099999999978
77 77 (0) 4 : 0.00000000099999999963 0.00000000099999999963 0.00000000099999999963 0.00000000099999999963 0.00000000099999999963 0.00000000099999999963 0.00000000099999999963 0.00000000099999999963 0.99999999099999992147 0.00000000099999999963
78 78 (0) 4 : 0.00000000099999999974 0.00000000099999999974 0.00000000099999999974 0.00000000099999999974 0.54758105158325776074 0.00000000099999999974 0.00000000099999999974 0.45241894041674241000 0.00000000099999999974 0.00000000099999999974
79 79 (0) 3 : 0.00000000099999999973 0.00000000099999999973 0.00000000099999999973 0.00000000099999999973 0.63058657686726526936 0.00000000099999999973 0.00000000099999999973 0.36941341513273473485 0.00000000099999999973 0.00000000099999999973
80 80 (0) 3 : 0.00000000099999999966 0.00000000099999999966 0.00000000099999999966 0.00000000099999999966 0.00000000099999999966 0.00000000099999999966 0.99999999100000003249 0.00000000099999999966 0.00000000099999999966 0.00000000099999999966
81 81 (0) 3 : 0.00000000099999999980 0.57724338720647749845 0.42275660479352272780 0.00000000099999999980 0.00000000099999999980 0.00000000099999999980 0.00000000099999999980 0.00000000099999999980 0.00000000099999999980 0.00000000099999999980
82 82 (0) 3 : 0.00000000099999999961 0.00000000099999999961 0.90623651745519806511 0.00000000099999999961 0.00000000099999999961 0.09376347454480193910 0.00000000099999999961 0.00000000099999999961 0.00000000099999999961 0.00000000099999999961
83 83 (0) 3 : 0.00000000099999999980 0.00000000099999999980 0.00000000099999999980 0.22414776910640821228 0.35908652446464472963 0.00000000099999999980 0.00000000099999999980 0.04889647392860225344 0.36264131185042852712 0.00522791564991636690
84 84 (0) 3 : 0.00000000099999999961 0.00000000099999999961 0.00000000099999999961 0.00000000099999999961 0.00000000099999999961 0.00000000099999999961 0.00000000099999999961 0.99999999100000003249 0.00000000099999999961 0.00000000099999999961
85 85 (0) 3 : 0.00000000099999999959 0.47118361875708236752 0.00000000099999999959 0.00000000099999999959 0.00000000099999999959 0.00000000099999999959 0.52881637324291752567 0.00000000099999999959 0.00000000099999999959 0.00000000099999999959
86 86 (0) 3 : 0.00000000099999999958 0.00000000099999999958 0.99999999100000003249 0.00000000099999999958 0.00000000099999999958 0.00000000099999999958 0.00000000099999999958 0.00000000099999999958 0.00000000099999999958 0.00000000099999999958
87 87 (0) 3 : 0.00000000099999999988 0.99999999100000025454 0.00000000099999999988 0.00000000099999999988 0.00000000099999999988 0.00000000099999999988 0.00000000099999999988 0.00000000099999999988 0.00000000099999999988 0.00000000099999999988
88 88 (0) 3 : 0.00000000099999999965 0.00000000099999999965 0.45537123610169011334 0.00000000099999999965 0.00000000099999999965 0.00000000099999999965 0.54462875589830983536 0.00000000099999999965 0.00000000099999999965 0.00000000099999999965
89 89 (0) 4 : 0.00000000099999999998 0.00000000099999999998 0.00000000099999999998 0.68743301815572888103 0.00000000099999999998 0.00000000099999999998 0.00000000099999999998 0.00000000099999999998 0.26012545190969216247 0.05244152293457892550
90 90 (0) 3 : 0.00000000099999999968 0.45608270233305492347 0.23747223718935261960 0.00000000099999999968 0.00000000099999999968 0.00000000099999999968 0.30644505347759243286 0.00000000099999999968 0.00000000099999999968 0.00000000099999999968
91 91 (0) 3 : 0.00000000099999999970 0.34236984164193207114 0.62409348612081305685 0.00000000099999999970 0.00000000099999999970 0.03353666523725495896 0.00000000099999999970 0.00000000099999999970 0.00000000099999999970 0.00000000099999999970
92 92 (0) 3 : 0.00000000099999999962 0.00000000099999999962 0.73083974793051842411 0.00000000099999999962 0.00000000099999999962 0.26916024406948169112 0.00000000099999999962 0.00000000099999999962 0.00000000099999999962 0.00000000099999999962
93 93 (0) 3 : 0.00000000099999999963 0.00000000099999999963 0.00000000099999999963 0.00000000099999999963 0.00000000099999999963 0.00000000099999999963 0.99999999099999992147 0.00000000099999999963 0.00000000099999999963 0.00000000099999999963
94 94 (0) 3 : 0.02072345035356868911 0.22468584464539489987 0.23566906488466654590 0.16740628124231407559 0.00000000099999999998 0.00000000099999999998 0.35151535387405574706 0.00000000099999999998 0.00000000099999999998 0.00000000099999999998
95 95 (0) 4 : 0.00000000100000000000 0.00839729781133411075 0.01402306931610697305 0.29913131927492692119 0.22889131353422456638 0.01326213066304933290 0.07844511274517719512 0.11130874124120003488 0.22659134096198127462 0.01994967345199961245
96 96 (0) 4 : 0.00000000099999999977 0.00000000099999999977 0.00000000099999999977 0.29712737555275225976 0.28318513010673129759 0.00000000099999999977 0.00000000099999999977 0.00400412178704007572 0.41568336655347631892 0.00000000099999999977
97 97 (0) 4 : 0.00000000099999999980 0.00000000099999999980 0.00000000099999999980 0.00000000099999999980 0.99999999100000014352 0.00000000099999999980 0.00000000099999999980 0.00000000099999999980 0.00000000099999999980 0.00000000099999999980
98 98 (0) 4 : 0.05810032164800593008 0.00000000099999999996 0.00000000099999999996 0.00000000099999999996 0.00000000099999999996 0.00000000099999999996 0.00000000099999999996 0.34209248185802443309 0.59980718949396960582 0.00000000099999999996
99 99 (0) 4 : 0.00000000099999999991 0.00000000099999999991 0.00000000099999999991 0.34330101638166227174 0.04291903003097271435 0.00000000099999999991 0.00000000099999999991 0.28175314010942320575 0.28419232188348536594 0.04783448659445634077
100 100 (0) 4 : 0.00000000099999999962 0.00000000099999999962 0.00000000099999999962 0.00000000099999999962 0.00000000099999999962 0.00000000099999999962 0.00000000099999999962 0.00000000099999999962 0.99999999100000003249 0.00000000099999999962
101 101 (0) 4 : 0.00000000099999999972 0.00000000099999999972 0.00000000099999999972 0.99999999100000003249 0.00000000099999999972 0.00000000099999999972 0.00000000099999999972 0.00000000099999999972 0.00000000099999999972 0.00000000099999999972
102 102 (0) 4 : 0.00000000099999999972 0.00000000099999999972 0.00000000099999999972 0.00000000099999999972 0.64107099391323896231 0.00000000099999999972 0.00000000099999999972 0.00000000099999999972 0.35892899808676104190 0.00000000099999999972
103 103 (0) 4 : 0.00000000099999999933 0.00000000099999999933 0.00000000099999999933 0.00000000099999999933 0.00000000099999999933 0.00000000099999999933 0.00000000099999999933 0.00000000099999999933 0.00000000099999999933 0.99999999099999992147
104 104 (0) 4 : 0.00000000099999999990 0.00000000099999999990 0.00000000099999999990 0.85676659471449134742 0.00000000099999999990 0.00000000099999999990 0.00000000099999999990 0.09315568119982281514 0.00000000099999999990 0.05007771708568597296
105 105 (0) 4 : 0.03739495433913215400 0.00000000099999999992 0.00000000099999999992 0.00000305144149403242 0.47898833954165737081 0.00000000099999999992 0.00000000099999999992 0.28938230827312183546 0.19423134140459455410 0.00000000099999999992
106 106 (0) 4 : 0.00000000099999999995 0.00000000099999999995 0.00000000099999999995 0.99999999100000014352 0.00000000099999999995 0.00000000099999999995 0.00000000099999999995 0.00000000099999999995 0.00000000099999999995 0.00000000099999999995
107 107 (0) 4 : 0.00000000099999999993 0.00000000099999999993 0.00000000099999999993 0.00000000099999999993 0.00000000099999999993 0.00000000099999999993 0.00000000099999999993 0.00000000099999999993 0.99999999100000003249 0.00000000099999999993
108 108 (0) 4 : 0.00000000099999999966 0.00000000099999999966 0.00000000099999999966 0.00000000099999999966 0.00000000099999999966 0.00000000099999999966 0.00000000099999999966 0.99999999099999992147 0.00000000099999999966 0.00000000099999999966
109 109 (0) 4 : 0.00000000099999999972 0.00000000099999999972 0.00000000099999999972 0.99999999100000003249 0.00000000099999999972 0.00000000099999999972 0.00000000099999999972 0.00000000099999999972 0.00000000099999999972 0.00000000099999999972
110 110 (0) 4 : 0.08159406640079476525 0.00000000099999999988 0.00000000099999999988 0.23019246127704118265 0.00000000099999999988 0.00000000099999999988 0.00000000099999999988 0.27958631367549674485 0.40796328579561691452 0.00066386785105047820
111 111 (0) 4 : 0.99999999100000014352 0.00000000099999999935 0.00000000099999999935 0.00000000099999999935 0.00000000099999999935 0.00000000099999999935 0.00000000099999999935 0.00000000099999999935 0.00000000099999999935 0.00000000099999999935
112 112 (0) 4 : 0.00000000099999999962 0.00000000099999999962 0.00000000099999999962 0.00000000099999999962 0.00000000099999999962 0.00000000099999999962 0.00000000099999999962 0.00000000099999999962 0.00000000099999999962 0.99999999099999992147
113 113 (0) 4 : 0.00000000099999999958 0.00000000099999999958 0.00000000099999999958 0.00000000099999999958 0.00000000099999999958 0.00000000099999999958 0.99999999099999992147 0.00000000099999999958 0.00000000099999999958 0.00000000099999999958
114 114 (0) 4 : 0.00000000099999999990 0.00000000099999999990 0.00000000099999999990 0.75169341151641522192 0.00000016344229629189 0.00000000099999999990 0.00000000099999999990 0.24830641804128858463 0.00000000099999999990 0.00000000099999999990
115 115 (0) 4 : 0.00000000099999999974 0.00000000099999999974 0.00000000099999999974 0.48842876338887264431 0.00000000099999999974 0.00000000099999999974 0.00000000099999999974 0.51157122861112735990 0.00000000099999999974 0.00000000099999999974
116 116 (0) 4 : 0.00000000099999999973 0.00000000099999999973 0.00000000099999999973 0.00000000099999999973 0.00000000099999999973 0.00000000099999999973 0.00000000099999999973 0.99999999100000003249 0.00000000099999999973 0.00000000099999999973
1 1 (0) 1 : 0.00000000099999999991 0.00000000099999999991 0.38927155450005762605 0.00000000099999999991 0.18049557855721160005 0.00363490330807471210 0.07303658822082341462 0.00000000099999999991 0.12551554510999290981 0.22804582630383973818
2 2 (0) 1 : 0.00000000099999999984 0.00000000099999999984 0.00000000099999999984 0.00000000099999999984 0.99999999100000014352 0.00000000099999999984 0.00000000099999999984 0.00000000099999999984 0.00000000099999999984 0.00000000099999999984
3 3 (0) 1 : 0.00000000099999999944 0.00000000099999999944 0.00000000099999999944 0.00000000099999999944 0.00000000099999999944 0.99999999100000014352 0.00000000099999999944 0.00000000099999999944 0.00000000099999999944 0.00000000099999999944
4 4 (0) 1 : 0.00000000099999999983 0.00000000099999999983 0.00000000099999999983 0.00000000099999999983 0.49817236873169190581 0.03034598102732365132 0.00000000099999999983 0.00000000099999999983 0.47148164324098446043 0.00000000099999999983
5 5 (0) 1 : 0.00000000099999999971 0.00000000099999999971 0.00000000099999999971 0.00000000099999999971 0.00000000099999999971 0.00000000099999999971 0.00000000099999999971 0.00000000099999999971 0.99999999099999992147 0.00000000099999999971
6 6 (0) 1 : 0.00000000099999999979 0.00000000099999999979 0.80326321691581603623 0.00000000099999999979 0.00000000099999999979 0.14311511588372272108 0.05362166020046123249 0.00000000099999999979 0.00000000099999999979 0.00000000099999999979
7 7 (0) 1 : 0.00000000099999999965 0.00000000099999999965 0.00000000099999999965 0.00000000099999999965 0.00000000099999999965 0.00000000099999999965 0.00000000099999999965 0.00000000099999999965 0.99999999100000003249 0.00000000099999999965
8 8 (0) 1 : 0.00000000099999999957 0.00000000099999999957 0.00000000099999999957 0.00000000099999999957 0.99999999100000014352 0.00000000099999999957 0.00000000099999999957 0.00000000099999999957 0.00000000099999999957 0.00000000099999999957
9 9 (0) 1 : 0.00000000099999999944 0.00000000099999999944 0.00000000099999999944 0.00000000099999999944 0.00000000099999999944 0.99999999100000003249 0.00000000099999999944 0.00000000099999999944 0.00000000099999999944 0.00000000099999999944
10 10 (0) 1 : 0.00000000099999999984 0.00000000099999999984 0.42348301658317566432 0.00000000099999999984 0.00000000099999999984 0.05598163624234717139 0.00000000099999999984 0.00000000099999999984 0.31209061131204179906 0.20844472986243534063
11 11 (0) 1 : 0.00000000099999999989 0.00000000099999999989 0.52836727459812526941 0.00000000099999999989 0.09073420325213850390 0.00000000099999999989 0.01365057354307357834 0.00000000099999999989 0.36724794260666271395 0.00000000099999999989
12 12 (0) 1 : 0.00000000099999999972 0.00000000099999999972 0.99999999100000014352 0.00000000099999999972 0.00000000099999999972 0.00000000099999999972 0.00000000099999999972 0.00000000099999999972 0.00000000099999999972 0.00000000099999999972
13 13 (0) 1 : 0.00000000099999999977 0.00000000099999999977 0.00000000099999999977 0.00000000099999999977 0.00000000099999999977 0.00000000099999999977 0.00000000099999999977 0.00000000099999999977 0.99999999099999992147 0.00000000099999999977
14 14 (0) 1 : 0.00000000099999999967 0.00000000099999999967 0.00000000099999999967 0.00000000099999999967 0.00000000099999999967 0.00000000099999999967 0.00000000099999999967 0.00000000099999999967 0.00000000099999999967 0.99999999100000003249
15 15 (0) 2 : 0.00000000099999999963 0.00000000099999999963 0.00000000099999999963 0.00000000099999999963 0.00000000099999999963 0.00000000099999999963 0.00000000099999999963 0.00000000099999999963 0.00000000099999999963 0.99999999100000003249
16 16 (0) 2 : 0.04627489504748889121 0.54032720246860543867 0.00000000099999999969 0.00000000099999999969 0.00000000099999999969 0.00000000099999999969 0.00000000099999999969 0.41339789548390593055 0.00000000099999999969 0.00000000099999999969
17 17 (0) 2 : 0.00000000099999999958 0.99999999100000014352 0.00000000099999999958 0.00000000099999999958 0.00000000099999999958 0.00000000099999999958 0.00000000099999999958 0.00000000099999999958 0.00000000099999999958 0.00000000099999999958
18 18 (0) 2 : 0.00000000099999999948 0.00000000099999999948 0.00000000099999999948 0.00000000099999999948 0.00000000099999999948 0.00000000099999999948 0.00000000099999999948 0.99999999100000003249 0.00000000099999999948 0.00000000099999999948
19 19 (0) 2 : 0.05457312502919568764 0.00000000099999999959 0.00000000099999999959 0.94542686697080446923 0.00000000099999999959 0.00000000099999999959 0.00000000099999999959 0.00000000099999999959 0.00000000099999999959 0.00000000099999999959
20 20 (0) 2 : 0.11009375686726902144 0.00079165370302177471 0.00000000099999999995 0.31082485304463858267 0.00000000099999999995 0.00000000099999999995 0.00000000099999999995 0.57828973038507058835 0.00000000099999999995 0.00000000099999999995
21 21 (0) 2 : 0.00000000099999999957 0.00000000099999999957 0.00000000099999999957 0.99999999100000003249 0.00000000099999999957 0.00000000099999999957 0.00000000099999999957 0.00000000099999999957 0.00000000099999999957 0.00000000099999999957
22 22 (0) 2 : 0.11400022609387812367 0.00000000099999999968 0.00000000099999999968 0.00000000099999999968 0.00000000099999999968 0.00000000099999999968 0.00000000099999999968 0.88599976590612194993 0.00000000099999999968 0.00000000099999999968
23 23 (0) 1 : 0.02486271506291857711 0.00000000099999999996 0.00000000099999999996 0.00000000099999999996 0.32386109513683281058 0.00000000099999999996 0.00003348282326798391 0.00000000099999999996 0.31849212853950154001 0.33275057343747899141
24 24 (0) 1 : 0.00000000099999999994 0.00000000099999999994 0.00000000099999999994 0.00000000099999999994 0.00000000099999999994 0.04528991400612785573 0.00000000099999999994 0.00000000099999999994 0.34733141287723900970 0.60737866611663304806
25 25 (0) 1 : 0.00000000099999999970 0.00000000099999999970 0.00000000099999999970 0.00000000099999999970 0.00000000099999999970 0.00000000099999999970 0.99999999100000003249 0.00000000099999999970 0.00000000099999999970 0.00000000099999999970
26 26 (0) 1 : 0.00000000099999999979 0.00000000099999999979 0.65268102210226841553 0.00000000099999999979 0.34731896989773153317 0.00000000099999999979 0.00000000099999999979 0.00000000099999999979 0.00000000099999999979 0.00000000099999999979
27 27 (0) 2 : 0.99999999100000003249 0.00000000099999999896 0.00000000099999999896 0.00000000099999999896 0.00000000099999999896 0.00000000099999999896 0.00000000099999999896 0.00000000099999999896 0.00000000099999999896 0.00000000099999999896
28 28 (0) 2 : 0.00000000099999999944 0.99999999100000014352 0.00000000099999999944 0.00000000099999999944 0.00000000099999999944 0.00000000099999999944 0.00000000099999999944 0.00000000099999999944 0.00000000099999999944 0.00000000099999999944
29 29 (0) 2 : 0.11666444117140373216 0.00000000099999999959 0.00000000099999999959 0.88333555082859638308 0.00000000099999999959 0.00000000099999999959 0.00000000099999999959 0.00000000099999999959 0.00000000099999999959 0.00000000099999999959
30 30 (0) 2 : 0.00000000099999999961 0.00000000099999999961 0.00000000099999999961 0.00000000099999999961 0.00000000099999999961 0.00000000099999999961 0.00000000099999999961 0.99999999100000003249 0.00000000099999999961 0.00000000099999999961
31 31 (0) 2 : 0.00000000099999999997 0.00000000099999999997 0.00000000099999999997 0.45309492032004300421 0.04226881947171290399 0.00000000099999999997 0.00000000099999999997 0.50463625320824401221 0.00000000099999999997 0.00000000099999999997
32 32 (0) 2 : 0.00998101271971029748 0.00000000099999999998 0.00000000099999999998 0.41045926112648883910 0.00000000099999999998 0.13759403272163589493 0.00000000099999999998 0.44196568743216491093 0.00000000099999999998 0.00000000099999999998
33 33 (0) 2 : 0.07785075157429557913 0.47464403449001257851 0.00000000099999999960 0.44750520693569212360 0.00000000099999999960 0.00000000099999999960 0.00000000099999999960 0.00000000099999999960 0.00000000099999999960 0.00000000099999999960
34 34 (0) 1 : 0.00000000099999999985 0.00000000099999999985 0.00000000099999999985 0.00000000099999999985 0.43823619524269064041 0.00000000099999999985 0.09313351580232741289 0.00000000099999999985 0.46863028195498179773 0.00000000099999999985
35 35 (0) 2 : 0.00000000099999999966 0.00000000099999999966 0.00000000099999999966 0.99999999100000014352 0.00000000099999999966 0.00000000099999999966 0.00000000099999999966 0.00000000099999999966 0.00000000099999999966 0.00000000099999999966
36 36 (0) 2 : 0.00000000099999999969 0.00000000099999999969 0.00000000099999999969 0.69739671161295613278 0.00000000099999999969 0.00000000099999999969 0.00000000099999999969 0.30260328038704403797 0.00000000099999999969 0.00000000099999999969
37 37 (0) 2 : 0.07313882655790746035 0.36775241253801133068 0.00000000099999999986 0.32140777177964630074 0.00000000099999999986 0.00000000099999999986 0.00000000099999999986 0.23770098312443502242 0.00000000099999999986 0.00000000099999999986
38 38 (0) 2 : 0.00000000099999999958 0.99999999100000025454 0.00000000099999999958 0.00000000099999999958 0.00000000099999999958 0.00000000099999999958 0.00000000099999999958 0.00000000099999999958 0.00000000099999999958 0.00000000099999999958
39 39 (0) 2 : 0.00000000099999999975 0.00000000099999999975 0.00000000099999999975 0.00000000099999999975 0.00000000099999999975 0.00000000099999999975 0.00000000099999999975 0.00000000099999999975 0.41463487624441275337 0.58536511575558725085
40 40 (0) 2 : 0.00000000099999999980 0.00000000099999999980 0.34171250338244152367 0.00000000099999999980 0.13254262173199116148 0.00000000099999999980 0.03889768489008352259 0.00000000099999999980 0.18731315952241434086 0.29953402547306950954
41 41 (0) 2 : 0.00000000099999999983 0.00000000099999999983 0.29439267229758481204 0.00000000099999999983 0.09608460683609057473 0.00000000099999999983 0.00000000099999999983 0.00000000099999999983 0.40679743954090924474 0.20272527532541520512
42 42 (0) 2 : 0.00000000099999999981 0.00000000099999999981 0.61683978511001535949 0.00000000099999999981 0.00000000099999999981 0.00000000099999999981 0.00000000099999999981 0.00000000099999999981 0.38316020688998470023 0.00000000099999999981
43 43 (0) 2 : 0.00000000099999999984 0.00000000099999999984 0.31073642308852977845 0.00000000099999999984 0.17022906496234660456 0.01220067854531407467 0.00000000099999999984 0.00000000099999999984 0.27183227585622671274 0.23500155254758278711
44 44 (0) 2 : 0.00000000099999999945 0.00000000099999999945 0.00000000099999999945 0.00000000099999999945 0.00000000099999999945 0.00000000099999999945 0.00000000099999999945 0.99999999100000003249 0.00000000099999999945 0.00000000099999999945
45 45 (0) 2 : 0.00000000099999999983 0.99999999100000014352 0.00000000099999999983 0.00000000099999999983 0.00000000099999999983 0.00000000099999999983 0.00000000099999999983 0.00000000099999999983 0.00000000099999999983 0.00000000099999999983
46 46 (0) 2 : 0.00000000099999999974 0.61341120776390367642 0.00000000099999999974 0.38658878423609654984 0.00000000099999999974 0.00000000099999999974 0.00000000099999999974 0.00000000099999999974 0.00000000099999999974 0.00000000099999999974
47 47 (0) 2 : 0.00000000099999999985 0.00000000099999999985 0.00000000099999999985 0.00000000099999999985 0.34383732308172293424 0.00000000099999999985 0.00000000099999999985 0.00000000099999999985 0.65616266891827690344 0.00000000099999999985
48 48 (0) 2 : 0.00000000099999999953 0.99999999100000025454 0.00000000099999999953 0.00000000099999999953 0.00000000099999999953 0.00000000099999999953 0.00000000099999999953 0.00000000099999999953 0.00000000099999999953 0.00000000099999999953
49 49 (0) 1 : 0.00000000099999999978 0.00000000099999999978 0.00000000099999999978 0.00000000099999999978 0.00000000099999999978 0.00000000099999999978 0.00000000099999999978 0.00000000099999999978 0.00000000099999999978 0.99999999100000003249
50 50 (0) 1 : 0.00000000099999999976 0.00000000099999999976 0.00000000952971048201 0.00000000099999999976 0.49066468210580044262 0.00000000099999999976 0.00000000099999999976 0.00000000099999999976 0.50933530136448901260 0.00000000099999999976
51 51 (0) 1 : 0.00000000099999999963 0.00000000099999999963 0.00000000099999999963 0.00000000099999999963 0.99999999100000003249 0.00000000099999999963 0.00000000099999999963 0.00000000099999999963 0.00000000099999999963 0.00000000099999999963
52 52 (0) 1 : 0.00000000099999999974 0.00000000099999999974 0.55822831715726317636 0.00000000099999999974 0.00000000099999999974 0.00000000099999999974 0.00000000099999999974 0.00000000099999999974 0.00000000099999999974 0.44177167484273699438
53 53 (0) 1 : 0.00000000099999999981 0.00000000099999999981 0.58877453957271996821 0.00000000099999999981 0.00000000099999999981 0.04851580182788436252 0.00053557921412199249 0.00000000099999999981 0.16152477571985313087 0.20064929866542061121
54 54 (0) 1 : 0.00000000099999999983 0.00000000099999999983 0.53201833737901793597 0.00000000099999999983 0.18869730463879519355 0.00000000099999999983 0.00000000099999999983 0.00000000099999999983 0.00000000099999999983 0.27928435098218690191
55 55 (0) 1 : 0.00000000099999999989 0.00000000099999999989 0.29103774170991114634 0.00000000099999999989 0.15471689412307418343 0.00000000099999999989 0.07889444466581936599 0.00000000099999999989 0.29450741622395087971 0.18084349827724446880
56 56 (0) 3 : 0.12184111381921858275 0.00000000099999999965 0.00000000099999999965 0.87815887818078142146 0.00000000099999999965 0.00000000099999999965 0.00000000099999999965 0.00000000099999999965 0.00000000099999999965 0.00000000099999999965
57 57 (0) 3 : 0.04065209508858041998 0.00000000099999999958 0.00000000099999999958 0.55698638361560948162 0.00000000099999999958 0.00000000099999999958 0.00000000099999999958 0.40236151429581024086 0.00000000099999999958 0.00000000099999999958
58 58 (0) 3 : 0.00000000099999999945 0.00000000099999999945 0.00000000099999999945 0.00000000099999999945 0.00000000099999999945 0.00000000099999999945 0.00000000099999999945 0.99999999099999992147 0.00000000099999999945 0.00000000099999999945
59 59 (0) 3 : 0.03136124533652701746 0.00000000099999999964 0.00000000099999999964 0.96863874666347304920 0.00000000099999999964 0.00000000099999999964 0.00000000099999999964 0.00000000099999999964 0.00000000099999999964 0.00000000099999999964
60 60 (0) 3 : 0.06825622578541508390 0.21366087268708280900 0.00000000099999999975 0.40001390274114384527 0.00000000099999999975 0.00000000099999999975 0.00000000099999999975 0.31806899278635830663 0.00000000099999999975 0.00000000099999999975
61 61 (0) 3 : 0.00000000099999999994 0.00000000723931465849 0.00000000099999999994 0.35719126690786934253 0.00000000099999999994 0.00000000099999999994 0.00000000099999999994 0.64280871885281587463 0.00000000099999999994 0.00000000099999999994
62 62 (0) 3 : 0.00000000099999999972 0.40195193866961698159 0.00000000099999999972 0.43796459758352018765 0.00000000099999999972 0.00000000099999999972 0.00000000099999999972 0.16008345674686280669 0.00000000099999999972 0.00000000099999999972
63 63 (0) 4 : 0.00000000099999999926 0.00000000099999999926 0.00000000099999999926 0.00000000099999999926 0.00000000099999999926 0.00000000099999999926 0.99999999099999992147 0.00000000099999999926 0.00000000099999999926 0.00000000099999999926
64 64 (0) 4 : 0.00000000099999999981 0.00000000099999999981 0.35140028269790263282 0.00000000099999999981 0.36874742384607933632 0.00000000099999999981 0.00000000099999999981 0.00000000099999999981 0.17167347126113552402 0.10817881619488256550
65 65 (0) 4 : 0.00000000099999999975 0.00000000099999999975 0.99999999100000003249 0.00000000099999999975 0.00000000099999999975 0.00000000099999999975 0.00000000099999999975 0.00000000099999999975 0.00000000099999999975 0.00000000099999999975
66 66 (0) 3 : 0.00000000099999999965 0.00000000099999999965 0.00000000099999999965 0.55517276047732855293 0.00000000099999999965 0.00000000099999999965 0.00000000099999999965 0.44482723152267156230 0.00000000099999999965 0.00000000099999999965
67 67 (0) 3 : 0.02680010095552270641 0.40607410749998390509 0.00000000099999999973 0.56712578454449358301 0.00000000099999999973 0.00000000099999999973 0.00000000099999999973 0.00000000099999999973 0.00000000099999999973 0.00000000099999999973
68 68 (0) 3 : 0.99999999100000003249 0.00000000099999999895 0.00000000099999999895 0.00000000099999999895 0.00000000099999999895 0.00000000099999999895 0.00000000099999999895 0.00000000099999999895 0.00000000099999999895 0.00000000099999999895
69 69 (0) 3 : 0.07864595420126624381 0.00000000099999999968 0.00000000099999999968 0.92135403779873381591 0.00000000099999999968 0.00000000099999999968 0.00000000099999999968 0.00000000099999999968 0.00000000099999999968 0.00000000099999999968
70 70 (0) 3 : 0.00000000099999999952 0.00000000099999999952 0.00000000099999999952 0.99999999100000014352 0.00000000099999999952 0.00000000099999999952 0.00000000099999999952 0.00000000099999999952 0.00000000099999999952 0.00000000099999999952
71 71 (0) 3 : 0.00000000099999999953 0.99999999100000025454 0.00000000099999999953 0.00000000099999999953 0.00000000099999999953 0.00000000099999999953 0.00000000099999999953 0.00000000099999999953 0.00000000099999999953 0.00000000099999999953
72 72 (0) 4 : 0.00000000099999999987 0.00000000099999999987 0.00000000099999999987 0.00000000099999999987 0.00000000099999999987 0.00000000099999999987 0.00000000099999999987 0.00000000099999999987 0.99999999099999992147 0.00000000099999999987
73 73 (0) 4 : 0.00000000099999999997 0.00000000099999999997 0.00000000099999999997 0.05828124717392365456 0.23706505771557576101 0.00000000099999999997 0.00000000099999999997 0.00000000099999999997 0.42019403768337143523 0.28445965142712914542
74 74 (0) 4 : 0.00000000099999999979 0.00000000099999999979 0.35648351547845136267 0.00000000099999999979 0.33182344839380045753 0.00000000099999999979 0.00000000099999999979 0.00000000099999999979 0.31169302912774815573 0.00000000099999999979
75 75 (0) 4 : 0.00000000099999999984 0.00000000099999999984 0.52845315496748535011 0.00000000099999999984 0.00000000099999999984 0.00000000099999999984 0.08191933874244212987 0.00000000099999999984 0.08776187720837591577 0.30186562308169667679
76 76 (0) 4 : 0.00000000099999999969 0.00000000099999999969 0.00000000099999999969 0.00000000099999999969 0.00000000099999999969 0.00000000099999999969 0.00000000099999999969 0.00000000099999999969 0.99999999100000003249 0.00000000099999999969
77 77 (0) 4 : 0.00000000099999999976 0.00000000099999999976 0.00000000099999999976 0.00000000099999999976 0.00000000099999999976 0.00000000099999999976 0.00000000099999999976 0.00000000099999999976 0.51262529324834815725 0.48737469875165173594
78 78 (0) 4 : 0.00000000099999999960 0.00000000099999999960 0.00000000099999999960 0.00000000099999999960 0.99999999100000014352 0.00000000099999999960 0.00000000099999999960 0.00000000099999999960 0.00000000099999999960 0.00000000099999999960
79 79 (0) 3 : 0.00000000099999999965 0.00000000099999999965 0.99999999100000003249 0.00000000099999999965 0.00000000099999999965 0.00000000099999999965 0.00000000099999999965 0.00000000099999999965 0.00000000099999999965 0.00000000099999999965
80 80 (0) 3 : 0.00000014249309720819 0.24000299483311174353 0.00000000099999999977 0.75999685567379116069 0.00000000099999999977 0.00000000099999999977 0.00000000099999999977 0.00000000099999999977 0.00000000099999999977 0.00000000099999999977
81 81 (0) 3 : 0.00000000099999999988 0.30092018425121969116 0.00000000099999999988 0.29196199061964550614 0.00000000099999999988 0.00000000099999999988 0.00000000099999999988 0.40711781812913488965 0.00000000099999999988 0.00000000099999999988
82 82 (0) 3 : 0.07363205595210445265 0.50047656279383323508 0.00000000099999999965 0.42589137425406242699 0.00000000099999999965 0.00000000099999999965 0.00000000099999999965 0.00000000099999999965 0.00000000099999999965 0.00000000099999999965
83 83 (0) 3 : 0.00000000099999999980 0.00000000099999999980 0.00000000099999999980 0.00000000099999999980 0.36394125354270756567 0.00435950405793829928 0.00000000099999999980 0.00000000099999999980 0.45901468935442785169 0.17268454704492613994
84 84 (0) 3 : 0.00000000099999999963 0.00000000099999999963 0.00000000099999999963 0.00000000099999999963 0.00000000099999999963 0.00000000099999999963 0.00000000099999999963 0.00000000099999999963 0.99999999100000003249 0.00000000099999999963
85 85 (0) 3 : 0.00000000099999999963 0.00000000099999999963 0.00000000099999999963 0.70722623927150951584 0.00000000099999999963 0.00000000099999999963 0.00000000099999999963 0.29277375272849054388 0.00000000099999999963 0.00000000099999999963
86 86 (0) 3 : 0.00000000099999999964 0.46532400603567014574 0.00000000099999999964 0.00000000099999999964 0.00000000099999999964 0.00000000099999999964 0.00000000099999999964 0.53467598596432963642 0.00000000099999999964 0.00000000099999999964
87 87 (0) 3 : 0.03191943045784251948 0.24322249556754238498 0.00000000099999999994 0.25148362215763386818 0.00000000099999999994 0.00000000099999999994 0.00000000099999999994 0.41821196877957711457 0.05516247803740394889 0.00000000099999999994
88 88 (0) 3 : 0.00000000099999999961 0.00000000099999999961 0.00000000099999999961 0.99999999100000014352 0.00000000099999999961 0.00000000099999999961 0.00000000099999999961 0.00000000099999999961 0.00000000099999999961 0.00000000099999999961
89 89 (0) 4 : 0.00000000099999999999 0.02971321593102115716 0.60732757640232526430 0.00000000099999999999 0.00000000099999999999 0.03235295435340155429 0.00000000099999999999 0.00000000099999999999 0.00000000099999999999 0.33060624731325216619
90 90 (0) 3 : 0.00000000099999999969 0.12017429900581147462 0.00000000099999999969 0.47864542692717243488 0.00000000099999999969 0.00000000099999999969 0.00000000099999999969 0.40118026706701609418 0.00000000099999999969 0.00000000099999999969
91 91 (0) 3 : 0.00000000099999999959 0.99999999100000014352 0.00000000099999999959 0.00000000099999999959 0.00000000099999999959 0.00000000099999999959 0.00000000099999999959 0.00000000099999999959 0.00000000099999999959 0.00000000099999999959
92 92 (0) 3 : 0.22555651884858060607 0.31443929819690169536 0.00000000099999999964 0.00248040513975924214 0.00000000099999999964 0.00000000099999999964 0.00000000099999999964 0.45752377181475867296 0.00000000099999999964 0.00000000099999999964
93 93 (0) 3 : 0.03705879897073811186 0.00000000099999999970 0.00000000099999999970 0.96294119302926195481 0.00000000099999999970 0.00000000099999999970 0.00000000099999999970 0.00000000099999999970 0.00000000099999999970 0.00000000099999999970
94 94 (0) 3 : 0.00000000099999999996 0.14658660876621337765 0.18806875152832858156 0.41691528078124517886 0.00000000099999999996 0.00000000099999999996 0.00000000099999999996 0.24842935292421305937 0.00000000099999999996 0.00000000099999999996
95 95 (0) 4 : 0.01449797016657826225 0.00000000099999999999 0.25643025748928782725 0.10058131017645705052 0.23234032566802970132 0.03433641720921565277 0.00000000099999999999 0.00000000180653990827 0.01679977845974347378 0.34501393702414817621
96 96 (0) 4 : 0.00000000099999999964 0.00000000099999999964 0.00000000099999999964 0.00000000099999999964 0.00000000099999999964 0.00000000099999999964 0.00000000099999999964 0.00000000099999999964 0.00000000099999999964 0.99999999099999992147
97 97 (0) 4 : 0.00000000099999999973 0.00000000099999999973 0.00000000099999999973 0.00000000099999999973 0.99999999100000003249 0.00000000099999999973 0.00000000099999999973 0.00000000099999999973 0.00000000099999999973 0.00000000099999999973
98 98 (0) 4 : 0.00000000099999999994 0.00000000099999999994 0.25372120065791531340 0.00000000099999999994 0.00000000099999999994 0.00000000099999999994 0.20537705995057803365 0.00000000099999999994 0.18776306684291241278 0.35313866654859416006
99 99 (0) 4 : 0.00000000099999999989 0.00000000099999999989 0.22678957762094292816 0.00000000099999999989 0.00000000099999999989 0.00000000099999999989 0.06948388538767083511 0.00000000099999999989 0.20636705247656147999 0.49735947851482475990
100 100 (0) 4 : 0.00000000099999999964 0.00000000099999999964 0.00000000099999999964 0.00000000099999999964 0.00000000099999999964 0.00000000099999999964 0.00000000099999999964 0.00000000099999999964 0.00000000099999999964 0.99999999099999992147
101 101 (0) 4 : 0.00000000099999999973 0.00000000099999999973 0.99999999100000003249 0.00000000099999999973 0.00000000099999999973 0.00000000099999999973 0.00000000099999999973 0.00000000099999999973 0.00000000099999999973 0.00000000099999999973
102 102 (0) 4 : 0.00000000099999999970 0.00000000099999999970 0.00000000099999999970 0.00000000099999999970 0.60864388781579603638 0.00000000099999999970 0.00000000099999999970 0.00000000099999999970 0.00000000099999999970 0.39135610418420407886
103 103 (0) 4 : 0.00000000099999999943 0.00000000099999999943 0.00000000099999999943 0.00000000099999999943 0.00000000099999999943 0.99999999100000003249 0.00000000099999999943 0.00000000099999999943 0.00000000099999999943 0.00000000099999999943
104 104 (0) 4 : 0.00000000099999999989 0.00000000099999999989 0.99999999100000014352 0.00000000099999999989 0.00000000099999999989 0.00000000099999999989 0.00000000099999999989 0.00000000099999999989 0.00000000099999999989 0.00000000099999999989
105 105 (0) 4 : 0.00000000099999999990 0.00000000099999999990 0.38630988150733991393 0.00000000099999999990 0.42164223876130368929 0.00331409749574290745 0.00000000099999999990 0.00000000099999999990 0.00000000099999999990 0.18873377623561363170
106 106 (0) 4 : 0.00000000099999999995 0.00000000099999999995 0.99999999100000014352 0.00000000099999999995 0.00000000099999999995 0.00000000099999999995 0.00000000099999999995 0.00000000099999999995 0.00000000099999999995 0.00000000099999999995
107 107 (0) 4 : 0.00000000099999999994 0.00000000099999999994 0.00000000099999999994 0.00000000099999999994 0.00000000099999999994 0.00000000099999999994 0.14287070451541475369 0.00000000099999999994 0.00000000099999999994 0.85712928748458538930
108 108 (0) 4 : 0.00000000099999999967 0.00000000099999999967 0.00000000099999999967 0.00000000099999999967 0.00000000099999999967 0.00000000099999999967 0.00000000099999999967 0.00000000099999999967 0.99999999100000003249 0.00000000099999999967
109 109 (0) 4 : 0.00000000099999999972 0.00000000099999999972 0.99999999100000014352 0.00000000099999999972 0.00000000099999999972 0.00000000099999999972 0.00000000099999999972 0.00000000099999999972 0.00000000099999999972 0.00000000099999999972
110 110 (0) 4 : 0.00000000099999999988 0.00000000099999999988 0.09246281550785327707 0.00000000099999999988 0.00000000099999999988 0.11725607197796258929 0.00000000099999999988 0.00000000099999999988 0.34882508733078654295 0.44145601918339755221
111 111 (0) 4 : 0.00000000099999999947 0.00000000099999999947 0.00000000099999999947 0.00000000099999999947 0.00000000099999999947 0.99999999100000003249 0.00000000099999999947 0.00000000099999999947 0.00000000099999999947 0.00000000099999999947
112 112 (0) 4 : 0.00000000099999999952 0.00000000099999999952 0.00000000099999999952 0.00000000099999999952 0.00000000099999999952 0.00000000099999999952 0.99999999100000003249 0.00000000099999999952 0.00000000099999999952 0.00000000099999999952
113 113 (0) 4 : 0.00000030181911942649 0.00000000099999999962 0.00000000099999999962 0.99999845505476747665 0.00000000099999999962 0.00000000099999999962 0.00000000099999999962 0.00000123612611322893 0.00000000099999999962 0.00000000099999999962
114 114 (0) 4 : 0.00000000099999999991 0.00000000099999999991 0.55698806790583332837 0.00000000099999999991 0.29540541686715959813 0.00798727103885467013 0.00000000099999999991 0.00000000099999999991 0.13961923818815227816 0.00000000099999999991
115 115 (0) 4 : 0.00000000099999999971 0.00000000099999999971 0.99999999100000014352 0.00000000099999999971 0.00000000099999999971 0.00000000099999999971 0.00000000099999999971 0.00000000099999999971 0.00000000099999999971 0.00000000099999999971
116 116 (0) 4 : 0.00000000099999999983 0.00000000099999999983 0.67802697196634154064 0.00000000099999999983 0.00000000099999999983 0.01059982450605612136 0.00000000099999999983 0.00000000099999999983 0.11695316252127713197 0.19442003500632529245
