1 1 (0) 1 : 0.00000000099999999999 0.00000000120082365185 0.27405921025559154547 0.27830217898870768245 0.29016588343446481080 0.15747272212041230066 0.00000000099999999999 0.00000000099999999999 0.00000000099999999999
2 2 (0) 1 : 0.00000000099999999997 0.53238093910410799747 0.00000000099999999997 0.00000000099999999997 0.00000000099999999997 0.46761905389589208948 0.00000000099999999997 0.00000000099999999997 0.00000000099999999997
3 3 (0) 2 : 0.14027719133304109023 0.08566268828848162820 0.15804724995484384364 0.00000000100000000000 0.12829633230835729707 0.04359402604006169107 0.24007113426684628665 0.00000000100000000000 0.20405137580836821276
4 4 (0) 2 : 0.00000000099999999997 0.00000000099999999997 0.00000000099999999997 0.60863121982793177978 0.39136877317206825166 0.00000000099999999997 0.00000000099999999997 0.00000000099999999997 0.00000000099999999997
5 5 (0) 2 : 0.11993416356411619461 0.17565827429116445679 0.12832890826869730594 0.00000000100000000000 0.15531543584418475157 0.00660921240817884375 0.01913532952110096746 0.21528337522626919687 0.17973529987628811266
6 6 (0) 2 : 0.00000000099999999999 0.20780825499464924966 0.00000000099999999999 0.48494806081804420206 0.13825134312009559889 0.00000000099999999999 0.01720133562562854712 0.00000000099999999999 0.15179100144158255703
7 7 (0) 2 : 0.12554654732629760838 0.00000000100000000000 0.00046638936609790866 0.02469378284878820384 0.10514848994542376481 0.19969218195622015499 0.10030051934413199144 0.22434604316912001853 0.21980604504392026177
8 8 (0) 2 : 0.00000000100000000000 0.19301012553410756833 0.00000000100000000000 0.08272955286284072729 0.08432181977825504993 0.12362970258129271639 0.24981361299074728022 0.16850222242061171918 0.09799296183214506462
9 9 (0) 2 : 0.00000000099999999998 0.00000000099999999998 0.00000000099999999998 0.00000000099999999998 0.00000000099999999998 0.63640566841020240751 0.35920245627569735714 0.00439186931410035473 0.00000000099999999998
10 10 (0) 2 : 0.18396040071730546117 0.00000000099999999999 0.00000000099999999999 0.11886506168013079299 0.00000000099999999999 0.00000000099999999999 0.22080792494682099925 0.17043248072179870145 0.30593412793394408888
11 11 (0) 2 : 0.00000000099999999999 0.21534118705345636768 0.22385635056989100500 0.00000000099999999999 0.00000000099999999999 0.00000000099999999999 0.00000000099999999999 0.10356496284533404928 0.45723749453131856679
12 12 (0) 2 : 0.00020281870249701256 0.24017468406639611023 0.21913965500893262117 0.23291772233639784773 0.00000000099999999999 0.24028481183150873779 0.00000000099999999999 0.00000000099999999999 0.06728030505426768615
13 13 (0) 2 : 0.00000000099999999999 0.00000000099999999999 0.00000000099999999999 0.00000000099999999999 0.00000000099999999999 0.00000000099999999999 0.29603467636404579011 0.24617968281280605547 0.45778563482314815758
14 14 (0) 2 : 0.24755904251176438780 0.21050021445209915472 0.25509606915550753214 0.00000011452681825969 0.00000000099999999999 0.10245895307100240379 0.00000000099999999999 0.18438406420666303420 0.00000154007614522372
15 15 (0) 2 : 0.33375718837660267591 0.00000000099999999998 0.00000000099999999998 0.00000000099999999998 0.00000000099999999998 0.12369775054778266166 0.54254505507561445743 0.00000000099999999998 0.00000000099999999998
16 16 (0) 2 : 0.00000000099999999998 0.00000000099999999998 0.00020987172599830131 0.00000000099999999998 0.35599328756436443566 0.64379683470963733338 0.00000000099999999998 0.00000000099999999998 0.00000000099999999998
17 17 (0) 2 : 0.00000000099999999992 0.00000000099999999992 0.00000000099999999992 0.00000000099999999992 0.00000000099999999992 0.99999999200000000421 0.00000000099999999992 0.00000000099999999992 0.00000000099999999992
18 18 (0) 2 : 0.00000000099999999996 0.00000000099999999996 0.00000000099999999996 0.00000000099999999996 0.00000000099999999996 0.99999999200000000421 0.00000000099999999996 0.00000000099999999996 0.00000000099999999996
19 19 (0) 2 : 0.22216266387599845067 0.11136959025879315799 0.01444444049677975385 0.11506321831955647339 0.00000000100000000000 0.37271556888484552728 0.15128795371863465458 0.01295656244539190351 0.00000000100000000000
20 20 (0) 2 : 0.25153988929073672898 0.00000000099999999999 0.05680580403452997751 0.18142054183372210985 0.15790937552089159834 0.20980827322775086330 0.00000000099999999999 0.14251611309236861258 0.00000000099999999999
21 21 (0) 2 : 0.00000000100000000000 0.27528025004320766378 0.00000000100000000000 0.26922426383163922115 0.00000000100000000000 0.06216620392209935148 0.15449686829183464920 0.10923937159252655738 0.12959303931869253779
22 22 (0) 2 : 0.00000000099999999999 0.27730803907461004654 0.00000000099999999999 0.00000000099999999999 0.07267096629437461153 0.12394746256569964815 0.19777585897422017558 0.32829766909109531214 0.00000000099999999999
23 23 (0) 2 : 0.00000000099999999999 0.00000000099999999999 0.22527710866181055449 0.12841376919196834105 0.00000000099999999999 0.00000000099999999999 0.25890229604076331338 0.20164546082263939963 0.18576136128281844906
24 24 (0) 2 : 0.00000000099999999993 0.99999999200000022626 0.00000000099999999993 0.00000000099999999993 0.00000000099999999993 0.00000000099999999993 0.00000000099999999993 0.00000000099999999993 0.00000000099999999993
25 25 (0) 2 : 0.00000000099999999999 0.00000000099999999999 0.26224118590644468485 0.00000000099999999999 0.15885422156728709608 0.04621839851022428725 0.12108487076641478997 0.21829845156385715987 0.19330286868577187254
26 26 (0) 2 : 0.99999999200000011523 0.00000000099999999991 0.00000000099999999991 0.00000000099999999991 0.00000000099999999991 0.00000000099999999991 0.00000000099999999991 0.00000000099999999991 0.00000000099999999991
27 27 (0) 2 : 0.00000000099999999992 0.00000000099999999992 0.00000000099999999992 0.00000000099999999992 0.00000000099999999992 0.00000000099999999992 0.00000000099999999992 0.99999999199999989319 0.00000000099999999992
28 28 (0) 2 : 0.17983282585455057090 0.18567575555571130819 0.00000000100000000000 0.14210548532227826324 0.12091246639642860838 0.05015870349418764113 0.32131474183204888906 0.00000001954479461857 0.00000000100000000000
29 29 (0) 2 : 0.06315208724360187043 0.14603975160001131384 0.04921942888526196352 0.00000000099999999999 0.00000000099999999999 0.09722623614493625110 0.38958940363396399320 0.25477308949222443601 0.00000000099999999999
30 30 (0) 3 : 0.00000000099999999993 0.99999999200000022626 0.00000000099999999993 0.00000000099999999993 0.00000000099999999993 0.00000000099999999993 0.00000000099999999993 0.00000000099999999993 0.00000000099999999993
31 31 (0) 3 : 0.00000000099999999999 0.30596038674923420331 0.00000000099999999999 0.00000000099999999999 0.00000000099999999999 0.27625537791585103031 0.00000000099999999999 0.41778422933491460300 0.00000000099999999999
32 32 (0) 3 : 0.00000000100000000000 0.21008427467563531299 0.00386720724043014075 0.17763054934370350879 0.21244100649327318786 0.00000000100000000000 0.24858697121587830514 0.14738998803107958291 0.00000000100000000000
33 33 (0) 3 : 0.18350717599351601406 0.00000000100000000000 0.00000000100000000000 0.18045895072828227468 0.00000002192441369108 0.24950907932884794360 0.19516815008589918912 0.03256849245743774490 0.15878812748160303636
34 34 (0) 3 : 0.27041924596214034215 0.10987260868362901112 0.00196296887175966732 0.00000000099999999999 0.00000000099999999999 0.18107174442389931124 0.00000000099999999999 0.32309846216886994874 0.11357496688970172838
35 35 (0) 3 : 0.00000000099999999999 0.30010682545623040829 0.00000000099999999999 0.21014147857712239809 0.16507972790075342573 0.19119895453037305533 0.13346945080078739809 0.00000000099999999999 0.00000355973473318297
36 36 (0) 3 : 0.23754170932301504893 0.00000000110036282546 0.00000000099999999999 0.28153164116894119351 0.00000000099999999999 0.16963859103020081931 0.00000000099999999999 0.23705971987848847848 0.07422833449899182701
37 37 (0) 3 : 0.00000000100000000000 0.17274653388764898976 0.10218185030042052641 0.14035726347438459705 0.01112298917579615347 0.25574008281155791167 0.24467303013137745027 0.07317824821881425967 0.00000000100000000000
38 38 (0) 3 : 0.00000000099999999998 0.00000000099999999998 0.00000000099999999998 0.52089792826695158201 0.26787125230534364340 0.21123081342770466673 0.00000000099999999998 0.00000000099999999998 0.00000000099999999998
39 39 (0) 3 : 0.18524766040132439882 0.01027590393104529411 0.00000000099999999999 0.32575416916381039201 0.00000000099999999999 0.19971677429623710398 0.00000000099999999999 0.00000000099999999999 0.27900548820758280799
40 40 (0) 3 : 0.18203908195345380738 0.00000090002758099860 0.00000000100000000000 0.00000020352102176479 0.35401068240078109595 0.00000000100000000000 0.25425865641019917973 0.00000000100000000000 0.20969047268696305864
41 41 (0) 3 : 0.00000000099999999998 0.00000000099999999998 0.00000000099999999998 0.68718044845479153704 0.00000000099999999998 0.31281954454520843889 0.00000000099999999998 0.00000000099999999998 0.00000000099999999998
42 42 (0) 3 : 0.00000000099999999998 0.45539247889057909990 0.30309383939090805971 0.00000000099999999998 0.00000000099999999998 0.00000000099999999998 0.00000000099999999998 0.24151367571851289906 0.00000000099999999998
43 43 (0) 3 : 0.28756020158624145955 0.19728557039782274041 0.00286146917518421149 0.17242067836021512939 0.12753849521175153470 0.00000000120340234599 0.10501523116714510386 0.00000000100000000000 0.10731835189823733800
44 44 (0) 3 : 0.00000000099999999988 0.00000000099999999988 0.00000000099999999988 0.00000000099999999988 0.00000000099999999988 0.00000000099999999988 0.00000000099999999988 0.00000000099999999988 0.99999999200000000421
45 45 (0) 3 : 0.00000000099999999998 0.21660597356040237060 0.00000000099999999998 0.00000000428390172629 0.21480726043217959753 0.00000000099999999998 0.00000000099999999998 0.30026257257521959954 0.26832418514829670109
46 46 (0) 3 : 0.14512750513657957097 0.15193949484752977686 0.11851575472315913073 0.00000000100000000000 0.15553843087720484184 0.23684998152335998145 0.00000000100000000000 0.14018545789704048299 0.05184337299512621622
47 47 (0) 3 : 0.10847863247113301299 0.00000000099999999999 0.00355951589723402413 0.00000000099999999999 0.00000000099999999999 0.18879858334330196223 0.00000000099999999999 0.35224597825009318353 0.34691728603823779320
48 48 (0) 3 : 0.00000000099999999989 0.00000000099999999989 0.99999999200000011523 0.00000000099999999989 0.00000000099999999989 0.00000000099999999989 0.00000000099999999989 0.00000000099999999989 0.00000000099999999989
49 49 (0) 3 : 0.00000000099999999991 0.00000000099999999991 0.00000000099999999991 0.00000000099999999991 0.00000000099999999991 0.00000000099999999991 0.00000000099999999991 0.99999999199999989319 0.00000000099999999991
50 50 (0) 3 : 0.20602650927502560996 0.34654590604721136060 0.19555229606727908553 0.03234781728720996508 0.00000000099999999999 0.00000000099999999999 0.21952746732327388379 0.00000000099999999999 0.00000000099999999999
51 51 (0) 3 : 0.00000000099999999999 0.00000000139528505347 0.00000000099999999999 0.00000000099999999999 0.00000000099999999999 0.36151830722485844838 0.00000000099999999999 0.63848168537985638959 0.00000000099999999999
52 52 (0) 3 : 0.00014066718192460833 0.00000000099999999999 0.00000000099999999999 0.00000000099999999999 0.40516431625208781941 0.00000000099999999999 0.10724561230202085682 0.27228678531135097618 0.21516261495261576608
53 53 (0) 3 : 0.29750583725598334084 0.00000000099999999998 0.00000000099999999998 0.00000000099999999998 0.30550645625072825329 0.00000000099999999998 0.00000000099999999998 0.39698770049328835352 0.00000000099999999998
54 54 (0) 3 : 0.00000000099999999991 0.00000000099999999991 0.00000000099999999991 0.00000000099999999991 0.99999999200000011523 0.00000000099999999991 0.00000000099999999991 0.00000000099999999991 0.00000000099999999991
55 55 (0) 3 : 0.64871613995505139627 0.00000000099999999998 0.00000000099999999998 0.00000000099999999998 0.00000000099999999998 0.35128385304494869068 0.00000000099999999998 0.00000000099999999998 0.00000000099999999998
56 56 (0) 3 : 0.18456332451166926334 0.02861552190874416118 0.20349753658919025878 0.04312602485929992874 0.00000000100000000000 0.11150004390090823003 0.12749113322856522879 0.11596025422809759509 0.18524615977352518192
57 57 (0) 3 : 0.14929432332739861478 0.00000000099999999999 0.11609134329088731385 0.00000000099999999999 0.27501279387825505740 0.00000000099999999999 0.22146087532178976298 0.23814066018166926697 0.00000000099999999999
58 58 (0) 3 : 0.00000000099999999996 0.67664490023940970786 0.00000000099999999996 0.00000000099999999996 0.00000000099999999996 0.32335509276059043460 0.00000000099999999996 0.00000000099999999996 0.00000000099999999996
59 59 (0) 3 : 0.00000000099999999993 0.00000000099999999993 0.00000000099999999993 0.00000000099999999993 0.00000000099999999993 0.00000000099999999993 0.99999999200000000421 0.00000000099999999993 0.00000000099999999993
60 60 (0) 4 : 0.00000000099999999999 0.00000000099999999999 0.11086674945420345317 0.35528123040186354586 0.00000000099999999999 0.32286730911067479388 0.00000000099999999999 0.21098470228649293667 0.00000000474676531741
61 61 (0) 4 : 0.04905711034724956343 0.00000000100000000000 0.00000000100000000000 0.16085160616829674574 0.13275516269037565542 0.13829924522314449020 0.03326174609656966374 0.35968044881989152950 0.12609467865447235302
62 62 (0) 4 : 0.40015911777909612956 0.00421092828010956061 0.25563308725588951287 0.00000000100000000000 0.13967061399467120553 0.19168706557974157789 0.00000000100000000000 0.00863918411049211313 0.00000000100000000000
63 63 (0) 4 : 0.12837075944217407608 0.00000000099999999999 0.00000000099999999999 0.11975579865411199731 0.19238817669957644640 0.22475856041301309207 0.19020369277978463329 0.00000000099999999999 0.14452300901133979805
64 64 (0) 4 : 0.00000000099999999999 0.00000000099999999999 0.13327514673114201904 0.00000000099999999999 0.29087111645226104706 0.20951380050018941770 0.11811799498464106706 0.23850141629358787010 0.00972052203817846440
65 65 (0) 4 : 0.00000055181475185969 0.15870342976031295845 0.00581261170305424034 0.00076603497305936655 0.00000000100000000000 0.30606177653363142444 0.06326807234192831364 0.19596744609087368705 0.26942007578238807985
66 66 (0) 4 : 0.21450709937590464738 0.24840041560337361437 0.00000000100000000000 0.08032270145185212151 0.03261836651311929985 0.14157107070941249427 0.00000000202262233695 0.04485212851890590241 0.23772821480480951783
67 67 (0) 4 : 0.00000000099999999991 0.00000000099999999991 0.00000000099999999991 0.00000000099999999991 0.00000000099999999991 0.00000000099999999991 0.00000000099999999991 0.99999999199999989319 0.00000000099999999991
68 68 (0) 4 : 0.15988565505151641766 0.15337689508123752979 0.00000001378879816219 0.17851295576191611447 0.00000000100000000000 0.24268608680009925993 0.00000000100000000000 0.08759268630909129716 0.17794570520734132035
69 69 (0) 4 : 0.19323276474781553302 0.28816263606977376988 0.00000000100000000000 0.00001315496564983262 0.00000000100000000000 0.33107540245036265469 0.00000151138682471905 0.16005631995340546814 0.02745820842616799803
70 70 (0) 4 : 0.00000000099999999990 0.00000000099999999990 0.00000000099999999990 0.00000000099999999990 0.00000000099999999990 0.00000000099999999990 0.99999999200000000421 0.00000000099999999990 0.00000000099999999990
71 71 (0) 1 : 0.00000000099999999999 0.00000000099999999999 0.09256441472876195120 0.00000000099999999999 0.00000000099999999999 0.40948158964717806807 0.00000002284292042500 0.28558294211076667990 0.21237102667037294212
72 72 (0) 1 : 0.00000000099999999988 0.00000000099999999988 0.00000000099999999988 0.99999999200000011523 0.00000000099999999988 0.00000000099999999988 0.00000000099999999988 0.00000000099999999988 0.00000000099999999988
73 73 (0) 1 : 0.33787074123712407259 0.04023782059110453391 0.13754102586296229616 0.00000000100000000000 0.00000000100000000000 0.00000000100000000000 0.23839897426528688928 0.11178893384820380585 0.13416250119531847318
74 74 (0) 1 : 0.00482278536006623421 0.00000000099999999999 0.00000000099999999999 0.30307846492694218155 0.00000000099999999999 0.33024387308335473312 0.36185487162963692054 0.00000000099999999999 0.00000000099999999999
75 75 (0) 1 : 0.00000000099999999999 0.46378247074845235787 0.00000000099999999999 0.00000000099999999999 0.31383604280449450830 0.00000000099999999999 0.00000000099999999999 0.02065597370449425221 0.20172550774255890160
76 76 (0) 1 : 0.00000000099999999988 0.00000000099999999988 0.99999999200000011523 0.00000000099999999988 0.00000000099999999988 0.00000000099999999988 0.00000000099999999988 0.00000000099999999988 0.00000000099999999988
77 77 (0) 1 : 0.50619274457289376024 0.00000000099999999998 0.49380724842710632672 0.00000000099999999998 0.00000000099999999998 0.00000000099999999998 0.00000000099999999998 0.00000000099999999998 0.00000000099999999998
78 78 (0) 1 : 0.00000000099999999997 0.58832174903827749723 0.00000000099999999997 0.41167824396172258972 0.00000000099999999997 0.00000000099999999997 0.00000000099999999997 0.00000000099999999997 0.00000000099999999997
79 79 (0) 1 : 0.00000000100000000000 0.15556693711467278751 0.00000000100000000000 0.00000000100000000000 0.19395134716378173434 0.24823977951004577713 0.18475441473842607598 0.13046752866812150184 0.08701998980495209701
80 80 (0) 1 : 0.00000000099999999991 0.00000000099999999991 0.00000000099999999991 0.00000000099999999991 0.00000000099999999991 0.00000000099999999991 0.00000000099999999991 0.99999999200000000421 0.00000000099999999991
81 81 (0) 1 : 0.00000000099999999999 0.20706763977617492767 0.28142127070522487964 0.35522457283376340786 0.15628651168483675971 0.00000000099999999999 0.00000000099999999999 0.00000000099999999999 0.00000000099999999999
82 82 (0) 1 : 0.00000000099999999988 0.00000000099999999988 0.00000000099999999988 0.00000000099999999988 0.99999999200000011523 0.00000000099999999988 0.00000000099999999988 0.00000000099999999988 0.00000000099999999988
83 83 (0) 1 : 0.00000000099999999998 0.00000000140715973844 0.00000000099999999998 0.00000000099999999998 0.00000000099999999998 0.66956940044596180428 0.00000000099999999998 0.00000000099999999998 0.33043059214687858782
84 84 (0) 1 : 0.00000000099999999987 0.00000000099999999987 0.99999999200000011523 0.00000000099999999987 0.00000000099999999987 0.00000000099999999987 0.00000000099999999987 0.00000000099999999987 0.00000000099999999987
85 85 (0) 1 : 0.00000000111250658726 0.33249669384271313133 0.00000000099999999999 0.00000000099999999999 0.30006512510226385215 0.00000000099999999999 0.00000000212540878840 0.00000000099999999999 0.36743817381710769387
86 86 (0) 1 : 0.99999999200000011523 0.00000000099999999990 0.00000000099999999990 0.00000000099999999990 0.00000000099999999990 0.00000000099999999990 0.00000000099999999990 0.00000000099999999990 0.00000000099999999990
87 87 (0) 1 : 0.00000027303588940031 0.30707315135069340739 0.14019043971246797353 0.00000000099999999999 0.31083201757354450567 0.14963326455031905615 0.09227085077708553629 0.00000000099999999999 0.00000000099999999999
88 88 (0) 1 : 0.00000000099999999997 0.00035540976062907654 0.00000000099999999997 0.00000000099999999997 0.00000000099999999997 0.00000000099999999997 0.51825564039231264424 0.00000000099999999997 0.48138894384705838148
89 89 (0) 1 : 0.22861094286364452843 0.00000000099999999999 0.00000000099999999999 0.36333085536481440903 0.28054592686825857717 0.00000000099999999999 0.00000001022916497968 0.00000000099999999999 0.12751226067411772225
90 90 (0) 1 : 0.00000000099999999999 0.00000000099999999999 0.29164758988535499640 0.00000046026768308094 0.30249677477188491315 0.00000000099999999999 0.00000000099999999999 0.17770063750668543823 0.22815453356839177079
91 91 (0) 1 : 0.00000000099999999987 0.00000000099999999987 0.00000000099999999987 0.00000000099999999987 0.00000000099999999987 0.00000000099999999987 0.00000000099999999987 0.00000000099999999987 0.99999999199999989319
92 92 (0) 1 : 0.00000000099999999998 0.33609734638164961984 0.00000000099999999998 0.00000000099999999998 0.13289391655737042841 0.15693482897862759406 0.37407390308235233256 0.00000000099999999998 0.00000000099999999998
93 93 (0) 1 : 0.00000000099999999997 0.00000000099999999997 0.00000000099999999997 0.00000000099999999997 0.44234412102507419950 0.00000000099999999997 0.55765587197492583194 0.00000000099999999997 0.00000000099999999997
94 94 (0) 1 : 0.29064969574039251077 0.00000000100000000000 0.11862947980687577054 0.00359859869481098582 0.13599665521708725890 0.23807254501108082723 0.00000000100000000000 0.00000006204908739193 0.21305296148066535378
95 95 (0) 1 : 0.00000000099999999999 0.00000000099999999999 0.00000000099999999999 0.10883783687942200080 0.16564998931356028633 0.14734083137706863176 0.06614941348957423251 0.34098712210864773331 0.17103480383172717239
96 96 (0) 1 : 0.00000000099999999998 0.00000000099999999998 0.00000000099999999998 0.00000000099999999998 0.00000000099999999998 0.23338089076957430068 0.30037818751790934524 0.46624091571251630173 0.00000000099999999998
97 97 (0) 1 : 0.22321928177815064664 0.00000000099999999999 0.11719726671081839853 0.16263297967627668439 0.00021226027856843400 0.00000000099999999999 0.28731442074713409163 0.20942378780905157587 0.00000000099999999999
98 98 (0) 1 : 0.00000000394735221134 0.00000000099999999999 0.08811200762103771345 0.13586543480125914951 0.00000000099999999999 0.00000000099999999999 0.24693324787521045427 0.22162206175236884298 0.30746724100277161851
99 99 (0) 4 : 0.00000000099999999996 0.00000000099999999996 0.00000000099999999996 0.00000000099999999996 0.00000000099999999996 0.00000000099999999996 0.00000000099999999996 0.59454397406487269340 0.40545601893512733804
100 100 (0) 4 : 0.00000000099999999999 0.00000000099999999999 0.00000000099999999999 0.25889288815636846142 0.15514938168333933244 0.00000000099999999999 0.24753929502600005574 0.23521691214003520587 0.10320151899425676623
101 101 (0) 5 : 0.00000000099999999991 0.00000000099999999991 0.00000000099999999991 0.00000000099999999991 0.00000000099999999991 0.00000000099999999991 0.99999999200000000421 0.00000000099999999991 0.00000000099999999991
102 102 (0) 5 : 0.00000000099999999996 0.66311561377923688987 0.00000000099999999996 0.00000000099999999996 0.00000000099999999996 0.00000000099999999996 0.00000000099999999996 0.00000000099999999996 0.33688437922076325259
103 103 (0) 5 : 0.20645956277013818858 0.15832960398609391417 0.14853760544273081345 0.16171015511179706592 0.00001007746011295862 0.00000000106924249660 0.00000000100000000000 0.29863046629555223266 0.02632252686433255578
104 104 (0) 5 : 0.00000000099999999993 0.99999999200000022626 0.00000000099999999993 0.00000000099999999993 0.00000000099999999993 0.00000000099999999993 0.00000000099999999993 0.00000000099999999993 0.00000000099999999993
105 105 (0) 5 : 0.00000000099999999998 0.00000000099999999998 0.00000000099999999998 0.00000000099999999998 0.00000000099999999998 0.28971759057612589405 0.00000000099999999998 0.71028240242387408188 0.00000000099999999998
106 106 (0) 4 : 0.00008664980991459263 0.34845248779774284920 0.12176379714757371020 0.00000000099999999999 0.00000000099999999999 0.00000000099999999999 0.28910386935648257900 0.00000000099999999999 0.24059319188828612313
107 107 (0) 4 : 0.00000000099999999999 0.00000000099999999999 0.21729379106460169901 0.00000000099999999999 0.00000000099999999999 0.24509099668679645845 0.00000000099999999999 0.11709943594193097938 0.42051577130667078253
108 108 (0) 4 : 0.00000000099999999990 0.00000000099999999990 0.00000000099999999990 0.99999999200000000421 0.00000000099999999990 0.00000000099999999990 0.00000000099999999990 0.00000000099999999990 0.00000000099999999990
109 109 (0) 4 : 0.00000000099999999998 0.00000000099999999998 0.00000000099999999998 0.55138603732919599931 0.00000000099999999998 0.00000000099999999998 0.00000000099999999998 0.44861395567080386559 0.00000000099999999998
110 110 (0) 4 : 0.00000000099999999999 0.29041786671245767293 0.00000000099999999999 0.29255004994337546753 0.00000000099999999999 0.00000000099999999999 0.20660236050851338296 0.00000054708563133094 0.21042917175002220920
111 111 (0) 5 : 0.21966769111764616884 0.00000000099999999999 0.17554069744568709388 0.00000000099999999999 0.11127303260409422692 0.00000000099999999999 0.00000000099999999999 0.39417821210710374258 0.09934036272546888091
112 112 (0) 5 : 0.00000000099999999998 0.00000000099999999998 0.00000000099999999998 0.00000000099999999998 0.00000000099999999998 0.55883540894821059908 0.00000000099999999998 0.00000000099999999998 0.44116458405178959890
113 113 (0) 5 : 0.00000000100000000000 0.00000000100000000000 0.01700937195084634146 0.05714061417212639576 0.21519974659986376708 0.26663958431468065546 0.14758208208905299053 0.19142280105846279370 0.10500579781496705012
114 114 (0) 5 : 0.00000000099999999990 0.00000000099999999990 0.00000000099999999990 0.00000000099999999990 0.00000000099999999990 0.00000000099999999990 0.99999999199999989319 0.00000000099999999990 0.00000000099999999990
115 115 (0) 5 : 0.09387120092385209391 0.45432985854312679663 0.11022103055650422920 0.00000000099999999998 0.34157790497651702166 0.00000000099999999998 0.00000000099999999998 0.00000000099999999998 0.00000000099999999998
116 116 (0) 5 : 0.20353705945647437847 0.17433106299377043591 0.22449366379859436726 0.00000000099999999999 0.00000000099999999999 0.00000000099999999999 0.31678578453715705576 0.08085242521400368143 0.00000000099999999999
117 117 (0) 4 : 0.00000000099999999992 0.00000000099999999992 0.00000000099999999992 0.00000000099999999992 0.00000000099999999992 0.99999999200000011523 0.00000000099999999992 0.00000000099999999992 0.00000000099999999992
118 118 (0) 4 : 0.00000000099999999988 0.00000000099999999988 0.00000000099999999988 0.00000000099999999988 0.99999999200000011523 0.00000000099999999988 0.00000000099999999988 0.00000000099999999988 0.00000000099999999988
119 119 (0) 4 : 0.34323732237659909661 0.24959763250433006365 0.00000000100000000000 0.00000000100000000000 0.00000000100000000000 0.00000000100000000000 0.00000240761848696879 0.29547935073076114776 0.11168328276982278369
120 120 (0) 4 : 0.05785855427307804583 0.30518960813744633320 0.00000000099999999999 0.29668884600124706408 0.00000000099999999999 0.13809809242784013006 0.00000000099999999999 0.20216489516038846364 0.00000000099999999999
121 121 (0) 4 : 0.22483490148098861372 0.39048709063330744318 0.00000000099999999999 0.02767810114216343043 0.00000000099999999999 0.00000000099999999999 0.00000000099999999999 0.00000000099999999999 0.35699990174354068184
122 122 (0) 4 : 0.00000000099999999998 0.00000000099999999998 0.00000000099999999998 0.00000000099999999998 0.44857740235769955062 0.55142259064230059185 0.00000000099999999998 0.00000000099999999998 0.00000000099999999998
123 123 (0) 4 : 0.00042284670868026762 0.00000000099999999998 0.00000000099999999998 0.00000000099999999998 0.00000000099999999998 0.46786604912795137778 0.00000000099999999998 0.53171109816336825649 0.00000000099999999998
124 124 (0) 4 : 0.00000000099999999991 0.00000000099999999991 0.00000000099999999991 0.00000000099999999991 0.00000000099999999991 0.99999999200000000421 0.00000000099999999991 0.00000000099999999991 0.00000000099999999991
125 125 (0) 5 : 0.00000000099999999990 0.00000000099999999990 0.00000000099999999990 0.00000000099999999990 0.00000000099999999990 0.00000000099999999990 0.99999999200000000421 0.00000000099999999990 0.00000000099999999990
126 126 (0) 5 : 0.00000000099999999997 0.00000000099999999997 0.34390534535935007865 0.65609464764064995279 0.00000000099999999997 0.00000000099999999997 0.00000000099999999997 0.00000000099999999997 0.00000000099999999997
127 127 (0) 5 : 0.00000000099999999996 0.00000000099999999996 0.24752251056276397545 0.33979993903793048737 0.00000000099999999996 0.00000000099999999996 0.00000000099999999996 0.00000000099999999996 0.41267754439930576238
128 128 (0) 5 : 0.16317571016073803558 0.10493793474297648249 0.10556334281283946686 0.02281492827381787630 0.13319438678775613605 0.19217804788449513453 0.07884314072472076163 0.00000000100000000000 0.19929250761265598912
129 129 (0) 5 : 0.31183872114301286471 0.00000048905183027450 0.00000000099999999999 0.00000000139956719573 0.00000917971167017278 0.00000000099999999999 0.21240346205648677480 0.26458073978278723315 0.21116740485464549626
130 130 (0) 5 : 0.00000000099999999999 0.00000000099999999999 0.22308596923050105776 0.23824515720697805876 0.29648683803412329008 0.24218203052839765155 0.00000000099999999999 0.00000000099999999999 0.00000000099999999999
131 131 (0) 5 : 0.99999999200000011523 0.00000000099999999991 0.00000000099999999991 0.00000000099999999991 0.00000000099999999991 0.00000000099999999991 0.00000000099999999991 0.00000000099999999991 0.00000000099999999991
132 132 (0) 5 : 0.31933771930845078479 0.00000000099999999999 0.00000000099999999999 0.00000000099999999999 0.00000000099999999999 0.33008460978844533784 0.00000000099999999999 0.00000000099999999999 0.35057766490310382501
133 133 (0) 5 : 0.00000000099999999999 0.06445045290625274481 0.21315203586032105409 0.04799899876498029544 0.28831804413727457614 0.12988575595524148865 0.17289071276948766998 0.00000000099999999999 0.08330399760644213725
134 134 (0) 5 : 0.36493579807344256327 0.00000000099999999998 0.33045694460692731642 0.00000000099999999998 0.27454858454429298398 0.00000000099999999998 0.00000000099999999998 0.00000000099999999998 0.03005866777533706610
135 135 (0) 5 : 0.00000000099999999992 0.99999999200000011523 0.00000000099999999992 0.00000000099999999992 0.00000000099999999992 0.00000000099999999992 0.00000000099999999992 0.00000000099999999992 0.00000000099999999992
136 136 (0) 5 : 0.00000000099999999998 0.30837876354485799224 0.46019353297393700286 0.00000000099999999998 0.00000000099999999998 0.00000000099999999998 0.00026185729623759240 0.00000000099999999998 0.23116584118496741329
137 137 (0) 5 : 0.26749336764109765685 0.00000000099999999999 0.21125737217629392273 0.00213291816169542976 0.00000000099999999999 0.00000000099999999999 0.25881672287968804369 0.26029961514122479382 0.00000000099999999999
138 138 (0) 5 : 0.00000000099999999990 0.00000000099999999990 0.00000000099999999990 0.00000000099999999990 0.00000000099999999990 0.00000000099999999990 0.99999999200000000421 0.00000000099999999990 0.00000000099999999990
139 139 (0) 5 : 0.00000000099999999998 0.26070612113494689988 0.24672978848727744605 0.42793014299609755113 0.00000000099999999998 0.00000000099999999998 0.00521855555128095897 0.05941538783039709143 0.00000000099999999998
140 140 (0) 5 : 0.00000000099999999999 0.46232015742585924611 0.00000000099999999999 0.00000000099999999999 0.30312014768789463659 0.00000000099999999999 0.00005490637632327477 0.00000000099999999999 0.23450478350992265408
141 141 (0) 5 : 0.14324857509817270906 0.20315239413163868609 0.08000456936546695985 0.21644958274175010726 0.00000000100000000000 0.00000000100000000000 0.00000000100000000000 0.30513906312286048772 0.05200581254011096832
142 142 (0) 5 : 0.00000000099999999990 0.00000000099999999990 0.99999999200000000421 0.00000000099999999990 0.00000000099999999990 0.00000000099999999990 0.00000000099999999990 0.00000000099999999990 0.00000000099999999990
143 143 (0) 5 : 0.00000000100000000000 0.25805888856657932529 0.10816294377372034918 0.04182979659997258098 0.06272718779269503830 0.29161276018288195822 0.08223875178713553613 0.00000000100000000000 0.15536966929701515050
144 144 (0) 6 : 0.07039590035947621005 0.21236759705922872432 0.20278624522532201491 0.00000001857598177503 0.24295448794492938149 0.04358793200617110120 0.00000000100000000000 0.11692989067941399195 0.11097792714947675441
145 145 (0) 6 : 0.00000000099999999997 0.61794156057438009988 0.38205843242562015361 0.00000000099999999997 0.00000000099999999997 0.00000000099999999997 0.00000000099999999997 0.00000000099999999997 0.00000000099999999997
146 146 (0) 6 : 0.32738391631919128155 0.00000001659387937091 0.08312255543569760374 0.00000000100000000000 0.00000000100000000000 0.22733783210334382319 0.18064844048107614460 0.18021946463441967934 0.00128777243239208022
147 147 (0) 6 : 0.99999999200000022626 0.00000000099999999992 0.00000000099999999992 0.00000000099999999992 0.00000000099999999992 0.00000000099999999992 0.00000000099999999992 0.00000000099999999992 0.00000000099999999992
148 148 (0) 6 : 0.21757991359624517802 0.23175046322541936750 0.08509614720891062190 0.21365917290176197896 0.00000000100000000000 0.00000000100000000000 0.09435844789676192668 0.09604393514084567929 0.06151191803005548464
149 149 (0) 6 : 0.00000000099999999991 0.00000000099999999991 0.00000000099999999991 0.00000000099999999991 0.00000000099999999991 0.00000000099999999991 0.00000000099999999991 0.99999999200000000421 0.00000000099999999991
150 150 (0) 6 : 0.00001498053985339806 0.36408404225633067552 0.00211978697820076152 0.00000000099999999998 0.37727130515647916420 0.16784798303658962637 0.08866189903254637072 0.00000000099999999998 0.00000000099999999998
151 151 (0) 6 : 0.99999999200000011523 0.00000000099999999991 0.00000000099999999991 0.00000000099999999991 0.00000000099999999991 0.00000000099999999991 0.00000000099999999991 0.00000000099999999991 0.00000000099999999991
152 152 (0) 6 : 0.00000000099999999999 0.00057144056058893605 0.21189930795175826450 0.11335832330809179902 0.00000000099999999999 0.12082924234502341598 0.00000000099999999999 0.20064336185121342537 0.35269832098332398740
153 153 (0) 6 : 0.00000000099999999991 0.99999999200000011523 0.00000000099999999991 0.00000000099999999991 0.00000000099999999991 0.00000000099999999991 0.00000000099999999991 0.00000000099999999991 0.00000000099999999991
154 154 (0) 6 : 0.22172079245121670277 0.00000000099999999999 0.10156213398716759655 0.10830982692627831587 0.00000000099999999999 0.32242618738488915131 0.24598105525044830499 0.00000000099999999999 0.00000000099999999999
155 155 (0) 6 : 0.00000000099999999999 0.41998663923538331888 0.22961363055712921688 0.12897111097029298477 0.22142861423719448211 0.00000000099999999999 0.00000000099999999999 0.00000000099999999999 0.00000000099999999999
156 156 (0) 6 : 0.00000000099999999999 0.00000000099999999999 0.34150389476073500505 0.36916451363472796432 0.00000000099999999999 0.00000000099999999999 0.00936541737200382099 0.00000000099999999999 0.27996616923253320186
157 157 (0) 6 : 0.11775929441276192233 0.00001318899623662030 0.09323705136979161534 0.00015114939340015715 0.00013643624284874560 0.26150695249791172659 0.02876671758752962979 0.28742877324621146640 0.21100043625330799912
158 158 (0) 6 : 0.00000000099999999999 0.00000000099999999999 0.00000000099999999999 0.40420221956094581905 0.00000000099999999999 0.00000000099999999999 0.32299708734360560447 0.27280068709544863514 0.00000000099999999999
159 159 (0) 6 : 0.00000000100000000000 0.05345716844410073471 0.11505965807223686448 0.09680145619889665709 0.04609099440694633398 0.29300561440900557697 0.00000000100000000000 0.21441994513544357370 0.18116516133337023930
160 160 (0) 6 : 0.00000000099999999986 0.00000000099999999986 0.00000000099999999986 0.00000000099999999986 0.00000000099999999986 0.00000000099999999986 0.00000000099999999986 0.00000000099999999986 0.99999999199999989319
161 161 (0) 6 : 0.08081403135560526196 0.29464229233199806801 0.03690274022963293404 0.00000000100000000000 0.00000004105003116663 0.00000000100000000000 0.40028686472649732675 0.11188159127076319210 0.07547243703547192040
162 162 (0) 6 : 0.00000000099999999993 0.00000000099999999993 0.00000000099999999993 0.99999999200000011523 0.00000000099999999993 0.00000000099999999993 0.00000000099999999993 0.00000000099999999993 0.00000000099999999993
163 163 (0) 6 : 0.00000000099999999987 0.00000000099999999987 0.00000000099999999987 0.00000000099999999987 0.99999999200000011523 0.00000000099999999987 0.00000000099999999987 0.00000000099999999987 0.00000000099999999987
164 164 (0) 6 : 0.00000000099999999994 0.00000000099999999994 0.00000000099999999994 0.99999999200000011523 0.00000000099999999994 0.00000000099999999994 0.00000000099999999994 0.00000000099999999994 0.00000000099999999994
165 165 (0) 6 : 0.05695976575122128904 0.00025385400360314412 0.00000000100000000000 0.26426172999408698017 0.10990061877596019047 0.00000000100000000000 0.11991592129249235843 0.18109986056329277493 0.26760824761934337568
166 166 (0) 6 : 0.19726478976962616430 0.00000000099999999999 0.00000000099999999999 0.00000000099999999999 0.00000000099999999999 0.00000000099999999999 0.09846798476025869773 0.46006719142997387628 0.24420002904014120881
167 167 (0) 6 : 0.00000000099999999999 0.00000000099999999999 0.00000000099999999999 0.15283471851802826746 0.21353523233737470299 0.28438831480238419003 0.00000000099999999999 0.19778976473944520631 0.15145196560276757980
168 168 (0) 6 : 0.13353922815965760251 0.17290305922951190731 0.00000000099999999999 0.00000000099999999999 0.00000000099999999999 0.47898639287056149483 0.21457131474026885920 0.00000000099999999999 0.00000000099999999999
169 169 (0) 6 : 0.00000000100000000000 0.26427503148593745053 0.27070107741678312019 0.12261826942913843508 0.15522638282171352664 0.00089560022853170721 0.00000000100000000000 0.00000000100000000000 0.18628363561789584857
170 170 (0) 6 : 0.00000000099999999998 0.28939324779945774235 0.15942978481135683388 0.00000000099999999998 0.21029364555902557710 0.00000000099999999998 0.00000000099999999998 0.34088331683015993256 0.00000000099999999998
171 171 (0) 6 : 0.00000000100000000000 0.10649786540335855201 0.22707415961329349696 0.18805177488852603540 0.30526473552676569589 0.00000000100000000000 0.00264655070213277088 0.00000000100000000000 0.17046491086592341357
172 172 (0) 4 : 0.00000000099999999991 0.00000000099999999991 0.99999999200000000421 0.00000000099999999991 0.00000000099999999991 0.00000000099999999991 0.00000000099999999991 0.00000000099999999991 0.00000000099999999991
173 173 (0) 4 : 0.42185344109642886057 0.00000000099999999999 0.29696897677936689997 0.00000000099999999999 0.00000000099999999999 0.00000000099999999999 0.00000000099999999999 0.00000000099999999999 0.28117757612420435365
174 174 (0) 7 : 0.48742632633850702106 0.00000000099999999998 0.00000000099999999998 0.00000000099999999998 0.00000000099999999998 0.00000000099999999998 0.51257366666149295487 0.00000000099999999998 0.00000000099999999998
175 175 (0) 7 : 0.00000000099999999983 0.00000000099999999983 0.00000000099999999983 0.00000000099999999983 0.00000000099999999983 0.00000000099999999983 0.00000000099999999983 0.00000000099999999983 0.99999999199999989319
176 176 (0) 7 : 0.00000000100000000000 0.11016637393402106682 0.19988098726260142279 0.13789048218479288410 0.33715517601116345991 0.21490697485777876530 0.00000000100000000000 0.00000000100000000000 0.00000000274964230010
177 177 (0) 7 : 0.29952918044753901183 0.00000000100000000000 0.17377646613979313983 0.00000001353941846921 0.00000000100000000000 0.00000000100000000000 0.40312633267284736505 0.00000000100000000000 0.12356800320040198238
178 178 (0) 7 : 0.00000000099999999999 0.00001601798537971075 0.00000000099999999999 0.00000000099999999999 0.21902826569527356071 0.00000000099999999999 0.33492813260747039683 0.33422951026746772207 0.11179806944440878747
179 179 (0) 7 : 0.55752779727952772593 0.00000000099999999997 0.00000000099999999997 0.00000000099999999997 0.44247219572047247205 0.00000000099999999997 0.00000000099999999997 0.00000000099999999997 0.00000000099999999997
180 180 (0) 7 : 0.99999999200000011523 0.00000000099999999989 0.00000000099999999989 0.00000000099999999989 0.00000000099999999989 0.00000000099999999989 0.00000000099999999989 0.00000000099999999989 0.00000000099999999989
181 181 (0) 7 : 0.00000000099999999991 0.00000000099999999991 0.99999999200000011523 0.00000000099999999991 0.00000000099999999991 0.00000000099999999991 0.00000000099999999991 0.00000000099999999991 0.00000000099999999991
182 182 (0) 7 : 0.16735907084728160465 0.00000000100000000000 0.13357289951544074058 0.21907379208818336669 0.08669623409013363369 0.00000000434296253499 0.10753334175685737295 0.00000633862505623674 0.28575831773408466585
183 183 (0) 7 : 0.07173699697973653922 0.07624883941807804322 0.00000000099999999999 0.20060442062774738736 0.00000000099999999999 0.12526730592304868850 0.30245244710290480894 0.00000000099999999999 0.22368998694848452047
184 184 (0) 7 : 0.00000000099999999990 0.00000000099999999990 0.00000000099999999990 0.00000000099999999990 0.99999999200000011523 0.00000000099999999990 0.00000000099999999990 0.00000000099999999990 0.00000000099999999990
185 185 (0) 7 : 0.00000000099999999999 0.00000000099999999999 0.09120579805255085715 0.24703979596849040545 0.01114242926335988308 0.00000000099999999999 0.12504409361900817310 0.21105770723205780071 0.31451017286453269994
186 186 (0) 7 : 0.13847573215349112674 0.09162230332397530708 0.24767481239873834209 0.05860775102092770361 0.07376665417727552854 0.07751716382487099100 0.01851134922538968247 0.15377885011811642801 0.14004538375721486965
187 187 (0) 7 : 0.10816088142663614347 0.25351503670613156904 0.04202281966424202542 0.15117755738163948798 0.11843731085813499759 0.00000000099999999999 0.07966686325678451475 0.00000000099999999999 0.24701952870643129057
188 188 (0) 7 : 0.01942731090173021799 0.29823578744182921429 0.08663922315347220848 0.16075336403018933296 0.00000002479955659799 0.22836830362587937082 0.00000000100000000000 0.20657272442131616175 0.00000326062602684193
189 189 (0) 7 : 0.00000000099999999998 0.00000000099999999998 0.00000000099999999998 0.37264291025894319409 0.00000000099999999998 0.62735708274105661530 0.00000000099999999998 0.00000000099999999998 0.00000000099999999998
190 190 (0) 7 : 0.00274118715723158449 0.43343985441323562569 0.17444216985929375530 0.00000000100000000000 0.13632440778419699368 0.00000000100000000000 0.00000000100000000000 0.16808916795105399711 0.08496320983498806267
191 191 (0) 7 : 0.16404041262390367528 0.38588761723024472827 0.00000000099999999999 0.16447887082997891817 0.00000000099999999999 0.22773043042759469334 0.05786266488827803561 0.00000000099999999999 0.00000000099999999999
192 192 (0) 7 : 0.00000000099999999998 0.42673433303074287393 0.00000000099999999998 0.00000000099999999998 0.00000000099999999998 0.00000000099999999998 0.00000000099999999998 0.39240937932551034351 0.18085628164374659144
193 193 (0) 7 : 0.00000000099999999998 0.00000000099999999998 0.00000000099999999998 0.08676534490277956757 0.41526352090755519475 0.49011728215268657305 0.00785384703697876441 0.00000000099999999998 0.00000000099999999998
194 194 (0) 7 : 0.12530018635210826705 0.00000000099999999999 0.16765175308713536895 0.00000000099999999999 0.18472395951463285724 0.21924129344723888857 0.00000607656264776176 0.00000000099999999999 0.30307672803623686431
195 195 (0) 7 : 0.00000000099999999999 0.00000000099999999999 0.00000000099999999999 0.20723959439182410014 0.05392383195796128514 0.34293844964570141531 0.19166132969946950149 0.00000253714246145976 0.20423425416258225717
196 196 (0) 7 : 0.00154490655242105071 0.16319057317310364796 0.00000000100000000000 0.00411050693288032062 0.00000000100000000000 0.20987769024513316940 0.19407428961608419460 0.14304047017938764652 0.28416156130098996213
197 197 (0) 7 : 0.00000000099999999991 0.00000000099999999991 0.00000000099999999991 0.00000000099999999991 0.00000000099999999991 0.99999999200000011523 0.00000000099999999991 0.00000000099999999991 0.00000000099999999991
198 198 (0) 7 : 0.00000000099999999998 0.00000000099999999998 0.00000000099999999998 0.34141308930085506601 0.00000000099999999998 0.00000000099999999998 0.35106215671135915235 0.30752474798778567378 0.00000000099999999998
199 199 (0) 7 : 0.23187805779325917910 0.00000000100000000000 0.00000000100000000000 0.32443523723824790883 0.00000000100000000000 0.10190831085124571476 0.13465924818811586539 0.00000000100000000000 0.20711914192913125077
200 200 (0) 7 : 0.42448167725197960554 0.00000000099999999998 0.00000000099999999998 0.57551751274790752255 0.00000080400011296382 0.00000000099999999998 0.00000000099999999998 0.00000000099999999998 0.00000000099999999998
201 201 (0) 7 : 0.37562139968806285140 0.00000000099999999997 0.00000000099999999997 0.00000000099999999997 0.00000000099999999997 0.62437859331193701351 0.00000000099999999997 0.00000000099999999997 0.00000000099999999997
202 202 (0) 7 : 0.00000000099999999993 0.00000000099999999993 0.00000000099999999993 0.99999999200000000421 0.00000000099999999993 0.00000000099999999993 0.00000000099999999993 0.00000000099999999993 0.00000000099999999993
203 203 (0) 7 : 0.09383216203354284579 0.01457900613286056309 0.12379054551723538136 0.00000006817579717716 0.09996613612668993343 0.22692888651046685955 0.00000000100000000000 0.20038884159339831470 0.24051435291000902716
1 1 (0) 1 : 0.00000000099999999999 0.00000000120082365185 0.27405921025559154547 0.27830217898870768245 0.29016588343446481080 0.15747272212041230066 0.00000000099999999999 0.00000000099999999999 0.00000000099999999999
2 2 (0) 1 : 0.00000000099999999997 0.53238093910410799747 0.00000000099999999997 0.00000000099999999997 0.00000000099999999997 0.46761905389589208948 0.00000000099999999997 0.00000000099999999997 0.00000000099999999997
3 3 (0) 2 : 0.14027719133304109023 0.08566268828848162820 0.15804724995484384364 0.00000000100000000000 0.12829633230835729707 0.04359402604006169107 0.24007113426684628665 0.00000000100000000000 0.20405137580836821276
4 4 (0) 2 : 0.00000000099999999997 0.00000000099999999997 0.00000000099999999997 0.60863121982793177978 0.39136877317206825166 0.00000000099999999997 0.00000000099999999997 0.00000000099999999997 0.00000000099999999997
5 5 (0) 2 : 0.11993416356411619461 0.17565827429116445679 0.12832890826869730594 0.00000000100000000000 0.15531543584418475157 0.00660921240817884375 0.01913532952110096746 0.21528337522626919687 0.17973529987628811266
6 6 (0) 2 : 0.00000000099999999999 0.20780825499464924966 0.00000000099999999999 0.48494806081804420206 0.13825134312009559889 0.00000000099999999999 0.01720133562562854712 0.00000000099999999999 0.15179100144158255703
7 7 (0) 2 : 0.12554654732629760838 0.00000000100000000000 0.00046638936609790866 0.02469378284878820384 0.10514848994542376481 0.19969218195622015499 0.10030051934413199144 0.22434604316912001853 0.21980604504392026177
8 8 (0) 2 : 0.00000000100000000000 0.19301012553410756833 0.00000000100000000000 0.08272955286284072729 0.08432181977825504993 0.12362970258129271639 0.24981361299074728022 0.16850222242061171918 0.09799296183214506462
9 9 (0) 2 : 0.00000000099999999998 0.00000000099999999998 0.00000000099999999998 0.00000000099999999998 0.00000000099999999998 0.63640566841020240751 0.35920245627569735714 0.00439186931410035473 0.00000000099999999998
10 10 (0) 2 : 0.18396040071730546117 0.00000000099999999999 0.00000000099999999999 0.11886506168013079299 0.00000000099999999999 0.00000000099999999999 0.22080792494682099925 0.17043248072179870145 0.30593412793394408888
11 11 (0) 2 : 0.00000000099999999999 0.21534118705345636768 0.22385635056989100500 0.00000000099999999999 0.00000000099999999999 0.00000000099999999999 0.00000000099999999999 0.10356496284533404928 0.45723749453131856679
12 12 (0) 2 : 0.00020281870249701256 0.24017468406639611023 0.21913965500893262117 0.23291772233639784773 0.00000000099999999999 0.24028481183150873779 0.00000000099999999999 0.00000000099999999999 0.06728030505426768615
13 13 (0) 2 : 0.00000000099999999999 0.00000000099999999999 0.00000000099999999999 0.00000000099999999999 0.00000000099999999999 0.00000000099999999999 0.29603467636404579011 0.24617968281280605547 0.45778563482314815758
14 14 (0) 2 : 0.24755904251176438780 0.21050021445209915472 0.25509606915550753214 0.00000011452681825969 0.00000000099999999999 0.10245895307100240379 0.00000000099999999999 0.18438406420666303420 0.00000154007614522372
15 15 (0) 2 : 0.33375718837660267591 0.00000000099999999998 0.00000000099999999998 0.00000000099999999998 0.00000000099999999998 0.12369775054778266166 0.54254505507561445743 0.00000000099999999998 0.00000000099999999998
16 16 (0) 2 : 0.00000000099999999998 0.00000000099999999998 0.00020987172599830131 0.00000000099999999998 0.35599328756436443566 0.64379683470963733338 0.00000000099999999998 0.00000000099999999998 0.00000000099999999998
17 17 (0) 2 : 0.00000000099999999992 0.00000000099999999992 0.00000000099999999992 0.00000000099999999992 0.00000000099999999992 0.99999999200000000421 0.00000000099999999992 0.00000000099999999992 0.00000000099999999992
18 18 (0) 2 : 0.00000000099999999996 0.00000000099999999996 0.00000000099999999996 0.00000000099999999996 0.00000000099999999996 0.99999999200000000421 0.00000000099999999996 0.00000000099999999996 0.00000000099999999996
19 19 (0) 2 : 0.22216266387599845067 0.11136959025879315799 0.01444444049677975385 0.11506321831955647339 0.00000000100000000000 0.37271556888484552728 0.15128795371863465458 0.01295656244539190351 0.00000000100000000000
20 20 (0) 2 : 0.25153988929073672898 0.00000000099999999999 0.05680580403452997751 0.18142054183372210985 0.15790937552089159834 0.20980827322775086330 0.00000000099999999999 0.14251611309236861258 0.00000000099999999999
21 21 (0) 2 : 0.00000000100000000000 0.27528025004320766378 0.00000000100000000000 0.26922426383163922115 0.00000000100000000000 0.06216620392209935148 0.15449686829183464920 0.10923937159252655738 0.12959303931869253779
22 22 (0) 2 : 0.00000000099999999999 0.27730803907461004654 0.00000000099999999999 0.00000000099999999999 0.07267096629437461153 0.12394746256569964815 0.19777585897422017558 0.32829766909109531214 0.00000000099999999999
23 23 (0) 2 : 0.00000000099999999999 0.00000000099999999999 0.22527710866181055449 0.12841376919196834105 0.00000000099999999999 0.00000000099999999999 0.25890229604076331338 0.20164546082263939963 0.18576136128281844906
24 24 (0) 2 : 0.00000000099999999993 0.99999999200000022626 0.00000000099999999993 0.00000000099999999993 0.00000000099999999993 0.00000000099999999993 0.00000000099999999993 0.00000000099999999993 0.00000000099999999993
25 25 (0) 2 : 0.00000000099999999999 0.00000000099999999999 0.26224118590644468485 0.00000000099999999999 0.15885422156728709608 0.04621839851022428725 0.12108487076641478997 0.21829845156385715987 0.19330286868577187254
26 26 (0) 2 : 0.99999999200000011523 0.00000000099999999991 0.00000000099999999991 0.00000000099999999991 0.00000000099999999991 0.00000000099999999991 0.00000000099999999991 0.00000000099999999991 0.00000000099999999991
27 27 (0) 2 : 0.00000000099999999992 0.00000000099999999992 0.00000000099999999992 0.00000000099999999992 0.00000000099999999992 0.00000000099999999992 0.00000000099999999992 0.99999999199999989319 0.00000000099999999992
28 28 (0) 2 : 0.17983282585455057090 0.18567575555571130819 0.00000000100000000000 0.14210548532227826324 0.12091246639642860838 0.05015870349418764113 0.32131474183204888906 0.00000001954479461857 0.00000000100000000000
29 29 (0) 2 : 0.06315208724360187043 0.14603975160001131384 0.04921942888526196352 0.00000000099999999999 0.00000000099999999999 0.09722623614493625110 0.38958940363396399320 0.25477308949222443601 0.00000000099999999999
30 30 (0) 3 : 0.00000000099999999993 0.99999999200000022626 0.00000000099999999993 0.00000000099999999993 0.00000000099999999993 0.00000000099999999993 0.00000000099999999993 0.00000000099999999993 0.00000000099999999993
31 31 (0) 3 : 0.00000000099999999999 0.30596038674923420331 0.00000000099999999999 0.00000000099999999999 0.00000000099999999999 0.27625537791585103031 0.00000000099999999999 0.41778422933491460300 0.00000000099999999999
32 32 (0) 3 : 0.00000000100000000000 0.21008427467563531299 0.00386720724043014075 0.17763054934370350879 0.21244100649327318786 0.00000000100000000000 0.24858697121587830514 0.14738998803107958291 0.00000000100000000000
33 33 (0) 3 : 0.18350717599351601406 0.00000000100000000000 0.00000000100000000000 0.18045895072828227468 0.00000002192441369108 0.24950907932884794360 0.19516815008589918912 0.03256849245743774490 0.15878812748160303636
34 34 (0) 3 : 0.27041924596214034215 0.10987260868362901112 0.00196296887175966732 0.00000000099999999999 0.00000000099999999999 0.18107174442389931124 0.00000000099999999999 0.32309846216886994874 0.11357496688970172838
35 35 (0) 3 : 0.00000000099999999999 0.30010682545623040829 0.00000000099999999999 0.21014147857712239809 0.16507972790075342573 0.19119895453037305533 0.13346945080078739809 0.00000000099999999999 0.00000355973473318297
36 36 (0) 3 : 0.23754170932301504893 0.00000000110036282546 0.00000000099999999999 0.28153164116894119351 0.00000000099999999999 0.16963859103020081931 0.00000000099999999999 0.23705971987848847848 0.07422833449899182701
37 37 (0) 3 : 0.00000000100000000000 0.17274653388764898976 0.10218185030042052641 0.14035726347438459705 0.01112298917579615347 0.25574008281155791167 0.24467303013137745027 0.07317824821881425967 0.00000000100000000000
38 38 (0) 3 : 0.00000000099999999998 0.00000000099999999998 0.00000000099999999998 0.52089792826695158201 0.26787125230534364340 0.21123081342770466673 0.00000000099999999998 0.00000000099999999998 0.00000000099999999998
39 39 (0) 3 : 0.18524766040132439882 0.01027590393104529411 0.00000000099999999999 0.32575416916381039201 0.00000000099999999999 0.19971677429623710398 0.00000000099999999999 0.00000000099999999999 0.27900548820758280799
40 40 (0) 3 : 0.18203908195345380738 0.00000090002758099860 0.00000000100000000000 0.00000020352102176479 0.35401068240078109595 0.00000000100000000000 0.25425865641019917973 0.00000000100000000000 0.20969047268696305864
41 41 (0) 3 : 0.00000000099999999998 0.00000000099999999998 0.00000000099999999998 0.68718044845479153704 0.00000000099999999998 0.31281954454520843889 0.00000000099999999998 0.00000000099999999998 0.00000000099999999998
42 42 (0) 3 : 0.00000000099999999998 0.45539247889057909990 0.30309383939090805971 0.00000000099999999998 0.00000000099999999998 0.00000000099999999998 0.00000000099999999998 0.24151367571851289906 0.00000000099999999998
43 43 (0) 3 : 0.28756020158624145955 0.19728557039782274041 0.00286146917518421149 0.17242067836021512939 0.12753849521175153470 0.00000000120340234599 0.10501523116714510386 0.00000000100000000000 0.10731835189823733800
44 44 (0) 3 : 0.00000000099999999988 0.00000000099999999988 0.00000000099999999988 0.00000000099999999988 0.00000000099999999988 0.00000000099999999988 0.00000000099999999988 0.00000000099999999988 0.99999999200000000421
45 45 (0) 3 : 0.00000000099999999998 0.21660597356040237060 0.00000000099999999998 0.00000000428390172629 0.21480726043217959753 0.00000000099999999998 0.00000000099999999998 0.30026257257521959954 0.26832418514829670109
46 46 (0) 3 : 0.14512750513657957097 0.15193949484752977686 0.11851575472315913073 0.00000000100000000000 0.15553843087720484184 0.23684998152335998145 0.00000000100000000000 0.14018545789704048299 0.05184337299512621622
47 47 (0) 3 : 0.10847863247113301299 0.00000000099999999999 0.00355951589723402413 0.00000000099999999999 0.00000000099999999999 0.18879858334330196223 0.00000000099999999999 0.35224597825009318353 0.34691728603823779320
48 48 (0) 3 : 0.00000000099999999989 0.00000000099999999989 0.99999999200000011523 0.00000000099999999989 0.00000000099999999989 0.00000000099999999989 0.00000000099999999989 0.00000000099999999989 0.00000000099999999989
49 49 (0) 3 : 0.00000000099999999991 0.00000000099999999991 0.00000000099999999991 0.00000000099999999991 0.00000000099999999991 0.00000000099999999991 0.00000000099999999991 0.99999999199999989319 0.00000000099999999991
50 50 (0) 3 : 0.20602650927502560996 0.34654590604721136060 0.19555229606727908553 0.03234781728720996508 0.00000000099999999999 0.00000000099999999999 0.21952746732327388379 0.00000000099999999999 0.00000000099999999999
51 51 (0) 3 : 0.00000000099999999999 0.00000000139528505347 0.00000000099999999999 0.00000000099999999999 0.00000000099999999999 0.36151830722485844838 0.00000000099999999999 0.63848168537985638959 0.00000000099999999999
52 52 (0) 3 : 0.00014066718192460833 0.00000000099999999999 0.00000000099999999999 0.00000000099999999999 0.40516431625208781941 0.00000000099999999999 0.10724561230202085682 0.27228678531135097618 0.21516261495261576608
53 53 (0) 3 : 0.29750583725598334084 0.00000000099999999998 0.00000000099999999998 0.00000000099999999998 0.30550645625072825329 0.00000000099999999998 0.00000000099999999998 0.39698770049328835352 0.00000000099999999998
54 54 (0) 3 : 0.00000000099999999991 0.00000000099999999991 0.00000000099999999991 0.00000000099999999991 0.99999999200000011523 0.00000000099999999991 0.00000000099999999991 0.00000000099999999991 0.00000000099999999991
55 55 (0) 3 : 0.64871613995505139627 0.00000000099999999998 0.00000000099999999998 0.00000000099999999998 0.00000000099999999998 0.35128385304494869068 0.00000000099999999998 0.00000000099999999998 0.00000000099999999998
56 56 (0) 3 : 0.18456332451166926334 0.02861552190874416118 0.20349753658919025878 0.04312602485929992874 0.00000000100000000000 0.11150004390090823003 0.12749113322856522879 0.11596025422809759509 0.18524615977352518192
57 57 (0) 3 : 0.14929432332739861478 0.00000000099999999999 0.11609134329088731385 0.00000000099999999999 0.27501279387825505740 0.00000000099999999999 0.22146087532178976298 0.23814066018166926697 0.00000000099999999999
58 58 (0) 3 : 0.00000000099999999996 0.67664490023940970786 0.00000000099999999996 0.00000000099999999996 0.00000000099999999996 0.32335509276059043460 0.00000000099999999996 0.00000000099999999996 0.00000000099999999996
59 59 (0) 3 : 0.00000000099999999993 0.00000000099999999993 0.00000000099999999993 0.00000000099999999993 0.00000000099999999993 0.00000000099999999993 0.99999999200000000421 0.00000000099999999993 0.00000000099999999993
60 60 (0) 4 : 0.00000000099999999999 0.00000000099999999999 0.11086674945420345317 0.35528123040186354586 0.00000000099999999999 0.32286730911067479388 0.00000000099999999999 0.21098470228649293667 0.00000000474676531741
61 61 (0) 4 : 0.04905711034724956343 0.00000000100000000000 0.00000000100000000000 0.16085160616829674574 0.13275516269037565542 0.13829924522314449020 0.03326174609656966374 0.35968044881989152950 0.12609467865447235302
62 62 (0) 4 : 0.40015911777909612956 0.00421092828010956061 0.25563308725588951287 0.00000000100000000000 0.13967061399467120553 0.19168706557974157789 0.00000000100000000000 0.00863918411049211313 0.00000000100000000000
63 63 (0) 4 : 0.12837075944217407608 0.00000000099999999999 0.00000000099999999999 0.11975579865411199731 0.19238817669957644640 0.22475856041301309207 0.19020369277978463329 0.00000000099999999999 0.14452300901133979805
64 64 (0) 4 : 0.00000000099999999999 0.00000000099999999999 0.13327514673114201904 0.00000000099999999999 0.29087111645226104706 0.20951380050018941770 0.11811799498464106706 0.23850141629358787010 0.00972052203817846440
65 65 (0) 4 : 0.00000055181475185969 0.15870342976031295845 0.00581261170305424034 0.00076603497305936655 0.00000000100000000000 0.30606177653363142444 0.06326807234192831364 0.19596744609087368705 0.26942007578238807985
66 66 (0) 4 : 0.21450709937590464738 0.24840041560337361437 0.00000000100000000000 0.08032270145185212151 0.03261836651311929985 0.14157107070941249427 0.00000000202262233695 0.04485212851890590241 0.23772821480480951783
67 67 (0) 4 : 0.00000000099999999991 0.00000000099999999991 0.00000000099999999991 0.00000000099999999991 0.00000000099999999991 0.00000000099999999991 0.00000000099999999991 0.99999999199999989319 0.00000000099999999991
68 68 (0) 4 : 0.15988565505151641766 0.15337689508123752979 0.00000001378879816219 0.17851295576191611447 0.00000000100000000000 0.24268608680009925993 0.00000000100000000000 0.08759268630909129716 0.17794570520734132035
69 69 (0) 4 : 0.19323276474781553302 0.28816263606977376988 0.00000000100000000000 0.00001315496564983262 0.00000000100000000000 0.33107540245036265469 0.00000151138682471905 0.16005631995340546814 0.02745820842616799803
70 70 (0) 4 : 0.00000000099999999990 0.00000000099999999990 0.00000000099999999990 0.00000000099999999990 0.00000000099999999990 0.00000000099999999990 0.99999999200000000421 0.00000000099999999990 0.00000000099999999990
71 71 (0) 1 : 0.00000000099999999999 0.00000000099999999999 0.09256441472876195120 0.00000000099999999999 0.00000000099999999999 0.40948158964717806807 0.00000002284292042500 0.28558294211076667990 0.21237102667037294212
72 72 (0) 1 : 0.00000000099999999988 0.00000000099999999988 0.00000000099999999988 0.99999999200000011523 0.00000000099999999988 0.00000000099999999988 0.00000000099999999988 0.00000000099999999988 0.00000000099999999988
73 73 (0) 1 : 0.33787074123712407259 0.04023782059110453391 0.13754102586296229616 0.00000000100000000000 0.00000000100000000000 0.00000000100000000000 0.23839897426528688928 0.11178893384820380585 0.13416250119531847318
74 74 (0) 1 : 0.00482278536006623421 0.00000000099999999999 0.00000000099999999999 0.30307846492694218155 0.00000000099999999999 0.33024387308335473312 0.36185487162963692054 0.00000000099999999999 0.00000000099999999999
75 75 (0) 1 : 0.00000000099999999999 0.46378247074845235787 0.00000000099999999999 0.00000000099999999999 0.31383604280449450830 0.00000000099999999999 0.00000000099999999999 0.02065597370449425221 0.20172550774255890160
76 76 (0) 1 : 0.00000000099999999988 0.00000000099999999988 0.99999999200000011523 0.00000000099999999988 0.00000000099999999988 0.00000000099999999988 0.00000000099999999988 0.00000000099999999988 0.00000000099999999988
77 77 (0) 1 : 0.50619274457289376024 0.00000000099999999998 0.49380724842710632672 0.00000000099999999998 0.00000000099999999998 0.00000000099999999998 0.00000000099999999998 0.00000000099999999998 0.00000000099999999998
78 78 (0) 1 : 0.00000000099999999997 0.58832174903827749723 0.00000000099999999997 0.41167824396172258972 0.00000000099999999997 0.00000000099999999997 0.00000000099999999997 0.00000000099999999997 0.00000000099999999997
79 79 (0) 1 : 0.00000000100000000000 0.15556693711467278751 0.00000000100000000000 0.00000000100000000000 0.19395134716378173434 0.24823977951004577713 0.18475441473842607598 0.13046752866812150184 0.08701998980495209701
80 80 (0) 1 : 0.00000000099999999991 0.00000000099999999991 0.00000000099999999991 0.00000000099999999991 0.00000000099999999991 0.00000000099999999991 0.00000000099999999991 0.99999999200000000421 0.00000000099999999991
81 81 (0) 1 : 0.00000000099999999999 0.20706763977617492767 0.28142127070522487964 0.35522457283376340786 0.15628651168483675971 0.00000000099999999999 0.00000000099999999999 0.00000000099999999999 0.00000000099999999999
82 82 (0) 1 : 0.00000000099999999988 0.00000000099999999988 0.00000000099999999988 0.00000000099999999988 0.99999999200000011523 0.00000000099999999988 0.00000000099999999988 0.00000000099999999988 0.00000000099999999988
83 83 (0) 1 : 0.00000000099999999998 0.00000000140715973844 0.00000000099999999998 0.00000000099999999998 0.00000000099999999998 0.66956940044596180428 0.00000000099999999998 0.00000000099999999998 0.33043059214687858782
84 84 (0) 1 : 0.00000000099999999987 0.00000000099999999987 0.99999999200000011523 0.00000000099999999987 0.00000000099999999987 0.00000000099999999987 0.00000000099999999987 0.00000000099999999987 0.00000000099999999987
85 85 (0) 1 : 0.00000000111250658726 0.33249669384271313133 0.00000000099999999999 0.00000000099999999999 0.30006512510226385215 0.00000000099999999999 0.00000000212540878840 0.00000000099999999999 0.36743817381710769387
86 86 (0) 1 : 0.99999999200000011523 0.00000000099999999990 0.00000000099999999990 0.00000000099999999990 0.00000000099999999990 0.00000000099999999990 0.00000000099999999990 0.00000000099999999990 0.00000000099999999990
87 87 (0) 1 : 0.00000027303588940031 0.30707315135069340739 0.14019043971246797353 0.00000000099999999999 0.31083201757354450567 0.14963326455031905615 0.09227085077708553629 0.00000000099999999999 0.00000000099999999999
88 88 (0) 1 : 0.00000000099999999997 0.00035540976062907654 0.00000000099999999997 0.00000000099999999997 0.00000000099999999997 0.00000000099999999997 0.51825564039231264424 0.00000000099999999997 0.48138894384705838148
89 89 (0) 1 : 0.22861094286364452843 0.00000000099999999999 0.00000000099999999999 0.36333085536481440903 0.28054592686825857717 0.00000000099999999999 0.00000001022916497968 0.00000000099999999999 0.12751226067411772225
90 90 (0) 1 : 0.00000000099999999999 0.00000000099999999999 0.29164758988535499640 0.00000046026768308094 0.30249677477188491315 0.00000000099999999999 0.00000000099999999999 0.17770063750668543823 0.22815453356839177079
91 91 (0) 1 : 0.00000000099999999987 0.00000000099999999987 0.00000000099999999987 0.00000000099999999987 0.00000000099999999987 0.00000000099999999987 0.00000000099999999987 0.00000000099999999987 0.99999999199999989319
92 92 (0) 1 : 0.00000000099999999998 0.33609734638164961984 0.00000000099999999998 0.00000000099999999998 0.13289391655737042841 0.15693482897862759406 0.37407390308235233256 0.00000000099999999998 0.00000000099999999998
93 93 (0) 1 : 0.00000000099999999997 0.00000000099999999997 0.00000000099999999997 0.00000000099999999997 0.44234412102507419950 0.00000000099999999997 0.55765587197492583194 0.00000000099999999997 0.00000000099999999997
94 94 (0) 1 : 0.29064969574039251077 0.00000000100000000000 0.11862947980687577054 0.00359859869481098582 0.13599665521708725890 0.23807254501108082723 0.00000000100000000000 0.00000006204908739193 0.21305296148066535378
95 95 (0) 1 : 0.00000000099999999999 0.00000000099999999999 0.00000000099999999999 0.10883783687942200080 0.16564998931356028633 0.14734083137706863176 0.06614941348957423251 0.34098712210864773331 0.17103480383172717239
96 96 (0) 1 : 0.00000000099999999998 0.00000000099999999998 0.00000000099999999998 0.00000000099999999998 0.00000000099999999998 0.23338089076957430068 0.30037818751790934524 0.46624091571251630173 0.00000000099999999998
97 97 (0) 1 : 0.22321928177815064664 0.00000000099999999999 0.11719726671081839853 0.16263297967627668439 0.00021226027856843400 0.00000000099999999999 0.28731442074713409163 0.20942378780905157587 0.00000000099999999999
98 98 (0) 1 : 0.00000000394735221134 0.00000000099999999999 0.08811200762103771345 0.13586543480125914951 0.00000000099999999999 0.00000000099999999999 0.24693324787521045427 0.22162206175236884298 0.30746724100277161851
99 99 (0) 4 : 0.00000000099999999996 0.00000000099999999996 0.00000000099999999996 0.00000000099999999996 0.00000000099999999996 0.00000000099999999996 0.00000000099999999996 0.59454397406487269340 0.40545601893512733804
100 100 (0) 4 : 0.00000000099999999999 0.00000000099999999999 0.00000000099999999999 0.25889288815636846142 0.15514938168333933244 0.00000000099999999999 0.24753929502600005574 0.23521691214003520587 0.10320151899425676623
101 101 (0) 5 : 0.00000000099999999991 0.00000000099999999991 0.00000000099999999991 0.00000000099999999991 0.00000000099999999991 0.00000000099999999991 0.99999999200000000421 0.00000000099999999991 0.00000000099999999991
102 102 (0) 5 : 0.00000000099999999996 0.66311561377923688987 0.00000000099999999996 0.00000000099999999996 0.00000000099999999996 0.00000000099999999996 0.00000000099999999996 0.00000000099999999996 0.33688437922076325259
103 103 (0) 5 : 0.20645956277013818858 0.15832960398609391417 0.14853760544273081345 0.16171015511179706592 0.00001007746011295862 0.00000000106924249660 0.00000000100000000000 0.29863046629555223266 0.02632252686433255578
104 104 (0) 5 : 0.00000000099999999993 0.99999999200000022626 0.00000000099999999993 0.00000000099999999993 0.00000000099999999993 0.00000000099999999993 0.00000000099999999993 0.00000000099999999993 0.00000000099999999993
105 105 (0) 5 : 0.00000000099999999998 0.00000000099999999998 0.00000000099999999998 0.00000000099999999998 0.00000000099999999998 0.28971759057612589405 0.00000000099999999998 0.71028240242387408188 0.00000000099999999998
106 106 (0) 4 : 0.00008664980991459263 0.34845248779774284920 0.12176379714757371020 0.00000000099999999999 0.00000000099999999999 0.00000000099999999999 0.28910386935648257900 0.00000000099999999999 0.24059319188828612313
107 107 (0) 4 : 0.00000000099999999999 0.00000000099999999999 0.21729379106460169901 0.00000000099999999999 0.00000000099999999999 0.24509099668679645845 0.00000000099999999999 0.11709943594193097938 0.42051577130667078253
108 108 (0) 4 : 0.00000000099999999990 0.00000000099999999990 0.00000000099999999990 0.99999999200000000421 0.00000000099999999990 0.00000000099999999990 0.00000000099999999990 0.00000000099999999990 0.00000000099999999990
109 109 (0) 4 : 0.00000000099999999998 0.00000000099999999998 0.00000000099999999998 0.55138603732919599931 0.00000000099999999998 0.00000000099999999998 0.00000000099999999998 0.44861395567080386559 0.00000000099999999998
110 110 (0) 4 : 0.00000000099999999999 0.29041786671245767293 0.00000000099999999999 0.29255004994337546753 0.00000000099999999999 0.00000000099999999999 0.20660236050851338296 0.00000054708563133094 0.21042917175002220920
111 111 (0) 5 : 0.21966769111764616884 0.00000000099999999999 0.17554069744568709388 0.00000000099999999999 0.11127303260409422692 0.00000000099999999999 0.00000000099999999999 0.39417821210710374258 0.09934036272546888091
112 112 (0) 5 : 0.00000000099999999998 0.00000000099999999998 0.00000000099999999998 0.00000000099999999998 0.00000000099999999998 0.55883540894821059908 0.00000000099999999998 0.00000000099999999998 0.44116458405178959890
113 113 (0) 5 : 0.00000000100000000000 0.00000000100000000000 0.01700937195084634146 0.05714061417212639576 0.21519974659986376708 0.26663958431468065546 0.14758208208905299053 0.19142280105846279370 0.10500579781496705012
114 114 (0) 5 : 0.00000000099999999990 0.00000000099999999990 0.00000000099999999990 0.00000000099999999990 0.00000000099999999990 0.00000000099999999990 0.99999999199999989319 0.00000000099999999990 0.00000000099999999990
115 115 (0) 5 : 0.09387120092385209391 0.45432985854312679663 0.11022103055650422920 0.00000000099999999998 0.34157790497651702166 0.00000000099999999998 0.00000000099999999998 0.00000000099999999998 0.00000000099999999998
116 116 (0) 5 : 0.20353705945647437847 0.17433106299377043591 0.22449366379859436726 0.00000000099999999999 0.00000000099999999999 0.00000000099999999999 0.31678578453715705576 0.08085242521400368143 0.00000000099999999999
117 117 (0) 4 : 0.00000000099999999992 0.00000000099999999992 0.00000000099999999992 0.00000000099999999992 0.00000000099999999992 0.99999999200000011523 0.00000000099999999992 0.00000000099999999992 0.00000000099999999992
118 118 (0) 4 : 0.00000000099999999988 0.00000000099999999988 0.00000000099999999988 0.00000000099999999988 0.99999999200000011523 0.00000000099999999988 0.00000000099999999988 0.00000000099999999988 0.00000000099999999988
119 119 (0) 4 : 0.34323732237659909661 0.24959763250433006365 0.00000000100000000000 0.00000000100000000000 0.00000000100000000000 0.00000000100000000000 0.00000240761848696879 0.29547935073076114776 0.11168328276982278369
120 120 (0) 4 : 0.05785855427307804583 0.30518960813744633320 0.00000000099999999999 0.29668884600124706408 0.00000000099999999999 0.13809809242784013006 0.00000000099999999999 0.20216489516038846364 0.00000000099999999999
121 121 (0) 4 : 0.22483490148098861372 0.39048709063330744318 0.00000000099999999999 0.02767810114216343043 0.00000000099999999999 0.00000000099999999999 0.00000000099999999999 0.00000000099999999999 0.35699990174354068184
122 122 (0) 4 : 0.00000000099999999998 0.00000000099999999998 0.00000000099999999998 0.00000000099999999998 0.44857740235769955062 0.55142259064230059185 0.00000000099999999998 0.00000000099999999998 0.00000000099999999998
123 123 (0) 4 : 0.00042284670868026762 0.00000000099999999998 0.00000000099999999998 0.00000000099999999998 0.00000000099999999998 0.46786604912795137778 0.00000000099999999998 0.53171109816336825649 0.00000000099999999998
124 124 (0) 4 : 0.00000000099999999991 0.00000000099999999991 0.00000000099999999991 0.00000000099999999991 0.00000000099999999991 0.99999999200000000421 0.00000000099999999991 0.00000000099999999991 0.00000000099999999991
125 125 (0) 5 : 0.00000000099999999990 0.00000000099999999990 0.00000000099999999990 0.00000000099999999990 0.00000000099999999990 0.00000000099999999990 0.99999999200000000421 0.00000000099999999990 0.00000000099999999990
126 126 (0) 5 : 0.00000000099999999997 0.00000000099999999997 0.34390534535935007865 0.65609464764064995279 0.00000000099999999997 0.00000000099999999997 0.00000000099999999997 0.00000000099999999997 0.00000000099999999997
127 127 (0) 5 : 0.00000000099999999996 0.00000000099999999996 0.24752251056276397545 0.33979993903793048737 0.00000000099999999996 0.00000000099999999996 0.00000000099999999996 0.00000000099999999996 0.41267754439930576238
128 128 (0) 5 : 0.16317571016073803558 0.10493793474297648249 0.10556334281283946686 0.02281492827381787630 0.13319438678775613605 0.19217804788449513453 0.07884314072472076163 0.00000000100000000000 0.19929250761265598912
129 129 (0) 5 : 0.31183872114301286471 0.00000048905183027450 0.00000000099999999999 0.00000000139956719573 0.00000917971167017278 0.00000000099999999999 0.21240346205648677480 0.26458073978278723315 0.21116740485464549626
130 130 (0) 5 : 0.00000000099999999999 0.00000000099999999999 0.22308596923050105776 0.23824515720697805876 0.29648683803412329008 0.24218203052839765155 0.00000000099999999999 0.00000000099999999999 0.00000000099999999999
131 131 (0) 5 : 0.99999999200000011523 0.00000000099999999991 0.00000000099999999991 0.00000000099999999991 0.00000000099999999991 0.00000000099999999991 0.00000000099999999991 0.00000000099999999991 0.00000000099999999991
132 132 (0) 5 : 0.31933771930845078479 0.00000000099999999999 0.00000000099999999999 0.00000000099999999999 0.00000000099999999999 0.33008460978844533784 0.00000000099999999999 0.00000000099999999999 0.35057766490310382501
133 133 (0) 5 : 0.00000000099999999999 0.06445045290625274481 0.21315203586032105409 0.04799899876498029544 0.28831804413727457614 0.12988575595524148865 0.17289071276948766998 0.00000000099999999999 0.08330399760644213725
134 134 (0) 5 : 0.36493579807344256327 0.00000000099999999998 0.33045694460692731642 0.00000000099999999998 0.27454858454429298398 0.00000000099999999998 0.00000000099999999998 0.00000000099999999998 0.03005866777533706610
135 135 (0) 5 : 0.00000000099999999992 0.99999999200000011523 0.00000000099999999992 0.00000000099999999992 0.00000000099999999992 0.00000000099999999992 0.00000000099999999992 0.00000000099999999992 0.00000000099999999992
136 136 (0) 5 : 0.00000000099999999998 0.30837876354485799224 0.46019353297393700286 0.00000000099999999998 0.00000000099999999998 0.00000000099999999998 0.00026185729623759240 0.00000000099999999998 0.23116584118496741329
137 137 (0) 5 : 0.26749336764109765685 0.00000000099999999999 0.21125737217629392273 0.00213291816169542976 0.00000000099999999999 0.00000000099999999999 0.25881672287968804369 0.26029961514122479382 0.00000000099999999999
138 138 (0) 5 : 0.00000000099999999990 0.00000000099999999990 0.00000000099999999990 0.00000000099999999990 0.00000000099999999990 0.00000000099999999990 0.99999999200000000421 0.00000000099999999990 0.00000000099999999990
139 139 (0) 5 : 0.00000000099999999998 0.26070612113494689988 0.24672978848727744605 0.42793014299609755113 0.00000000099999999998 0.00000000099999999998 0.00521855555128095897 0.05941538783039709143 0.00000000099999999998
140 140 (0) 5 : 0.00000000099999999999 0.46232015742585924611 0.00000000099999999999 0.00000000099999999999 0.30312014768789463659 0.00000000099999999999 0.00005490637632327477 0.00000000099999999999 0.23450478350992265408
141 141 (0) 5 : 0.14324857509817270906 0.20315239413163868609 0.08000456936546695985 0.21644958274175010726 0.00000000100000000000 0.00000000100000000000 0.00000000100000000000 0.30513906312286048772 0.05200581254011096832
142 142 (0) 5 : 0.00000000099999999990 0.00000000099999999990 0.99999999200000000421 0.00000000099999999990 0.00000000099999999990 0.00000000099999999990 0.00000000099999999990 0.00000000099999999990 0.00000000099999999990
143 143 (0) 5 : 0.00000000100000000000 0.25805888856657932529 0.10816294377372034918 0.04182979659997258098 0.06272718779269503830 0.29161276018288195822 0.08223875178713553613 0.00000000100000000000 0.15536966929701515050
144 144 (0) 6 : 0.07039590035947621005 0.21236759705922872432 0.20278624522532201491 0.00000001857598177503 0.24295448794492938149 0.04358793200617110120 0.00000000100000000000 0.11692989067941399195 0.11097792714947675441
145 145 (0) 6 : 0.00000000099999999997 0.61794156057438009988 0.38205843242562015361 0.00000000099999999997 0.00000000099999999997 0.00000000099999999997 0.00000000099999999997 0.00000000099999999997 0.00000000099999999997
146 146 (0) 6 : 0.32738391631919128155 0.00000001659387937091 0.08312255543569760374 0.00000000100000000000 0.00000000100000000000 0.22733783210334382319 0.18064844048107614460 0.18021946463441967934 0.00128777243239208022
147 147 (0) 6 : 0.99999999200000022626 0.00000000099999999992 0.00000000099999999992 0.00000000099999999992 0.00000000099999999992 0.00000000099999999992 0.00000000099999999992 0.00000000099999999992 0.00000000099999999992
148 148 (0) 6 : 0.21757991359624517802 0.23175046322541936750 0.08509614720891062190 0.21365917290176197896 0.00000000100000000000 0.00000000100000000000 0.09435844789676192668 0.09604393514084567929 0.06151191803005548464
149 149 (0) 6 : 0.00000000099999999991 0.00000000099999999991 0.00000000099999999991 0.00000000099999999991 0.00000000099999999991 0.00000000099999999991 0.00000000099999999991 0.99999999200000000421 0.00000000099999999991
150 150 (0) 6 : 0.00001498053985339806 0.36408404225633067552 0.00211978697820076152 0.00000000099999999998 0.37727130515647916420 0.16784798303658962637 0.08866189903254637072 0.00000000099999999998 0.00000000099999999998
151 151 (0) 6 : 0.99999999200000011523 0.00000000099999999991 0.00000000099999999991 0.00000000099999999991 0.00000000099999999991 0.00000000099999999991 0.00000000099999999991 0.00000000099999999991 0.00000000099999999991
152 152 (0) 6 : 0.00000000099999999999 0.00057144056058893605 0.21189930795175826450 0.11335832330809179902 0.00000000099999999999 0.12082924234502341598 0.00000000099999999999 0.20064336185121342537 0.35269832098332398740
153 153 (0) 6 : 0.00000000099999999991 0.99999999200000011523 0.00000000099999999991 0.00000000099999999991 0.00000000099999999991 0.00000000099999999991 0.00000000099999999991 0.00000000099999999991 0.00000000099999999991
154 154 (0) 6 : 0.22172079245121670277 0.00000000099999999999 0.10156213398716759655 0.10830982692627831587 0.00000000099999999999 0.32242618738488915131 0.24598105525044830499 0.00000000099999999999 0.00000000099999999999
155 155 (0) 6 : 0.00000000099999999999 0.41998663923538331888 0.22961363055712921688 0.12897111097029298477 0.22142861423719448211 0.00000000099999999999 0.00000000099999999999 0.00000000099999999999 0.00000000099999999999
156 156 (0) 6 : 0.00000000099999999999 0.00000000099999999999 0.34150389476073500505 0.36916451363472796432 0.00000000099999999999 0.00000000099999999999 0.00936541737200382099 0.00000000099999999999 0.27996616923253320186
157 157 (0) 6 : 0.11775929441276192233 0.00001318899623662030 0.09323705136979161534 0.00015114939340015715 0.00013643624284874560 0.26150695249791172659 0.02876671758752962979 0.28742877324621146640 0.21100043625330799912
158 158 (0) 6 : 0.00000000099999999999 0.00000000099999999999 0.00000000099999999999 0.40420221956094581905 0.00000000099999999999 0.00000000099999999999 0.32299708734360560447 0.27280068709544863514 0.00000000099999999999
159 159 (0) 6 : 0.00000000100000000000 0.05345716844410073471 0.11505965807223686448 0.09680145619889665709 0.04609099440694633398 0.29300561440900557697 0.00000000100000000000 0.21441994513544357370 0.18116516133337023930
160 160 (0) 6 : 0.00000000099999999986 0.00000000099999999986 0.00000000099999999986 0.00000000099999999986 0.00000000099999999986 0.00000000099999999986 0.00000000099999999986 0.00000000099999999986 0.99999999199999989319
161 161 (0) 6 : 0.08081403135560526196 0.29464229233199806801 0.03690274022963293404 0.00000000100000000000 0.00000004105003116663 0.00000000100000000000 0.40028686472649732675 0.11188159127076319210 0.07547243703547192040
162 162 (0) 6 : 0.00000000099999999993 0.00000000099999999993 0.00000000099999999993 0.99999999200000011523 0.00000000099999999993 0.00000000099999999993 0.00000000099999999993 0.00000000099999999993 0.00000000099999999993
163 163 (0) 6 : 0.00000000099999999987 0.00000000099999999987 0.00000000099999999987 0.00000000099999999987 0.99999999200000011523 0.00000000099999999987 0.00000000099999999987 0.00000000099999999987 0.00000000099999999987
164 164 (0) 6 : 0.00000000099999999994 0.00000000099999999994 0.00000000099999999994 0.99999999200000011523 0.00000000099999999994 0.00000000099999999994 0.00000000099999999994 0.00000000099999999994 0.00000000099999999994
165 165 (0) 6 : 0.05695976575122128904 0.00025385400360314412 0.00000000100000000000 0.26426172999408698017 0.10990061877596019047 0.00000000100000000000 0.11991592129249235843 0.18109986056329277493 0.26760824761934337568
166 166 (0) 6 : 0.19726478976962616430 0.00000000099999999999 0.00000000099999999999 0.00000000099999999999 0.00000000099999999999 0.00000000099999999999 0.09846798476025869773 0.46006719142997387628 0.24420002904014120881
167 167 (0) 6 : 0.00000000099999999999 0.00000000099999999999 0.00000000099999999999 0.15283471851802826746 0.21353523233737470299 0.28438831480238419003 0.00000000099999999999 0.19778976473944520631 0.15145196560276757980
168 168 (0) 6 : 0.13353922815965760251 0.17290305922951190731 0.00000000099999999999 0.00000000099999999999 0.00000000099999999999 0.47898639287056149483 0.21457131474026885920 0.00000000099999999999 0.00000000099999999999
169 169 (0) 6 : 0.00000000100000000000 0.26427503148593745053 0.27070107741678312019 0.12261826942913843508 0.15522638282171352664 0.00089560022853170721 0.00000000100000000000 0.00000000100000000000 0.18628363561789584857
170 170 (0) 6 : 0.00000000099999999998 0.28939324779945774235 0.15942978481135683388 0.00000000099999999998 0.21029364555902557710 0.00000000099999999998 0.00000000099999999998 0.34088331683015993256 0.00000000099999999998
171 171 (0) 6 : 0.00000000100000000000 0.10649786540335855201 0.22707415961329349696 0.18805177488852603540 0.30526473552676569589 0.00000000100000000000 0.00264655070213277088 0.00000000100000000000 0.17046491086592341357
172 172 (0) 4 : 0.00000000099999999991 0.00000000099999999991 0.99999999200000000421 0.00000000099999999991 0.00000000099999999991 0.00000000099999999991 0.00000000099999999991 0.00000000099999999991 0.00000000099999999991
173 173 (0) 4 : 0.42185344109642886057 0.00000000099999999999 0.29696897677936689997 0.00000000099999999999 0.00000000099999999999 0.00000000099999999999 0.00000000099999999999 0.00000000099999999999 0.28117757612420435365
174 174 (0) 7 : 0.48742632633850702106 0.00000000099999999998 0.00000000099999999998 0.00000000099999999998 0.00000000099999999998 0.00000000099999999998 0.51257366666149295487 0.00000000099999999998 0.00000000099999999998
175 175 (0) 7 : 0.00000000099999999983 0.00000000099999999983 0.00000000099999999983 0.00000000099999999983 0.00000000099999999983 0.00000000099999999983 0.00000000099999999983 0.00000000099999999983 0.99999999199999989319
176 176 (0) 7 : 0.00000000100000000000 0.11016637393402106682 0.19988098726260142279 0.13789048218479288410 0.33715517601116345991 0.21490697485777876530 0.00000000100000000000 0.00000000100000000000 0.00000000274964230010
177 177 (0) 7 : 0.29952918044753901183 0.00000000100000000000 0.17377646613979313983 0.00000001353941846921 0.00000000100000000000 0.00000000100000000000 0.40312633267284736505 0.00000000100000000000 0.12356800320040198238
178 178 (0) 7 : 0.00000000099999999999 0.00001601798537971075 0.00000000099999999999 0.00000000099999999999 0.21902826569527356071 0.00000000099999999999 0.33492813260747039683 0.33422951026746772207 0.11179806944440878747
179 179 (0) 7 : 0.55752779727952772593 0.00000000099999999997 0.00000000099999999997 0.00000000099999999997 0.44247219572047247205 0.00000000099999999997 0.00000000099999999997 0.00000000099999999997 0.00000000099999999997
180 180 (0) 7 : 0.99999999200000011523 0.00000000099999999989 0.00000000099999999989 0.00000000099999999989 0.00000000099999999989 0.00000000099999999989 0.00000000099999999989 0.00000000099999999989 0.00000000099999999989
181 181 (0) 7 : 0.00000000099999999991 0.00000000099999999991 0.99999999200000011523 0.00000000099999999991 0.00000000099999999991 0.00000000099999999991 0.00000000099999999991 0.00000000099999999991 0.00000000099999999991
182 182 (0) 7 : 0.16735907084728160465 0.00000000100000000000 0.13357289951544074058 0.21907379208818336669 0.08669623409013363369 0.00000000434296253499 0.10753334175685737295 0.00000633862505623674 0.28575831773408466585
183 183 (0) 7 : 0.07173699697973653922 0.07624883941807804322 0.00000000099999999999 0.20060442062774738736 0.00000000099999999999 0.12526730592304868850 0.30245244710290480894 0.00000000099999999999 0.22368998694848452047
184 184 (0) 7 : 0.00000000099999999990 0.00000000099999999990 0.00000000099999999990 0.00000000099999999990 0.99999999200000011523 0.00000000099999999990 0.00000000099999999990 0.00000000099999999990 0.00000000099999999990
185 185 (0) 7 : 0.00000000099999999999 0.00000000099999999999 0.09120579805255085715 0.24703979596849040545 0.01114242926335988308 0.00000000099999999999 0.12504409361900817310 0.21105770723205780071 0.31451017286453269994
186 186 (0) 7 : 0.13847573215349112674 0.09162230332397530708 0.24767481239873834209 0.05860775102092770361 0.07376665417727552854 0.07751716382487099100 0.01851134922538968247 0.15377885011811642801 0.14004538375721486965
187 187 (0) 7 : 0.10816088142663614347 0.25351503670613156904 0.04202281966424202542 0.15117755738163948798 0.11843731085813499759 0.00000000099999999999 0.07966686325678451475 0.00000000099999999999 0.24701952870643129057
188 188 (0) 7 : 0.01942731090173021799 0.29823578744182921429 0.08663922315347220848 0.16075336403018933296 0.00000002479955659799 0.22836830362587937082 0.00000000100000000000 0.20657272442131616175 0.00000326062602684193
189 189 (0) 7 : 0.00000000099999999998 0.00000000099999999998 0.00000000099999999998 0.37264291025894319409 0.00000000099999999998 0.62735708274105661530 0.00000000099999999998 0.00000000099999999998 0.00000000099999999998
190 190 (0) 7 : 0.00274118715723158449 0.43343985441323562569 0.17444216985929375530 0.00000000100000000000 0.13632440778419699368 0.00000000100000000000 0.00000000100000000000 0.16808916795105399711 0.08496320983498806267
191 191 (0) 7 : 0.16404041262390367528 0.38588761723024472827 0.00000000099999999999 0.16447887082997891817 0.00000000099999999999 0.22773043042759469334 0.05786266488827803561 0.00000000099999999999 0.00000000099999999999
192 192 (0) 7 : 0.00000000099999999998 0.42673433303074287393 0.00000000099999999998 0.00000000099999999998 0.00000000099999999998 0.00000000099999999998 0.00000000099999999998 0.39240937932551034351 0.18085628164374659144
193 193 (0) 7 : 0.00000000099999999998 0.00000000099999999998 0.00000000099999999998 0.08676534490277956757 0.41526352090755519475 0.49011728215268657305 0.00785384703697876441 0.00000000099999999998 0.00000000099999999998
194 194 (0) 7 : 0.12530018635210826705 0.00000000099999999999 0.16765175308713536895 0.00000000099999999999 0.18472395951463285724 0.21924129344723888857 0.00000607656264776176 0.00000000099999999999 0.30307672803623686431
195 195 (0) 7 : 0.00000000099999999999 0.00000000099999999999 0.00000000099999999999 0.20723959439182410014 0.05392383195796128514 0.34293844964570141531 0.19166132969946950149 0.00000253714246145976 0.20423425416258225717
196 196 (0) 7 : 0.00154490655242105071 0.16319057317310364796 0.00000000100000000000 0.00411050693288032062 0.00000000100000000000 0.20987769024513316940 0.19407428961608419460 0.14304047017938764652 0.28416156130098996213
197 197 (0) 7 : 0.00000000099999999991 0.00000000099999999991 0.00000000099999999991 0.00000000099999999991 0.00000000099999999991 0.99999999200000011523 0.00000000099999999991 0.00000000099999999991 0.00000000099999999991
198 198 (0) 7 : 0.00000000099999999998 0.00000000099999999998 0.00000000099999999998 0.34141308930085506601 0.00000000099999999998 0.00000000099999999998 0.35106215671135915235 0.30752474798778567378 0.00000000099999999998
199 199 (0) 7 : 0.23187805779325917910 0.00000000100000000000 0.00000000100000000000 0.32443523723824790883 0.00000000100000000000 0.10190831085124571476 0.13465924818811586539 0.00000000100000000000 0.20711914192913125077
200 200 (0) 7 : 0.42448167725197960554 0.00000000099999999998 0.00000000099999999998 0.57551751274790752255 0.00000080400011296382 0.00000000099999999998 0.00000000099999999998 0.00000000099999999998 0.00000000099999999998
201 201 (0) 7 : 0.37562139968806285140 0.00000000099999999997 0.00000000099999999997 0.00000000099999999997 0.00000000099999999997 0.62437859331193701351 0.00000000099999999997 0.00000000099999999997 0.00000000099999999997
202 202 (0) 7 : 0.00000000099999999993 0.00000000099999999993 0.00000000099999999993 0.99999999200000000421 0.00000000099999999993 0.00000000099999999993 0.00000000099999999993 0.00000000099999999993 0.00000000099999999993
203 203 (0) 7 : 0.09383216203354284579 0.01457900613286056309 0.12379054551723538136 0.00000006817579717716 0.09996613612668993343 0.22692888651046685955 0.00000000100000000000 0.20038884159339831470 0.24051435291000902716
