1.0000	0.4851	0.4851	0.4489	0.4355	0.4933	0.4596	0.4663	0.4770	0.5044	0.4433	0.5640	0.5084	0.4887	0.4964	0.4457	0.4679	0.4786	0.5233	0.3959
0.4851	1.0000	1.0000	0.4209	0.4336	0.4554	0.4976	0.4922	0.4500	0.4433	0.4033	0.4570	0.4456	0.3854	0.4391	0.4402	0.4348	0.6170	0.4583	0.4363
0.4851	1.0000	1.0000	0.4209	0.4336	0.4554	0.4976	0.4922	0.4500	0.4433	0.4033	0.4570	0.4456	0.3854	0.4391	0.4402	0.4348	0.6170	0.4583	0.4363
0.4489	0.4209	0.4209	1.0000	0.4644	0.4522	0.4952	0.4414	0.5045	0.4971	0.3974	0.4477	0.4414	0.4180	0.5033	0.4651	0.4938	0.4288	0.4941	0.4692
0.4355	0.4336	0.4336	0.4644	1.0000	0.4952	0.4436	0.4272	0.4384	0.4939	0.4263	0.4569	0.3957	0.4489	0.4935	0.3930	0.5021	0.4181	0.5430	0.4329
0.4933	0.4554	0.4554	0.4522	0.4952	1.0000	0.4546	0.4839	0.4328	0.4798	0.4754	0.4786	0.4098	0.4106	0.5108	0.4344	0.4665	0.4693	0.4757	0.4215
0.4596	0.4976	0.4976	0.4952	0.4436	0.4546	1.0000	0.5113	0.4213	0.4316	0.4772	0.4396	0.4248	0.4193	0.4451	0.4411	0.5054	0.4923	0.4662	0.4659
0.4663	0.4922	0.4922	0.4414	0.4272	0.4839	0.5113	1.0000	0.4398	0.4762	0.4555	0.4693	0.4321	0.4174	0.5137	0.4578	0.4627	0.5483	0.4646	0.4420
0.4770	0.4500	0.4500	0.5045	0.4384	0.4328	0.4213	0.4398	1.0000	0.4733	0.4262	0.4999	0.4649	0.4047	0.4742	0.4598	0.4386	0.4478	0.4723	0.4485
0.5044	0.4433	0.4433	0.4971	0.4939	0.4798	0.4316	0.4762	0.4733	1.0000	0.4562	0.5182	0.4848	0.5266	0.5558	0.4421	0.4819	0.4648	0.5400	0.4671
0.4433	0.4033	0.4033	0.3974	0.4263	0.4754	0.4772	0.4555	0.4262	0.4562	1.0000	0.4311	0.4106	0.3962	0.4460	0.3638	0.4251	0.4117	0.4421	0.4148
0.5640	0.4570	0.4570	0.4477	0.4569	0.4786	0.4396	0.4693	0.4999	0.5182	0.4311	1.0000	0.5019	0.4822	0.4973	0.4176	0.4553	0.4939	0.5177	0.4262
0.5084	0.4456	0.4456	0.4414	0.3957	0.4098	0.4248	0.4321	0.4649	0.4848	0.4106	0.5019	1.0000	0.4561	0.4400	0.3792	0.4520	0.4235	0.5160	0.3805
0.4887	0.3854	0.3854	0.4180	0.4489	0.4106	0.4193	0.4174	0.4047	0.5266	0.3962	0.4822	0.4561	1.0000	0.5138	0.3967	0.4484	0.4131	0.5410	0.3799
0.4964	0.4391	0.4391	0.5033	0.4935	0.5108	0.4451	0.5137	0.4742	0.5558	0.4460	0.4973	0.4400	0.5138	1.0000	0.4780	0.5423	0.4987	0.5414	0.5029
0.4457	0.4402	0.4402	0.4651	0.3930	0.4344	0.4411	0.4578	0.4598	0.4421	0.3638	0.4176	0.3792	0.3967	0.4780	1.0000	0.4901	0.4407	0.4481	0.4052
0.4679	0.4348	0.4348	0.4938	0.5021	0.4665	0.5054	0.4627	0.4386	0.4819	0.4251	0.4553	0.4520	0.4484	0.5423	0.4901	1.0000	0.4558	0.5120	0.5105
0.4786	0.6170	0.6170	0.4288	0.4181	0.4693	0.4923	0.5483	0.4478	0.4648	0.4117	0.4939	0.4235	0.4131	0.4987	0.4407	0.4558	1.0000	0.4389	0.4522
0.5233	0.4583	0.4583	0.4941	0.5430	0.4757	0.4662	0.4646	0.4723	0.5400	0.4421	0.5177	0.5160	0.5410	0.5414	0.4481	0.5120	0.4389	1.0000	0.4562
0.3959	0.4363	0.4363	0.4692	0.4329	0.4215	0.4659	0.4420	0.4485	0.4671	0.4148	0.4262	0.3805	0.3799	0.5029	0.4052	0.5105	0.4522	0.4562	1.0000
