-------------------------------------------------------------------------------
 L       Percentage of nodes in the largest component
 D       Percentage of nodes in components of size at most 3 [-div option]
 R       Percentage of nodes not in L or D: 100 - L -D
 S       Percentage of nodes that are singletons
 E       Fraction of edges retained (input graph has 380)
 cce     Expected size of component, nodewise [ sum(sz^2) / sum^2(sz) ]
 EW      Edge weight traits (mean, median and IQR)
 ND      Node degree traits [mean, median and IQR]
 CCF     Clustering coefficient (scale 1-100)
 eff     Induced component efficiency relative to start graph (scale 1-1000)
Total number of nodes: 20
----------------------------------------------------------------------------------------------
  L   D   R   S     E     cce  EWmean   EWmed   EWiqr  NDmean   NDmed  NDiqr CCF  eff  Cutoff 
----------------------------------------------------------------------------------------------
100   0   0   0 0.763      20    0.60    0.59    0.10    14.5    15.5    4.5   -    -     0.50
100   0   0   0 0.711      20    0.61    0.59    0.10    13.5    14.5    6.5   -    -     0.51
100   0   0   0 0.679      20    0.61    0.59    0.10    12.9    14.5    6.5   -    -     0.52
100   0   0   0 0.637      20    0.62    0.60    0.10    12.1    13.5    6.5   -    -     0.53
100   0   0   0 0.589      20    0.62    0.60    0.10    11.2    11.5    5.5   -    -     0.54
100   0   0   0 0.526      20    0.63    0.62    0.09    10.0    10.5    6.5   -    -     0.55
100   0   0   0 0.474      20    0.64    0.62    0.09     9.0     9.5    5.5   -    -     0.56
100   0   0   0 0.437      20    0.65    0.63    0.09     8.3     9.5    6.5   -    -     0.57
100   0   0   0 0.405      20    0.65    0.64    0.09     7.7     7.5    5.5   -    -     0.58
 95   5   0   5 0.363      18    0.66    0.65    0.08     6.9     7.5    6.5   -    -     0.59
 90  10   0  10 0.316      16    0.67    0.66    0.07     6.0     5.5    6.5   -    -     0.60
 90  10   0  10 0.284      16    0.68    0.67    0.07     5.4     5.5    7.5   -    -     0.61
 85  15   0  15 0.253      15    0.69    0.68    0.06     4.8     5.5    6.5   -    -     0.62
 85  15   0  15 0.221      15    0.70    0.69    0.06     4.2     4.5    6.5   -    -     0.63
 80  20   0  20 0.211      13    0.70    0.69    0.05     4.0     4.5    6.5   -    -     0.64
 75  25   0  25 0.184      12    0.71    0.69    0.04     3.5     3.5    5.5   -    -     0.65
 50  25  25  25 0.158       7    0.72    0.70    0.03     3.0     2.5    4.5   -    -     0.66
 50  25  25  25 0.142       7    0.72    0.70    0.03     2.7     2.5    3.5   -    -     0.67
 50  25  25  25 0.126       7    0.73    0.71    0.04     2.4     2.5    3.5   -    -     0.68
 45  30  25  30 0.105       6    0.74    0.71    0.07     2.0     1.5    4.5   -    -     0.69
 30  50  20  50 0.079       3    0.75    0.72    0.06     1.5     0.5    3.5   -    -     0.70
 30  70   0  60 0.063       3    0.77    0.75    0.06     1.2     0.5    2.5   -    -     0.71
 20  80   0  70 0.037       2    0.81    0.78    0.02     0.7     0.5    1.5   -    -     0.72
 20  80   0  80 0.032       2    0.82    0.78    0.02     0.6     0.5    0.5   -    -     0.73
 20  80   0  80 0.032       2    0.82    0.78    0.02     0.6     0.5    0.5   -    -     0.74
 20  80   0  80 0.032       2    0.82    0.78    0.02     0.6     0.5    0.5   -    -     0.75
 20  80   0  80 0.032       2    0.82    0.78    0.02     0.6     0.5    0.5   -    -     0.76
 20  80   0  80 0.032       2    0.82    0.78    0.02     0.6     0.5    0.5   -    -     0.77
  0 100   0  85 0.016       1    0.86    0.79    0.10     0.3     0.5    0.5   -    -     0.78
  0 100   0  85 0.016       1    0.86    0.79    0.10     0.3     0.5    0.5   -    -     0.79
  0 100   0  90 0.005       1    1.00    1.00    0.00     0.1     0.5    0.5   -    -     0.80
  0 100   0  90 0.005       1    1.00    1.00    0.00     0.1     0.5    0.5   -    -     0.81
  0 100   0  90 0.005       1    1.00    1.00    0.00     0.1     0.5    0.5   -    -     0.82
  0 100   0  90 0.005       1    1.00    1.00    0.00     0.1     0.5    0.5   -    -     0.83
  0 100   0  90 0.005       1    1.00    1.00    0.00     0.1     0.5    0.5   -    -     0.84
  0 100   0  90 0.005       1    1.00    1.00    0.00     0.1     0.5    0.5   -    -     0.85
  0 100   0  90 0.005       1    1.00    1.00    0.00     0.1     0.5    0.5   -    -     0.86
  0 100   0  90 0.005       1    1.00    1.00    0.00     0.1     0.5    0.5   -    -     0.87
  0 100   0  90 0.005       1    1.00    1.00    0.00     0.1     0.5    0.5   -    -     0.88
  0 100   0  90 0.005       1    1.00    1.00    0.00     0.1     0.5    0.5   -    -     0.89
  0 100   0  90 0.005       1    1.00    1.00    0.00     0.1     0.5    0.5   -    -     0.90
  0 100   0  90 0.005       1    1.00    1.00    0.00     0.1     0.5    0.5   -    -     0.91
  0 100   0  90 0.005       1    1.00    1.00    0.00     0.1     0.5    0.5   -    -     0.92
  0 100   0  90 0.005       1    1.00    1.00    0.00     0.1     0.5    0.5   -    -     0.93
  0 100   0  90 0.005       1    1.00    1.00    0.00     0.1     0.5    0.5   -    -     0.94
  0 100   0  90 0.005       1    1.00    1.00    0.00     0.1     0.5    0.5   -    -     0.95
  0 100   0  90 0.005       1    1.00    1.00    0.00     0.1     0.5    0.5   -    -     0.96
  0 100   0  90 0.005       1    1.00    1.00    0.00     0.1     0.5    0.5   -    -     0.97
  0 100   0  90 0.005       1    1.00    1.00    0.00     0.1     0.5    0.5   -    -     0.98
  0 100   0  90 0.005       1    1.00    1.00    0.00     0.1     0.5    0.5   -    -     0.99
---------------------------------------------------------------------------------------------
