1 1 (0) 1 : 0.00000000099999999996 0.49929321371608254010 0.08277156862205031773 0.24536489650616177816 0.05334131904358013071 0.11922900011212517191 0.00000000099999999996
2 2 (0) 1 : 0.00000000099999999997 0.43904920992231943888 0.16545264029927575500 0.33910826056556842012 0.05631170694475900323 0.00007818026807731656 0.00000000099999999997
3 3 (0) 1 : 0.00000000099999999973 0.00000000099999999973 0.00000000099999999973 0.00000000099999999973 0.99999999399999994765 0.00000000099999999973 0.00000000099999999973
4 4 (0) 1 : 0.00000000099999999988 0.00000000099999999988 0.00000000099999999988 0.99999999399999994765 0.00000000099999999988 0.00000000099999999988 0.00000000099999999988
5 5 (0) 1 : 0.00000000099999999989 0.26107988337579335347 0.00000000099999999989 0.50831977748905143866 0.00000000099999999989 0.23060033513515509895 0.00000000099999999989
6 6 (0) 1 : 0.00000000099999999991 0.19189771609074995906 0.35909286482365970761 0.24870538270297479211 0.20030403338261562607 0.00000000099999999991 0.00000000099999999991
7 7 (0) 1 : 0.00000000099999999988 0.28536515114143551353 0.45025786095436753920 0.26437698390419694938 0.00000000099999999988 0.00000000099999999988 0.00000000099999999988
8 8 (0) 1 : 0.00000000099999999982 0.00000000099999999982 0.00000000099999999982 0.99999999400000005867 0.00000000099999999982 0.00000000099999999982 0.00000000099999999982
9 9 (0) 1 : 0.00000000099999999971 0.00000000099999999971 0.00000000099999999971 0.00000000099999999971 0.99999999400000005867 0.00000000099999999971 0.00000000099999999971
10 10 (0) 1 : 0.00000000099999999984 0.99999999400000005867 0.00000000099999999984 0.00000000099999999984 0.00000000099999999984 0.00000000099999999984 0.00000000099999999984
11 11 (0) 1 : 0.00000000099999999993 0.52339941172318682483 0.33248316996590421279 0.14411741431090890897 0.00000000099999999993 0.00000000099999999993 0.00000000099999999993
12 12 (0) 1 : 0.00000000099999999981 0.99999999400000005867 0.00000000099999999981 0.00000000099999999981 0.00000000099999999981 0.00000000099999999981 0.00000000099999999981
13 13 (0) 1 : 0.00000000099999999986 0.99999999400000005867 0.00000000099999999986 0.00000000099999999986 0.00000000099999999986 0.00000000099999999986 0.00000000099999999986
14 14 (0) 1 : 0.00000000099999999989 0.00000000211250443256 0.51955833755816083208 0.33285009621675815117 0.00000000099999999989 0.14759156111257645816 0.00000000099999999989
15 15 (0) 2 : 0.00000000099999999986 0.43653804717836502958 0.00000000099999999986 0.56346194782163494530 0.00000000099999999986 0.00000000099999999986 0.00000000099999999986
16 16 (0) 2 : 0.94345691177615098599 0.00000000099999999979 0.00000000099999999979 0.00000000099999999979 0.00000000099999999979 0.00000000099999999979 0.05654308322384900276
17 17 (0) 2 : 0.97756030252013403903 0.00000000099999999989 0.00000000099999999989 0.00000000099999999989 0.00000000099999999989 0.00000000099999999989 0.02243969247986613014
18 18 (0) 2 : 0.86101662427103020647 0.00000000099999999970 0.00000000099999999970 0.00000000099999999970 0.00000000099999999970 0.00000000099999999970 0.13898337072896999045
19 19 (0) 2 : 0.91410644087068759767 0.00000000099999999972 0.00000000099999999972 0.00000000099999999972 0.00000000099999999972 0.00000000099999999972 0.08589355412931259925
20 20 (0) 2 : 0.89240470078178357749 0.00000000099999999998 0.00000000099999999998 0.00000000099999999998 0.00000000099999999998 0.02417316385516879787 0.08342213136304760246
21 21 (0) 2 : 0.95022464874988366024 0.00000000099999999971 0.00000000099999999971 0.00000000099999999971 0.00000000099999999971 0.00000000099999999971 0.04977534625011661301
22 22 (0) 2 : 0.79273401580811586609 0.00000000099999999987 0.00000000099999999987 0.00000000099999999987 0.00000000099999999987 0.00000000099999999987 0.20726597919188427532
23 23 (0) 1 : 0.00000000099999999998 0.14625393576173478793 0.34902473533814720730 0.46079085067030589595 0.00000000099999999998 0.01762368153722371558 0.02630679469258849143
24 24 (0) 1 : 0.01210753171989873908 0.37971491857917866186 0.60817754570092275035 0.00000000099999999999 0.00000000099999999999 0.00000000099999999999 0.00000000099999999999
25 25 (0) 1 : 0.00000000099999999996 0.00000000099999999996 0.00000000099999999996 0.00000000099999999996 0.99999999400000005867 0.00000000099999999996 0.00000000099999999996
26 26 (0) 1 : 0.00000000099999999990 0.00000000099999999990 0.44346273881746905987 0.55653725618253080398 0.00000000099999999990 0.00000000099999999990 0.00000000099999999990
27 27 (0) 2 : 0.00000000099999999925 0.00000000099999999925 0.00000000099999999925 0.00000000099999999925 0.00000000099999999925 0.00000000099999999925 0.99999999399999994765
28 28 (0) 2 : 0.99999999400000016969 0.00000000099999999966 0.00000000099999999966 0.00000000099999999966 0.00000000099999999966 0.00000000099999999966 0.00000000099999999966
29 29 (0) 2 : 0.83330519047574591607 0.00000000099999999971 0.00000000099999999971 0.00000000099999999971 0.00000000099999999971 0.00000000099999999971 0.16669480452425428085
30 30 (0) 2 : 0.99999999400000016969 0.00000000099999999987 0.00000000099999999987 0.00000000099999999987 0.00000000099999999987 0.00000000099999999987 0.00000000099999999987
31 31 (0) 2 : 0.94058621627357752448 0.00000000099999999998 0.00000000099999999998 0.05941367567365898189 0.00000000099999999998 0.00000000099999999998 0.00000010405276371849
32 32 (0) 2 : 0.72653163219965599673 0.00000000099999999999 0.00000000099999999999 0.00000000099999999999 0.13758419526413429024 0.00000000099999999999 0.13588416853620982616
33 33 (0) 2 : 0.91333974245510507473 0.00000000099999999971 0.00000000099999999971 0.00000000099999999971 0.00000000099999999971 0.00000000099999999971 0.08666025254489513607
34 34 (0) 1 : 0.00000000099999999988 0.00000000099999999988 0.99999999399999994765 0.00000000099999999988 0.00000000099999999988 0.00000000099999999988 0.00000000099999999988
35 35 (0) 2 : 0.98650228165144249193 0.00000000099999999980 0.00000000099999999980 0.00000000099999999980 0.00000000099999999980 0.00000000099999999980 0.01349771334855768591
36 36 (0) 2 : 0.96390400061756376093 0.00000000099999999976 0.00000000099999999976 0.00000000099999999976 0.00000000099999999976 0.00000000099999999976 0.03609599438243637354
37 37 (0) 2 : 0.79732780546171688751 0.00000000099999999987 0.00000000099999999987 0.00000000099999999987 0.00000000099999999987 0.00000000099999999987 0.20267218953828328165
38 38 (0) 2 : 0.99999999400000005867 0.00000000099999999984 0.00000000099999999984 0.00000000099999999984 0.00000000099999999984 0.00000000099999999984 0.00000000099999999984
39 39 (0) 2 : 0.00000000099999999989 0.36325022432781567394 0.63674977067218441196 0.00000000099999999989 0.00000000099999999989 0.00000000099999999989 0.00000000099999999989
40 40 (0) 2 : 0.00000000099999999990 0.11852599619315282165 0.42736431253270490416 0.33744016183193703551 0.00000000099999999990 0.11666952644220511537 0.00000000099999999990
41 41 (0) 2 : 0.00000000099999999984 0.99999999400000005867 0.00000000099999999984 0.00000000099999999984 0.00000000099999999984 0.00000000099999999984 0.00000000099999999984
42 42 (0) 2 : 0.00000000099999999993 0.17410245626699738519 0.39623945447761921290 0.34197166401162748528 0.00000000099999999993 0.08768642224375594596 0.00000000099999999993
43 43 (0) 2 : 0.00000000099999999992 0.16482398061670322509 0.41791493986617633816 0.30370796078469020074 0.00000000099999999992 0.11355311573243011269 0.00000000099999999992
44 44 (0) 2 : 0.99999999400000005867 0.00000000099999999969 0.00000000099999999969 0.00000000099999999969 0.00000000099999999969 0.00000000099999999969 0.00000000099999999969
45 45 (0) 2 : 0.92349250439592101003 0.00000000099999999997 0.00000000099999999997 0.00000000099999999997 0.00000000099999999997 0.05045329361839472060 0.02605419798568437556
46 46 (0) 2 : 0.99999999400000005867 0.00000000099999999984 0.00000000099999999984 0.00000000099999999984 0.00000000099999999984 0.00000000099999999984 0.00000000099999999984
47 47 (0) 2 : 0.00000000099999999994 0.20356760995656927871 0.27704742564698525698 0.30697885932281254728 0.00000000099999999994 0.21240610207363291861 0.00000000099999999994
48 48 (0) 2 : 0.94255028615986224949 0.00000000099999999974 0.00000000099999999974 0.00000000099999999974 0.00000000099999999974 0.00000000099999999974 0.05744970884013795437
49 49 (0) 1 : 0.00000000099999999993 0.55925580427450449772 0.44074419072549569920 0.00000000099999999993 0.00000000099999999993 0.00000000099999999993 0.00000000099999999993
50 50 (0) 1 : 0.00000000099999999988 0.34975413432371749156 0.00000000099999999988 0.53645711464596290696 0.00000000099999999988 0.11378874703031957583 0.00000000099999999988
51 51 (0) 1 : 0.00000000099999999975 0.00000000099999999975 0.00000000099999999975 0.00000000099999999975 0.00000000099999999975 0.99999999399999994765 0.00000000099999999975
52 52 (0) 1 : 0.00000000099999999983 0.00000000099999999983 0.99999999399999994765 0.00000000099999999983 0.00000000099999999983 0.00000000099999999983 0.00000000099999999983
53 53 (0) 1 : 0.00000000099999999988 0.00000000099999999988 0.61095507198108112146 0.00000000099999999988 0.00000000316903937659 0.38904492084987940537 0.00000000099999999988
54 54 (0) 1 : 0.00000000099999999984 0.99999999400000005867 0.00000000099999999984 0.00000000099999999984 0.00000000099999999984 0.00000000099999999984 0.00000000099999999984
55 55 (0) 1 : 0.00000000099999999994 0.00000000099999999994 0.56639005850965928879 0.43360993649034068609 0.00000000099999999994 0.00000000099999999994 0.00000000099999999994
56 56 (0) 3 : 0.81071260939693257086 0.00000000099999999976 0.00000000099999999976 0.00000000099999999976 0.00000000099999999976 0.00000000099999999976 0.18928738560306751504
57 57 (0) 3 : 0.95126789924089094619 0.00000000099999999967 0.00000000099999999967 0.00000000099999999967 0.00000000099999999967 0.00000000099999999967 0.04873209575910927849
58 58 (0) 3 : 0.99999999400000016969 0.00000000099999999973 0.00000000099999999973 0.00000000099999999973 0.00000000099999999973 0.00000000099999999973 0.00000000099999999973
59 59 (0) 3 : 0.90730462886261487032 0.00000000099999999978 0.00000000099999999978 0.00000000099999999978 0.00000000099999999978 0.00000000099999999978 0.09269536613738518782
60 60 (0) 3 : 0.84505475735485047206 0.00000000099999999980 0.00000000099999999980 0.00000000099999999980 0.00000000099999999980 0.00000000099999999980 0.15494523764514955833
61 61 (0) 3 : 0.99999999400000005867 0.00000000099999999998 0.00000000099999999998 0.00000000099999999998 0.00000000099999999998 0.00000000099999999998 0.00000000099999999998
62 62 (0) 3 : 0.99999999400000016969 0.00000000099999999977 0.00000000099999999977 0.00000000099999999977 0.00000000099999999977 0.00000000099999999977 0.00000000099999999977
63 63 (0) 4 : 0.00000000099999999978 0.00000000099999999978 0.00000000099999999978 0.00000000099999999978 0.99999999400000005867 0.00000000099999999978 0.00000000099999999978
64 64 (0) 4 : 0.00000000099999999986 0.00000000099999999986 0.00000000099999999986 0.99999999399999994765 0.00000000099999999986 0.00000000099999999986 0.00000000099999999986
65 65 (0) 4 : 0.00000000099999999989 0.00000000099999999989 0.56247225259357214178 0.00000000099999999989 0.00000000099999999989 0.43752774240642772208 0.00000000099999999989
66 66 (0) 3 : 0.99999999400000005867 0.00000000099999999973 0.00000000099999999973 0.00000000099999999973 0.00000000099999999973 0.00000000099999999973 0.00000000099999999973
67 67 (0) 3 : 0.96918035291796045261 0.00000000099999999981 0.00000000099999999981 0.00000000099999999981 0.00000000099999999981 0.00000000099999999981 0.03081964208203953962
68 68 (0) 3 : 0.00000000099999999925 0.00000000099999999925 0.00000000099999999925 0.00000000099999999925 0.00000000099999999925 0.00000000099999999925 0.99999999399999994765
69 69 (0) 3 : 0.83006648895995427395 0.00000000099999999978 0.00000000099999999978 0.00000000099999999978 0.00000000099999999978 0.00000000099999999978 0.16993350604004572868
70 70 (0) 3 : 0.99999999400000005867 0.00000000099999999969 0.00000000099999999969 0.00000000099999999969 0.00000000099999999969 0.00000000099999999969 0.00000000099999999969
71 71 (0) 3 : 0.82058284022026883875 0.00000000099999999978 0.00000000099999999978 0.00000000099999999978 0.00000000099999999978 0.00000000099999999978 0.17941715477973127491
72 72 (0) 4 : 0.00000000099999999999 0.18973722216309996114 0.50065748754216454763 0.28587697657775418270 0.02372831071698135522 0.00000000099999999999 0.00000000099999999999
73 73 (0) 4 : 0.04181427253588301807 0.53181001340227207486 0.22346635942938097852 0.19714852418181155747 0.00000000099999999999 0.00000000099999999999 0.00576082845065230276
74 74 (0) 4 : 0.00000000099999999989 0.46330827139804858783 0.00000000099999999989 0.53669172360195138705 0.00000000099999999989 0.00000000099999999989 0.00000000099999999989
75 75 (0) 4 : 0.00000000099999999991 0.56351286756769869424 0.40172828178149816436 0.00000000099999999991 0.00000000099999999991 0.03475884665080326841 0.00000000099999999991
76 76 (0) 4 : 0.00000000099999999983 0.00000000099999999983 0.00000000099999999983 0.99999999400000005867 0.00000000099999999983 0.00000000099999999983 0.00000000099999999983
77 77 (0) 4 : 0.00000000099999999990 0.21764791906611358208 0.34550580992530927071 0.35135022672849863801 0.00000000099999999990 0.08549604128007853854 0.00000000099999999990
78 78 (0) 4 : 0.00000000099999999984 0.00000000099999999984 0.00000000099999999984 0.99999999400000005867 0.00000000099999999984 0.00000000099999999984 0.00000000099999999984
79 79 (0) 3 : 0.00000000099999999985 0.00000000099999999985 0.56553924610097472403 0.00000000099999999985 0.00000000099999999985 0.43446074889902530636 0.00000000099999999985
80 80 (0) 3 : 0.97737090278876015415 0.00000000099999999982 0.00000000099999999982 0.00000000099999999982 0.00000000099999999982 0.00000000099999999982 0.02262909221124006012
81 81 (0) 3 : 0.99480373048226922172 0.00000000099999999995 0.00000000099999999995 0.00000000099999999995 0.00519626451773082601 0.00000000099999999995 0.00000000099999999995
82 82 (0) 3 : 0.92151565811499425163 0.00000000099999999974 0.00000000099999999974 0.00000000099999999974 0.00000000099999999974 0.00000000099999999974 0.07848433688500582039
83 83 (0) 3 : 0.00000000099999999989 0.00000000099999999989 0.31215182818183595526 0.68784816681816418615 0.00000000099999999989 0.00000000099999999989 0.00000000099999999989
84 84 (0) 3 : 0.00000000099999999965 0.00000000099999999965 0.00000000099999999965 0.00000000099999999965 0.00000000099999999965 0.99999999400000005867 0.00000000099999999965
85 85 (0) 3 : 0.99999999400000005867 0.00000000099999999970 0.00000000099999999970 0.00000000099999999970 0.00000000099999999970 0.00000000099999999970 0.00000000099999999970
86 86 (0) 3 : 0.99999999400000016969 0.00000000099999999977 0.00000000099999999977 0.00000000099999999977 0.00000000099999999977 0.00000000099999999977 0.00000000099999999977
87 87 (0) 3 : 0.86151699059716224660 0.00000000099999999997 0.00000000099999999997 0.00000000099999999997 0.00000000099999999997 0.05920517510870965810 0.07927783029412820148
88 88 (0) 3 : 0.99999999400000005867 0.00000000099999999972 0.00000000099999999972 0.00000000099999999972 0.00000000099999999972 0.00000000099999999972 0.00000000099999999972
89 89 (0) 4 : 0.00000000099999999993 0.99999999400000016969 0.00000000099999999993 0.00000000099999999993 0.00000000099999999993 0.00000000099999999993 0.00000000099999999993
90 90 (0) 3 : 0.99999999400000005867 0.00000000099999999976 0.00000000099999999976 0.00000000099999999976 0.00000000099999999976 0.00000000099999999976 0.00000000099999999976
91 91 (0) 3 : 0.97031314162691495451 0.00000000099999999980 0.00000000099999999980 0.00000000099999999980 0.00000000099999999980 0.00000000099999999980 0.02968685337308530139
92 92 (0) 3 : 0.76138852329155237708 0.00000000099999999971 0.00000000099999999971 0.00000000099999999971 0.00000000099999999971 0.00000000099999999971 0.23861147170844776433
93 93 (0) 3 : 0.83833477637845765784 0.00000000099999999987 0.00000000099999999987 0.00000000099999999987 0.00000000099999999987 0.00000000099999999987 0.16166521862154231703
94 94 (0) 3 : 0.81148955499755148768 0.00000000099999999997 0.00000000099999999997 0.00000000099999999997 0.00000000099999999997 0.18851044000244859822 0.00000000099999999997
95 95 (0) 4 : 0.10217941975650329800 0.31202717103939575649 0.21981126490304850329 0.34493885545765906597 0.00901201147605988455 0.00000000100000000000 0.01203127636733360324
96 96 (0) 4 : 0.00000000099999999986 0.57563480442473813348 0.00000000099999999986 0.42436519057526200793 0.00000000099999999986 0.00000000099999999986 0.00000000099999999986
97 97 (0) 4 : 0.00000000099999999989 0.00000000099999999989 0.00000000099999999989 0.99999999400000005867 0.00000000099999999989 0.00000000099999999989 0.00000000099999999989
98 98 (0) 4 : 0.00000000099999999996 0.00000000099999999996 0.99999999399999994765 0.00000000099999999996 0.00000000099999999996 0.00000000099999999996 0.00000000099999999996
99 99 (0) 4 : 0.00000000099999999995 0.42934188770789838419 0.29034777215166063247 0.00000000099999999995 0.02737692703298509611 0.25293341010745584718 0.00000000099999999995
100 100 (0) 4 : 0.00000000099999999988 0.48855915648921577343 0.51144083851078436798 0.00000000099999999988 0.00000000099999999988 0.00000000099999999988 0.00000000099999999988
101 101 (0) 4 : 0.00000000099999999988 0.67340216468587088539 0.32659783031412920051 0.00000000099999999988 0.00000000099999999988 0.00000000099999999988 0.00000000099999999988
102 102 (0) 4 : 0.00000000099999999981 0.00000000099999999981 0.00000000099999999981 0.99999999400000005867 0.00000000099999999981 0.00000000099999999981 0.00000000099999999981
103 103 (0) 4 : 0.00000000099999999968 0.00000000099999999968 0.00000000099999999968 0.00000000099999999968 0.99999999400000005867 0.00000000099999999968 0.00000000099999999968
104 104 (0) 4 : 0.00000000099999999995 0.00000000099999999995 0.70579633678745179459 0.29420365821254806926 0.00000000099999999995 0.00000000099999999995 0.00000000099999999995
105 105 (0) 4 : 0.00000000099999999992 0.00000000099999999992 0.00000000099999999992 0.99999999399999994765 0.00000000099999999992 0.00000000099999999992 0.00000000099999999992
106 106 (0) 4 : 0.00000000099999999998 0.82398988312001641976 0.00000000099999999998 0.00000000099999999998 0.00000000099999999998 0.17601011187998372165 0.00000000099999999998
107 107 (0) 4 : 0.00000000099999999998 0.00000000099999999998 0.60893410977295547859 0.30543746397296384076 0.06705077592487138083 0.01857764732920929446 0.00000000099999999998
108 108 (0) 4 : 0.00000000099999999963 0.00000000099999999963 0.00000000099999999963 0.00000000099999999963 0.00000000099999999963 0.99999999400000005867 0.00000000099999999963
109 109 (0) 4 : 0.00000000099999999985 0.00000000099999999985 0.99999999400000005867 0.00000000099999999985 0.00000000099999999985 0.00000000099999999985 0.00000000099999999985
110 110 (0) 4 : 0.00000000099999999994 0.00000000099999999994 0.82806716192031848411 0.00000000099999999994 0.08360568620020457364 0.08832714787947691659 0.00000000099999999994
111 111 (0) 4 : 0.00000000099999999971 0.00000000099999999971 0.00000000099999999971 0.00000000099999999971 0.99999999400000005867 0.00000000099999999971 0.00000000099999999971
112 112 (0) 4 : 0.00000000099999999983 0.00000000099999999983 0.00000000099999999983 0.00000000099999999983 0.99999999399999994765 0.00000000099999999983 0.00000000099999999983
113 113 (0) 4 : 0.95898519962025419172 0.00000000099999999975 0.00000000099999999975 0.00000000099999999975 0.00000000099999999975 0.00000000099999999975 0.04101479537974588030
114 114 (0) 4 : 0.00000000099999999998 0.25978735151894327693 0.39579651719231812024 0.25929171081001639587 0.00000038489957527509 0.08512403357914687108 0.00000000099999999998
115 115 (0) 4 : 0.00000000099999999981 0.00000000099999999981 0.99999999400000005867 0.00000000099999999981 0.00000000099999999981 0.00000000099999999981 0.00000000099999999981
116 116 (0) 4 : 0.00000000099999999986 0.00000000099999999986 0.99999999399999994765 0.00000000099999999986 0.00000000099999999986 0.00000000099999999986 0.00000000099999999986
1 1 (0) 1 : 0.34674954972449184565 0.06141736243596498945 0.00000000099999999996 0.30165363295509167729 0.00900555082658748701 0.28117390205786385593 0.00000000099999999996
2 2 (0) 1 : 0.39951348552408871839 0.05569053651929099791 0.00000000099999999998 0.25451023460563459988 0.00000000099999999998 0.29028574035098558825 0.00000000099999999998
3 3 (0) 1 : 0.00000000099999999973 0.99999999400000005867 0.00000000099999999973 0.00000000099999999973 0.00000000099999999973 0.00000000099999999973 0.00000000099999999973
4 4 (0) 1 : 0.00000000099999999987 0.00000000099999999987 0.00000000099999999987 0.99999999399999994765 0.00000000099999999987 0.00000000099999999987 0.00000000099999999987
5 5 (0) 1 : 0.24653530260063105661 0.00000000099999999990 0.00000000099999999990 0.42753279209816197337 0.00000000099999999990 0.32593190130120697212 0.00000000099999999990
6 6 (0) 1 : 0.00000000099999999988 0.20866905466621243903 0.00000000099999999988 0.79133094033378748033 0.00000000099999999988 0.00000000099999999988 0.00000000099999999988
7 7 (0) 1 : 0.99999999400000016969 0.00000000099999999981 0.00000000099999999981 0.00000000099999999981 0.00000000099999999981 0.00000000099999999981 0.00000000099999999981
8 8 (0) 1 : 0.00000000099999999987 0.00000000099999999987 0.00000000099999999987 0.54499793769068827221 0.00000000099999999987 0.45500205730931153614 0.00000000099999999987
9 9 (0) 1 : 0.00000000099999999971 0.99999999400000005867 0.00000000099999999971 0.00000000099999999971 0.00000000099999999971 0.00000000099999999971 0.00000000099999999971
10 10 (0) 1 : 0.99999999400000005867 0.00000000099999999986 0.00000000099999999986 0.00000000099999999986 0.00000000099999999986 0.00000000099999999986 0.00000000099999999986
11 11 (0) 1 : 0.00000000099999999990 0.00000000099999999990 0.00000000099999999990 0.00000000099999999990 0.99999999399999994765 0.00000000099999999990 0.00000000099999999990
12 12 (0) 1 : 0.00000000099999999984 0.00000000099999999984 0.00000000099999999984 0.99999999399999994765 0.00000000099999999984 0.00000000099999999984 0.00000000099999999984
13 13 (0) 1 : 0.60707558754547130686 0.00000000099999999990 0.00000000099999999990 0.00000000099999999990 0.39292440745452872353 0.00000000099999999990 0.00000000099999999990
14 14 (0) 1 : 0.00000000099999999984 0.00000000099999999984 0.00000000099999999984 0.00000000099999999984 0.00000000099999999984 0.99999999400000005867 0.00000000099999999984
15 15 (0) 2 : 0.58914093055015093192 0.00000000099999999987 0.00000000099999999987 0.41085906444984926500 0.00000000099999999987 0.00000000099999999987 0.00000000099999999987
16 16 (0) 2 : 0.00000000099999999972 0.00000000099999999972 0.99999999399999994765 0.00000000099999999972 0.00000000099999999972 0.00000000099999999972 0.00000000099999999972
17 17 (0) 2 : 0.00000000099999999981 0.00000000099999999981 0.29068190049980552336 0.00000000099999999981 0.00000000099999999981 0.00000000099999999981 0.70931809450019434049
18 18 (0) 2 : 0.00000000099999999970 0.00000000099999999970 0.79914926735469826724 0.00000000099999999970 0.00000000099999999970 0.00000000099999999970 0.20085072764530190192
19 19 (0) 2 : 0.00000000099999999969 0.00000000099999999969 0.37971484884155221051 0.00000000099999999969 0.00000000099999999969 0.00000000099999999969 0.62028514615844776436
20 20 (0) 2 : 0.00000000099999999999 0.00000000099999999999 0.80003986613968980368 0.00000000099999999999 0.00000000099999999999 0.00000000099999999999 0.19996012886031022671
21 21 (0) 2 : 0.00000000099999999970 0.00000000099999999970 0.44753010039555590760 0.00000000099999999970 0.00000000099999999970 0.00000000099999999970 0.55246989460444395625
22 22 (0) 2 : 0.00000000099999999992 0.00000000099999999992 0.69556862192641111253 0.00000000099999999992 0.00000000099999999992 0.00000000099999999992 0.30443137307358908439
23 23 (0) 1 : 0.00000004486875811102 0.00000000099999999998 0.00000000099999999998 0.00000000099999999998 0.54682616521964699796 0.45317378591159479528 0.00000000099999999998
24 24 (0) 1 : 0.99999999400000016969 0.00000000099999999989 0.00000000099999999989 0.00000000099999999989 0.00000000099999999989 0.00000000099999999989 0.00000000099999999989
25 25 (0) 1 : 0.00000000099999999995 0.99999999400000016969 0.00000000099999999995 0.00000000099999999995 0.00000000099999999995 0.00000000099999999995 0.00000000099999999995
26 26 (0) 1 : 0.07535148148474446472 0.00000000099999999990 0.00000000099999999990 0.57301588799434999277 0.00000000099999999990 0.35163262652090554461 0.00000000099999999990
27 27 (0) 2 : 0.00000000099999999956 0.00000000099999999956 0.00000000099999999956 0.00000000099999999956 0.00000000099999999956 0.00000000099999999956 0.99999999400000005867
28 28 (0) 2 : 0.00000000099999999961 0.00000000099999999961 0.99999999399999994765 0.00000000099999999961 0.00000000099999999961 0.00000000099999999961 0.00000000099999999961
29 29 (0) 2 : 0.00000000099999999959 0.00000000099999999959 0.00000000099999999959 0.00000000099999999959 0.00000000099999999959 0.00000000099999999959 0.99999999400000005867
30 30 (0) 2 : 0.00000000099999999982 0.00000000099999999982 0.99999999400000005867 0.00000000099999999982 0.00000000099999999982 0.00000000099999999982 0.00000000099999999982
31 31 (0) 2 : 0.00000000099999999998 0.00000000099999999998 0.87098495515890128615 0.05441735896626554575 0.00000000099999999998 0.00000000099999999998 0.07459768187483321877
32 32 (0) 2 : 0.00000000099999999999 0.13790629733261544621 0.52599487341853479183 0.00000000099999999999 0.00000000099999999999 0.00000000099999999999 0.33609882524884981958
33 33 (0) 2 : 0.00000000099999999963 0.00000000099999999963 0.00000000099999999963 0.00000000099999999963 0.00000000099999999963 0.00000000099999999963 0.99999999399999994765
34 34 (0) 1 : 0.00000000099999999985 0.00000000099999999985 0.00000000099999999985 0.00000000099999999985 0.99999999399999994765 0.00000000099999999985 0.00000000099999999985
35 35 (0) 2 : 0.00000000099999999981 0.00000000099999999981 0.67603984684873674738 0.00000000099999999981 0.00000000099999999981 0.00000000099999999981 0.32396014815126333852
36 36 (0) 2 : 0.00000000099999999976 0.00000000099999999976 0.69120262229030005052 0.00000000099999999976 0.00000000099999999976 0.00000000099999999976 0.30879737270969997986
37 37 (0) 2 : 0.00000000099999999990 0.00000000099999999990 0.52284113563794043511 0.00000000099999999990 0.00000000099999999990 0.00000000099999999990 0.47715885936205953977
38 38 (0) 2 : 0.00000000099999999981 0.00000000099999999981 0.41312791935830223133 0.00000000099999999981 0.00000000099999999981 0.00000000099999999981 0.58687207564169774354
39 39 (0) 2 : 0.99999999400000016969 0.00000000099999999983 0.00000000099999999983 0.00000000099999999983 0.00000000099999999983 0.00000000099999999983 0.00000000099999999983
40 40 (0) 2 : 0.35055746111311586466 0.00000000099999999990 0.00000000099999999990 0.00000000099999999990 0.25046434558471553089 0.39897818930216844002 0.00000000099999999990
41 41 (0) 2 : 0.32366288696626172028 0.00000000099999999990 0.00000000099999999990 0.00000000099999999990 0.30134533967378801522 0.37499176935994998905 0.00000000099999999990
42 42 (0) 2 : 0.00000000099999999990 0.00000000099999999990 0.00000000099999999990 0.42183269770642417562 0.57816729729357585477 0.00000000099999999990 0.00000000099999999990
43 43 (0) 2 : 0.32271496860102771853 0.00000000099999999991 0.00000000099999999991 0.18583409799213365665 0.21585706421427625079 0.27559386619256226458 0.00000000099999999991
44 44 (0) 2 : 0.00000000099999999963 0.00000000099999999963 0.99999999400000005867 0.00000000099999999963 0.00000000099999999963 0.00000000099999999963 0.00000000099999999963
45 45 (0) 2 : 0.00000000099999999997 0.00000000099999999997 0.54891233270587125315 0.00000000099999999997 0.00000000099999999997 0.05077588800681410997 0.40031177528731465287
46 46 (0) 2 : 0.00000000099999999979 0.00000000099999999979 0.99999999400000005867 0.00000000099999999979 0.00000000099999999979 0.00000000099999999979 0.00000000099999999979
47 47 (0) 2 : 0.00000000099999999987 0.00000000099999999987 0.00000000099999999987 0.00000000099999999987 0.99999999400000005867 0.00000000099999999987 0.00000000099999999987
48 48 (0) 2 : 0.00000000099999999974 0.00000000099999999974 0.67776218965784029713 0.00000000099999999974 0.00000000099999999974 0.00000000099999999974 0.32223780534215967775
49 49 (0) 1 : 0.99999999400000005867 0.00000000099999999990 0.00000000099999999990 0.00000000099999999990 0.00000000099999999990 0.00000000099999999990 0.00000000099999999990
50 50 (0) 1 : 0.00000000099999999984 0.00000000099999999984 0.00000000099999999984 0.99999999399999994765 0.00000000099999999984 0.00000000099999999984 0.00000000099999999984
51 51 (0) 1 : 0.00000000099999999980 0.00000000099999999980 0.00000000099999999980 0.00000000099999999980 0.00000000099999999980 0.99999999399999994765 0.00000000099999999980
52 52 (0) 1 : 0.50101063783346522218 0.00000000099999999987 0.00000000099999999987 0.00000000099999999987 0.00000103281731046063 0.49898832534922438198 0.00000000099999999987
53 53 (0) 1 : 0.00000000099999999989 0.03915232249199491338 0.00000000099999999989 0.00000000099999999989 0.43036569512731764897 0.53048197838068733567 0.00000000099999999989
54 54 (0) 1 : 0.25509712204022605420 0.00000000099999999991 0.00000000099999999991 0.00000000099999999991 0.43692018117376174580 0.30798269278601203558 0.00000000099999999991
55 55 (0) 1 : 0.61832868040405664090 0.00000000099999999993 0.00000000099999999993 0.38167131459594344500 0.00000000099999999993 0.00000000099999999993 0.00000000099999999993
56 56 (0) 3 : 0.00000000099999999968 0.00000000099999999968 0.00000000099999999968 0.00000000099999999968 0.00000000099999999968 0.00000000099999999968 0.99999999400000005867
57 57 (0) 3 : 0.00000000099999999967 0.00000000099999999967 0.76442022673796172771 0.00000000099999999967 0.00000000099999999967 0.00000000099999999967 0.23557976826203841370
58 58 (0) 3 : 0.00000000099999999968 0.00000000099999999968 0.99999999400000005867 0.00000000099999999968 0.00000000099999999968 0.00000000099999999968 0.00000000099999999968
59 59 (0) 3 : 0.00000000099999999976 0.00000000099999999976 0.81088395871942242632 0.00000000099999999976 0.00000000099999999976 0.00000000099999999976 0.18911603628057754856
60 60 (0) 3 : 0.00000000099999999979 0.00000000099999999979 0.47759299958011286469 0.00000000099999999979 0.00000000099999999979 0.00000000099999999979 0.52240699541988699917
61 61 (0) 3 : 0.00000000099999999996 0.00000000099999999996 0.99999999400000005867 0.00000000099999999996 0.00000000099999999996 0.00000000099999999996 0.00000000099999999996
62 62 (0) 3 : 0.00000000099999999979 0.00000000099999999979 0.66553081589075180347 0.00000000099999999979 0.00000000099999999979 0.00000000099999999979 0.33446917910924828243
63 63 (0) 4 : 0.00000000099999999978 0.99999999400000005867 0.00000000099999999978 0.00000000099999999978 0.00000000099999999978 0.00000000099999999978 0.00000000099999999978
64 64 (0) 4 : 0.00000000099999999988 0.00000000099999999988 0.00000000099999999988 0.00000000099999999988 0.57585056745041685033 0.42414942754958312454 0.00000000099999999988
65 65 (0) 4 : 0.00000000099999999989 0.01203961494273896558 0.00000000099999999989 0.00000000099999999989 0.35386792675074646430 0.63409245430651450803 0.00000000099999999989
66 66 (0) 3 : 0.00000000099999999973 0.00000000099999999973 0.84166612732854362289 0.00000000099999999973 0.00000000099999999973 0.00000000099999999973 0.15833386767145640750
67 67 (0) 3 : 0.00000000099999999982 0.00000000099999999982 0.68131202031816695541 0.00000000099999999982 0.00000000099999999982 0.00000000099999999982 0.31868797468183301946
68 68 (0) 3 : 0.00000000099999999951 0.00000000099999999951 0.00000000099999999951 0.00000000099999999951 0.00000000099999999951 0.00000000099999999951 0.99999999400000005867
69 69 (0) 3 : 0.00000000099999999977 0.00000000099999999977 0.42393577026236295424 0.00000000099999999977 0.00000000099999999977 0.00000000099999999977 0.57606422473763696512
70 70 (0) 3 : 0.00000000099999999966 0.00000000099999999966 0.99999999400000005867 0.00000000099999999966 0.00000000099999999966 0.00000000099999999966 0.00000000099999999966
71 71 (0) 3 : 0.00000000099999999978 0.00000000099999999978 0.49472235764633881727 0.00000000099999999978 0.00000000099999999978 0.00000000099999999978 0.50527763735366126863
72 72 (0) 4 : 0.00000000099999999989 0.00000000099999999989 0.00000000099999999989 0.00000000099999999989 0.99999999399999994765 0.00000000099999999989 0.00000000099999999989
73 73 (0) 4 : 0.35796825235848300784 0.00000000099999999998 0.04675145151255623299 0.16050144826317838676 0.43477884486578238787 0.00000000099999999998 0.00000000099999999998
74 74 (0) 4 : 0.00000000099999999985 0.00000000099999999985 0.00000000099999999985 0.99999999399999994765 0.00000000099999999985 0.00000000099999999985 0.00000000099999999985
75 75 (0) 4 : 0.59855283134522707655 0.00000000099999999989 0.00000000099999999989 0.00000000099999999989 0.40144716365477306486 0.00000000099999999989 0.00000000099999999989
76 76 (0) 4 : 0.00000000099999999985 0.00000000099999999985 0.00000000099999999985 0.99999999400000005867 0.00000000099999999985 0.00000000099999999985 0.00000000099999999985
77 77 (0) 4 : 0.71499250814153048061 0.00000000099999999986 0.00000000099999999986 0.00000000099999999986 0.00000000099999999986 0.28500748685846966080 0.00000000099999999986
78 78 (0) 4 : 0.00000000099999999986 0.00000000099999999986 0.00000000099999999986 0.45677765304739637031 0.00000000099999999986 0.54322234195260343803 0.00000000099999999986
79 79 (0) 3 : 0.00000000099999999986 0.00000000099999999986 0.00000000099999999986 0.00000000099999999986 0.47302351165558287338 0.52697648334441704598 0.00000000099999999986
80 80 (0) 3 : 0.00000000099999999983 0.00000000099999999983 0.66502541938946857503 0.00000000099999999983 0.00000000099999999983 0.00000000099999999983 0.33497457561053139985
81 81 (0) 3 : 0.00000000099999999988 0.00000000099999999988 0.99999999400000005867 0.00000000099999999988 0.00000000099999999988 0.00000000099999999988 0.00000000099999999988
82 82 (0) 3 : 0.00000000099999999973 0.00000000099999999973 0.48558817900316281202 0.00000000099999999973 0.00000000099999999973 0.00000000099999999973 0.51441181599683716286
83 83 (0) 3 : 0.00000000099999999985 0.00000000099999999985 0.00000000099999999985 0.99999999400000005867 0.00000000099999999985 0.00000000099999999985 0.00000000099999999985
84 84 (0) 3 : 0.00000000099999999977 0.00000000099999999977 0.00000000099999999977 0.00000000099999999977 0.00000000099999999977 0.99999999399999994765 0.00000000099999999977
85 85 (0) 3 : 0.00000000099999999966 0.00000000099999999966 0.99999999400000005867 0.00000000099999999966 0.00000000099999999966 0.00000000099999999966 0.00000000099999999966
86 86 (0) 3 : 0.00000000099999999978 0.00000000099999999978 0.78548843335102236374 0.00000000099999999978 0.00000000099999999978 0.00000000099999999978 0.21451156164897763889
87 87 (0) 3 : 0.00000000099999999997 0.00000000099999999997 0.75730920763661080386 0.00000000099999999997 0.00000000099999999997 0.05698125685409258928 0.18570953150929667141
88 88 (0) 3 : 0.00000000099999999973 0.00000000099999999973 0.55802065064676831252 0.00000000099999999973 0.00000000099999999973 0.00000000099999999973 0.44197934435323188440
89 89 (0) 4 : 0.99999999400000005867 0.00000000099999999994 0.00000000099999999994 0.00000000099999999994 0.00000000099999999994 0.00000000099999999994 0.00000000099999999994
90 90 (0) 3 : 0.00000000099999999977 0.00000000099999999977 0.76120939214863159172 0.00000000099999999977 0.00000000099999999977 0.00000000099999999977 0.23879060285136852193
91 91 (0) 3 : 0.00000000099999999974 0.00000000099999999974 0.99999999399999994765 0.00000000099999999974 0.00000000099999999974 0.00000000099999999974 0.00000000099999999974
92 92 (0) 3 : 0.00000000099999999972 0.00000000099999999972 0.41489875131376358075 0.00000000099999999972 0.00000000099999999972 0.00000000099999999972 0.58510124368623617208
93 93 (0) 3 : 0.00000000099999999985 0.00000000099999999985 0.41397937715501031963 0.00000000099999999985 0.00000000099999999985 0.00000000099999999985 0.58602061784498971075
94 94 (0) 3 : 0.00000000099999999998 0.00000000099999999998 0.76884371658590389131 0.00000000099999999998 0.00000000099999999998 0.19017892533248043074 0.04097735408161574944
95 95 (0) 4 : 0.24523204360689709880 0.00854211737103932091 0.07120700212493710768 0.00000000100000000000 0.39034166946887971505 0.24161030435218397439 0.04306686207606275074
96 96 (0) 4 : 0.54650756768172059630 0.00000000099999999987 0.00000000099999999987 0.00000000099999999987 0.00000000099999999987 0.45349242731827943409 0.00000000099999999987
97 97 (0) 4 : 0.00000000099999999991 0.00000000099999999991 0.00000000099999999991 0.00000000099999999991 0.00000000099999999991 0.99999999399999994765 0.00000000099999999991
98 98 (0) 4 : 0.22587148671733828231 0.05516472349639848366 0.03156034326503418669 0.14274246115470462515 0.41181948629172199228 0.13284149807480238881 0.00000000100000000000
99 99 (0) 4 : 0.23951480110547274105 0.02895705300088939269 0.00000000099999999995 0.00000000099999999995 0.36790368681956614472 0.36362445607407167802 0.00000000099999999995
100 100 (0) 4 : 0.00000000099999999981 0.00000000099999999981 0.00000000099999999981 0.00000000099999999981 0.99999999399999994765 0.00000000099999999981 0.00000000099999999981
101 101 (0) 4 : 0.00000000099999999987 0.00000000099999999987 0.00000000099999999987 0.36271733938509626016 0.63728265561490371471 0.00000000099999999987 0.00000000099999999987
102 102 (0) 4 : 0.00000000099999999986 0.00000000099999999986 0.00000000099999999986 0.67838085817456672544 0.00000000099999999986 0.32161913682543319393 0.00000000099999999986
103 103 (0) 4 : 0.00000000099999999968 0.99999999400000005867 0.00000000099999999968 0.00000000099999999968 0.00000000099999999968 0.00000000099999999968 0.00000000099999999968
104 104 (0) 4 : 0.00000000099999999992 0.00000000099999999992 0.00000000099999999992 0.99999999400000005867 0.00000000099999999992 0.00000000099999999992 0.00000000099999999992
105 105 (0) 4 : 0.00000000099999999996 0.00000000099999999996 0.00000000099999999996 0.32376201887809030744 0.36565470016083534421 0.31058327696107435045 0.00000000099999999996
106 106 (0) 4 : 0.00000000099999999995 0.00000000099999999995 0.00000000099999999995 0.00000000099999999995 0.99999999400000005867 0.00000000099999999995 0.00000000099999999995
107 107 (0) 4 : 0.22562756620972412858 0.06140336041336236922 0.00000000099999999998 0.00252483472868375927 0.51280940765389826375 0.19763482899433149065 0.00000000099999999998
108 108 (0) 4 : 0.00000000099999999978 0.00000000099999999978 0.00000000099999999978 0.00000000099999999978 0.00000000099999999978 0.99999999399999994765 0.00000000099999999978
109 109 (0) 4 : 0.57500484862813316944 0.00000000099999999989 0.00000000099999999989 0.42499514637186686095 0.00000000099999999989 0.00000000099999999989 0.00000000099999999989
110 110 (0) 4 : 0.00000000099999999991 0.00000000099999999991 0.00000000099999999991 0.00000000099999999991 0.99999999399999994765 0.00000000099999999991 0.00000000099999999991
111 111 (0) 4 : 0.00000000099999999972 0.99999999400000005867 0.00000000099999999972 0.00000000099999999972 0.00000000099999999972 0.00000000099999999972 0.00000000099999999972
112 112 (0) 4 : 0.00000000099999999983 0.99999999400000016969 0.00000000099999999983 0.00000000099999999983 0.00000000099999999983 0.00000000099999999983 0.00000000099999999983
113 113 (0) 4 : 0.00000000099999999974 0.00000000099999999974 0.70778769368183536148 0.00000000099999999974 0.00000000099999999974 0.00000000099999999974 0.29221230131816461340
114 114 (0) 4 : 0.00000000099999999996 0.00000000099999999996 0.00000000099999999996 0.46253664869005717275 0.34161871968431689606 0.19584462762562579452 0.00000000099999999996
115 115 (0) 4 : 0.16729867786784655137 0.00000000099999999988 0.00000000099999999988 0.45170114226819979564 0.38100017586395373836 0.00000000099999999988 0.00000000099999999988
116 116 (0) 4 : 0.00000000099999999986 0.00000000099999999986 0.00000000099999999986 0.99999999399999994765 0.00000000099999999986 0.00000000099999999986 0.00000000099999999986
1 1 (0) 1 : 0.00000000099999999996 0.23516416996703998210 0.15598791827144989353 0.32360729477855260106 0.22702451867501100002 0.00000000099999999996 0.05821609630794648965
2 2 (0) 1 : 0.00000000099999999997 0.00000000099999999997 0.09813983423041890142 0.35361831446050123740 0.48856212670749976645 0.00000000099999999997 0.05967972160158007550
3 3 (0) 1 : 0.00000000099999999972 0.00000000099999999972 0.00000000099999999972 0.00000000099999999972 0.00000000099999999972 0.00000000099999999972 0.99999999400000005867
4 4 (0) 1 : 0.00000000099999999993 0.00000000099999999993 0.00020917106147851802 0.63639694955255177167 0.33399952027443108316 0.00000000099999999993 0.02939435611153862205
5 5 (0) 1 : 0.00000000099999999988 0.00000000099999999988 0.37253169787735257446 0.00044740247640968369 0.62702089564623775253 0.00000000099999999988 0.00000000099999999988
6 6 (0) 1 : 0.00000000099999999991 0.00000000118309276162 0.00000000099999999991 0.31668342835902490995 0.48892907318302281094 0.00000000099999999991 0.19438749427485951804
7 7 (0) 1 : 0.00000000099999999986 0.18631262752684366046 0.03381574007101748047 0.00000001182849850830 0.77987161757364042991 0.00000000099999999986 0.00000000099999999986
8 8 (0) 1 : 0.00000000099999999985 0.00000000099999999985 0.00000000099999999985 0.99999999399999994765 0.00000000099999999985 0.00000000099999999985 0.00000000099999999985
9 9 (0) 1 : 0.00000000099999999971 0.00000000099999999971 0.00000000099999999971 0.00000000099999999971 0.00000000099999999971 0.00000000099999999971 0.99999999400000005867
10 10 (0) 1 : 0.00000000099999999987 0.99999999400000016969 0.00000000099999999987 0.00000000099999999987 0.00000000099999999987 0.00000000099999999987 0.00000000099999999987
11 11 (0) 1 : 0.00000000099999999993 0.34356064515484907584 0.00000000099999999993 0.00006101431661560289 0.65637833652853527777 0.00000000099999999993 0.00000000099999999993
12 12 (0) 1 : 0.00000000099999999986 0.51278132209574278644 0.00000000099999999986 0.48721867290425724395 0.00000000099999999986 0.00000000099999999986 0.00000000099999999986
13 13 (0) 1 : 0.00000000099999999986 0.00000000099999999986 0.00000000099999999986 0.00000000099999999986 0.99999999399999994765 0.00000000099999999986 0.00000000099999999986
14 14 (0) 1 : 0.00000000099999999989 0.03680179004303072571 0.19329424075177040199 0.31877050425517816645 0.45113346195002068661 0.00000000099999999989 0.00000000099999999989
15 15 (0) 2 : 0.00000000099999999983 0.00000000099999999983 0.00000000099999999983 0.99999999399999994765 0.00000000099999999983 0.00000000099999999983 0.00000000099999999983
16 16 (0) 2 : 0.05250034733711607393 0.00000000099999999978 0.00000000099999999978 0.00000000099999999978 0.00000000099999999978 0.94749964766288397033 0.00000000099999999978
17 17 (0) 2 : 0.02920291498222323673 0.00000000099999999989 0.00000000099999999989 0.00000000099999999989 0.00000000099999999989 0.97079708001777675896 0.00000000099999999989
18 18 (0) 2 : 0.14288944650251653168 0.00000000099999999970 0.00000000099999999970 0.00000000099999999970 0.00000000099999999970 0.85711054849748335993 0.00000000099999999970
19 19 (0) 2 : 0.08411416815964445348 0.00000000099999999972 0.00000000099999999972 0.00000000099999999972 0.00000000099999999972 0.91588582684035546588 0.00000000099999999972
20 20 (0) 2 : 0.08014622942766919111 0.00000000099999999998 0.02255421426299801871 0.00000000099999999998 0.00000000099999999998 0.89729955230933278187 0.00000000099999999998
21 21 (0) 2 : 0.05730131361208726237 0.00000000099999999971 0.00000000099999999971 0.00000000099999999971 0.00000000099999999971 0.94269868138791268475 0.00000000099999999971
22 22 (0) 2 : 0.21321552470599902662 0.00000000099999999986 0.00000000099999999986 0.00000000099999999986 0.00000000099999999986 0.78678447029400089274 0.00000000099999999986
23 23 (0) 1 : 0.02638731722445568015 0.11439652630445218406 0.10776885632138862026 0.53460084746991543003 0.21684417410639961199 0.00000000099999999999 0.00000227757338835285
24 24 (0) 1 : 0.00000000099999999992 0.99999999400000016969 0.00000000099999999992 0.00000000099999999992 0.00000000099999999992 0.00000000099999999992 0.00000000099999999992
25 25 (0) 1 : 0.00000000099999999996 0.00000000099999999996 0.00000000099999999996 0.00000000099999999996 0.00000000099999999996 0.00000000099999999996 0.99999999399999994765
26 26 (0) 1 : 0.00000000099999999988 0.00000000099999999988 0.05754784315914004966 0.36559596851218040259 0.57685618432867957761 0.00000000099999999988 0.00000000099999999988
27 27 (0) 2 : 0.99999999400000005867 0.00000000099999999924 0.00000000099999999924 0.00000000099999999924 0.00000000099999999924 0.00000000099999999924 0.00000000099999999924
28 28 (0) 2 : 0.00000000099999999966 0.00000000099999999966 0.00000000099999999966 0.00000000099999999966 0.00000000099999999966 0.99999999399999994765 0.00000000099999999966
29 29 (0) 2 : 0.16184512510871071345 0.00000000099999999971 0.00000000099999999971 0.00000000099999999971 0.00000000099999999971 0.83815486989128928919 0.00000000099999999971
30 30 (0) 2 : 0.00000000099999999987 0.00000000099999999987 0.00000000099999999987 0.00000000099999999987 0.00000000099999999987 0.99999999399999994765 0.00000000099999999987
31 31 (0) 2 : 0.00002173609735332207 0.00000000099999999998 0.00000000099999999998 0.05765530561635674039 0.00000000099999999998 0.94232295428628987111 0.00000000099999999998
32 32 (0) 2 : 0.13565498800344680252 0.00000000099999999999 0.00000000099999999999 0.00000000099999999999 0.00000000099999999999 0.72706080491135482990 0.13728420308519845294
33 33 (0) 2 : 0.08777889255353631126 0.00000000099999999971 0.00000000099999999971 0.00000000099999999971 0.00000000099999999971 0.91222110244646359423 0.00000000099999999971
34 34 (0) 1 : 0.00000000099999999987 0.00000000099999999987 0.00000000099999999987 0.00000000099999999987 0.99999999399999994765 0.00000000099999999987 0.00000000099999999987
35 35 (0) 2 : 0.01336089425945535814 0.00000000099999999980 0.00000000099999999980 0.00000000099999999980 0.00000000099999999980 0.98663910074054461674 0.00000000099999999980
36 36 (0) 2 : 0.03437017362705613310 0.00000000099999999976 0.00000000099999999976 0.00000000099999999976 0.00000000099999999976 0.96562982137294384177 0.00000000099999999976
37 37 (0) 2 : 0.20381005794760759242 0.00000000099999999987 0.00000000099999999987 0.00000000099999999987 0.00000000099999999987 0.79618993705239249348 0.00000000099999999987
38 38 (0) 2 : 0.00000000099999999984 0.00000000099999999984 0.00000000099999999984 0.00000000099999999984 0.00000000099999999984 0.99999999400000005867 0.00000000099999999984
39 39 (0) 2 : 0.00000000099999999991 0.30463465680514972833 0.03801884372364369713 0.36798622786294094000 0.28936026860826558060 0.00000000099999999991 0.00000000099999999991
40 40 (0) 2 : 0.00000000099999999989 0.41991264394791016912 0.05371697674640741466 0.52637037530568242527 0.00000000099999999989 0.00000000099999999989 0.00000000099999999989
41 41 (0) 2 : 0.00000000099999999990 0.60496191861664960765 0.00375413194969734633 0.39128394543365307978 0.00000000099999999990 0.00000000099999999990 0.00000000099999999990
42 42 (0) 2 : 0.00000000099999999992 0.00000000099999999992 0.07849081791663163610 0.40059059023677495714 0.52091858784659339499 0.00000000099999999992 0.00000000099999999992
43 43 (0) 2 : 0.00000000099999999992 0.21749609399681663069 0.11716230735728519474 0.32336817951845603369 0.34197341612744225348 0.00000000099999999992 0.00000000099999999992
44 44 (0) 2 : 0.00000000099999999969 0.00000000099999999969 0.00000000099999999969 0.00000000099999999969 0.00000000099999999969 0.99999999400000005867 0.00000000099999999969
45 45 (0) 2 : 0.02758178575615262071 0.00000000099999999997 0.05039106176914282670 0.00000000099999999997 0.00000000099999999997 0.92202714847470457205 0.00000000099999999997
46 46 (0) 2 : 0.00000000099999999984 0.00000000099999999984 0.00000000099999999984 0.00000000099999999984 0.00000000099999999984 0.99999999399999994765 0.00000000099999999984
47 47 (0) 2 : 0.00000000099999999993 0.46105711283835010272 0.10858381829491563220 0.43035906486673414229 0.00000000099999999993 0.00000000099999999993 0.00000000099999999993
48 48 (0) 2 : 0.05598984231873395390 0.00000000099999999974 0.00000000099999999974 0.00000000099999999974 0.00000000099999999974 0.94401015268126609037 0.00000000099999999974
49 49 (0) 1 : 0.00000000099999999994 0.00000015942329443263 0.00000000099999999994 0.98939756104476073162 0.00000000099999999994 0.00000000099999999994 0.01060227553194485924
50 50 (0) 1 : 0.00000000099999999987 0.00000000099999999987 0.00000165648680513431 0.99999833851319497313 0.00000000099999999987 0.00000000099999999987 0.00000000099999999987
51 51 (0) 1 : 0.00000000099999999973 0.00000000099999999973 0.99999999399999994765 0.00000000099999999973 0.00000000099999999973 0.00000000099999999973 0.00000000099999999973
52 52 (0) 1 : 0.00000000099999999987 0.24890749897271402524 0.20126205220028789422 0.10795166473132343510 0.44187878109567479967 0.00000000099999999987 0.00000000099999999987
53 53 (0) 1 : 0.00000000099999999987 0.81584986624350874784 0.18415012875649147683 0.00000000099999999987 0.00000000099999999987 0.00000000099999999987 0.00000000099999999987
54 54 (0) 1 : 0.00000000099999999992 0.28471009565238164507 0.10207194123627844062 0.26927810328863360789 0.34158828537405222514 0.00000000099999999992 0.00235157244865404980
55 55 (0) 1 : 0.00000000099999999995 0.07322104578450122636 0.00000000099999999995 0.57641192424538623129 0.35036702597011259996 0.00000000099999999995 0.00000000099999999995
56 56 (0) 3 : 0.19093885015011805018 0.00000000099999999976 0.00000000099999999976 0.00000000099999999976 0.00000000099999999976 0.80906114484988200797 0.00000000099999999976
57 57 (0) 3 : 0.05240720792981844178 0.00000000099999999967 0.00000000099999999967 0.00000000099999999967 0.00000000099999999967 0.94759278707018168575 0.00000000099999999967
58 58 (0) 3 : 0.00000000099999999973 0.00000000099999999973 0.00000000099999999973 0.00000000099999999973 0.00000000099999999973 0.99999999399999994765 0.00000000099999999973
59 59 (0) 3 : 0.09057246584430186931 0.00000000099999999978 0.00000000099999999978 0.00000000099999999978 0.00000000099999999978 0.90942752915569813332 0.00000000099999999978
60 60 (0) 3 : 0.14898296106691877316 0.00000000099999999980 0.00000000099999999980 0.00000000099999999980 0.00000000099999999980 0.85101703393308114620 0.00000000099999999980
61 61 (0) 3 : 0.00000000099999999998 0.00000000099999999998 0.00000000099999999998 0.00000000099999999998 0.00000000099999999998 0.99999999400000005867 0.00000000099999999998
62 62 (0) 3 : 0.00000000099999999977 0.00000000099999999977 0.00000000099999999977 0.00000000099999999977 0.00000000099999999977 0.99999999400000005867 0.00000000099999999977
63 63 (0) 4 : 0.00000000099999999978 0.00000000099999999978 0.00000000099999999978 0.00000000099999999978 0.00000000099999999978 0.00000000099999999978 0.99999999399999994765
64 64 (0) 4 : 0.00000000099999999991 0.21199178236281848720 0.05186097615518608234 0.55704320922476491251 0.17910402925723037382 0.00000000099999999991 0.00000000099999999991
65 65 (0) 4 : 0.00000000099999999988 0.63381274781294727472 0.36618724718705275567 0.00000000099999999988 0.00000000099999999988 0.00000000099999999988 0.00000000099999999988
66 66 (0) 3 : 0.00000000099999999973 0.00000000099999999973 0.00000000099999999973 0.00000000099999999973 0.00000000099999999973 0.99999999399999994765 0.00000000099999999973
67 67 (0) 3 : 0.04348856139742355437 0.00000000099999999982 0.00000000099999999982 0.00000000099999999982 0.00000000099999999982 0.95651143360257651072 0.00000000099999999982
68 68 (0) 3 : 0.99999999400000016969 0.00000000099999999925 0.00000000099999999925 0.00000000099999999925 0.00000000099999999925 0.00000000099999999925 0.00000000099999999925
69 69 (0) 3 : 0.17362549693737969192 0.00000000099999999977 0.00000000099999999977 0.00000000099999999977 0.00000000099999999977 0.82637449806262031071 0.00000000099999999977
70 70 (0) 3 : 0.00000000099999999969 0.00000000099999999969 0.00000000099999999969 0.00000000099999999969 0.00000000099999999969 0.99999999399999994765 0.00000000099999999969
71 71 (0) 3 : 0.18187024013920394250 0.00000000099999999977 0.00000000099999999977 0.00000000099999999977 0.00000000099999999977 0.81812975486079597687 0.00000000099999999977
72 72 (0) 4 : 0.00000000099999999992 0.00000000099999999992 0.00000000099999999992 0.00000000099999999992 0.99999999399999994765 0.00000000099999999992 0.00000000099999999992
73 73 (0) 4 : 0.00670808663046879288 0.28158801939695926597 0.00000000099999999999 0.45582527670681982634 0.20606141452230042344 0.04981720074345155624 0.00000000099999999999
74 74 (0) 4 : 0.00000000099999999987 0.00000000099999999987 0.00000000099999999987 0.99999999400000005867 0.00000000099999999987 0.00000000099999999987 0.00000000099999999987
75 75 (0) 4 : 0.00000000099999999985 0.99999999400000005867 0.00000000099999999985 0.00000000099999999985 0.00000000099999999985 0.00000000099999999985 0.00000000099999999985
76 76 (0) 4 : 0.00000000099999999985 0.00000000099999999985 0.00000000099999999985 0.99999999399999994765 0.00000000099999999985 0.00000000099999999985 0.00000000099999999985
77 77 (0) 4 : 0.00000000099999999988 0.45659364094057475203 0.09608582898500916958 0.44732052607441596948 0.00000000099999999988 0.00000000099999999988 0.00000000099999999988
78 78 (0) 4 : 0.00000000099999999988 0.00000000099999999988 0.08087236506362451005 0.56150543859771706590 0.35762219233865844004 0.00000000099999999988 0.00000000099999999988
79 79 (0) 3 : 0.00000000099999999985 0.75481894286046169462 0.24518105213953836352 0.00000000099999999985 0.00000000099999999985 0.00000000099999999985 0.00000000099999999985
80 80 (0) 3 : 0.02588853901821867171 0.00000000099999999982 0.00000000099999999982 0.00000000099999999982 0.00000000099999999982 0.97411145598178128235 0.00000000099999999982
81 81 (0) 3 : 0.00000000099999999995 0.00000000099999999995 0.00000000099999999995 0.00000000099999999995 0.00000000099999999995 0.99334997622817311491 0.00665001877182699614
82 82 (0) 3 : 0.06772628215393274032 0.00000000099999999974 0.00000000099999999974 0.00000000099999999974 0.00000000099999999974 0.93227371284606730395 0.00000000099999999974
83 83 (0) 3 : 0.00000000099999999987 0.00000000099999999987 0.00000000099999999987 0.99999999399999994765 0.00000000099999999987 0.00000000099999999987 0.00000000099999999987
84 84 (0) 3 : 0.00000000099999999964 0.00000000099999999964 0.99999999400000005867 0.00000000099999999964 0.00000000099999999964 0.00000000099999999964 0.00000000099999999964
85 85 (0) 3 : 0.00000000099999999970 0.00000000099999999970 0.00000000099999999970 0.00000000099999999970 0.00000000099999999970 0.99999999399999994765 0.00000000099999999970
86 86 (0) 3 : 0.00000000099999999977 0.00000000099999999977 0.00000000099999999977 0.00000000099999999977 0.00000000099999999977 0.99999999400000005867 0.00000000099999999977
87 87 (0) 3 : 0.07740158939307348329 0.00000000099999999995 0.06593273252563046360 0.00000000099999999995 0.00000000099999999995 0.85666567408129590255 0.00000000099999999995
88 88 (0) 3 : 0.00000000099999999972 0.00000000099999999972 0.00000000099999999972 0.00000000099999999972 0.00000000099999999972 0.99999999399999994765 0.00000000099999999972
89 89 (0) 4 : 0.00000000099999999995 0.00000000099999999995 0.00000000099999999995 0.00000000099999999995 0.99999999399999994765 0.00000000099999999995 0.00000000099999999995
90 90 (0) 3 : 0.00000000099999999976 0.00000000099999999976 0.00000000099999999976 0.00000000099999999976 0.00000000099999999976 0.99999999399999994765 0.00000000099999999976
91 91 (0) 3 : 0.03198228018344597551 0.00000000099999999980 0.00000000099999999980 0.00000000099999999980 0.00000000099999999980 0.96801771481655407570 0.00000000099999999980
92 92 (0) 3 : 0.24606323659929454917 0.00000000099999999971 0.00000000099999999971 0.00000000099999999971 0.00000000099999999971 0.75393675840070539795 0.00000000099999999971
93 93 (0) 3 : 0.07930199236396569262 0.00000000099999999992 0.00000000099999999992 0.00000000099999999992 0.00000000099999999992 0.92069800263603429613 0.00000000099999999992
94 94 (0) 3 : 0.00000000099999999998 0.12575830980290417238 0.06745642453538955308 0.00000000099999999998 0.00000000099999999998 0.80678526166170616563 0.00000000099999999998
95 95 (0) 4 : 0.00928144704108765754 0.31950493169115157244 0.00000000100000000000 0.41228349929170310384 0.14790472263114162743 0.10835378502145552593 0.00267161332346051248
96 96 (0) 4 : 0.00000000099999999986 0.00000000099999999986 0.00000000099999999986 0.99999999399999994765 0.00000000099999999986 0.00000000099999999986 0.00000000099999999986
97 97 (0) 4 : 0.00000000099999999993 0.00000000099999999993 0.15552240114539389593 0.84447759385460618997 0.00000000099999999993 0.00000000099999999993 0.00000000099999999993
98 98 (0) 4 : 0.00000000099999999995 0.99999999400000016969 0.00000000099999999995 0.00000000099999999995 0.00000000099999999995 0.00000000099999999995 0.00000000099999999995
99 99 (0) 4 : 0.00000000099999999995 0.33652098198769742066 0.29192150401299266083 0.00000128618465833340 0.35593306984178674224 0.00000000099999999995 0.01562315597286487862
100 100 (0) 4 : 0.00000000099999999982 0.99999999400000016969 0.00000000099999999982 0.00000000099999999982 0.00000000099999999982 0.00000000099999999982 0.00000000099999999982
101 101 (0) 4 : 0.00000000099999999983 0.99999999400000005867 0.00000000099999999983 0.00000000099999999983 0.00000000099999999983 0.00000000099999999983 0.00000000099999999983
102 102 (0) 4 : 0.00000000099999999983 0.00000000099999999983 0.00000000099999999983 0.99999999400000005867 0.00000000099999999983 0.00000000099999999983 0.00000000099999999983
103 103 (0) 4 : 0.00000000099999999968 0.00000000099999999968 0.00000000099999999968 0.00000000099999999968 0.00000000099999999968 0.00000000099999999968 0.99999999400000005867
104 104 (0) 4 : 0.00000000099999999991 0.00000000099999999991 0.00000000099999999991 0.00000000099999999991 0.99999999399999994765 0.00000000099999999991 0.00000000099999999991
105 105 (0) 4 : 0.00000000099999999994 0.00000000099999999994 0.00000000099999999994 0.99400567429439679046 0.00000000099999999994 0.00000000099999999994 0.00599432070560323646
106 106 (0) 4 : 0.00000000099999999997 0.00000000336172069006 0.00000000148821388500 0.00000000099999999997 0.99999999115006532602 0.00000000099999999997 0.00000000099999999997
107 107 (0) 4 : 0.00000000099999999998 0.34899263917127082424 0.00003162964022754913 0.60463801046197429567 0.00000345764382877571 0.00000000099999999998 0.04633426108269858568
108 108 (0) 4 : 0.00000000099999999962 0.00000000099999999962 0.99999999399999994765 0.00000000099999999962 0.00000000099999999962 0.00000000099999999962 0.00000000099999999962
109 109 (0) 4 : 0.00000000099999999988 0.62696662123190116667 0.00000000099999999988 0.37303325794298319851 0.00000011682511580849 0.00000000099999999988 0.00000000099999999988
110 110 (0) 4 : 0.00000000099999999994 0.29148832850561995356 0.08491603768510591621 0.12962270869638603532 0.40017978875987891829 0.00000000099999999994 0.09379313435300914992
111 111 (0) 4 : 0.00000000099999999971 0.00000000099999999971 0.00000000099999999971 0.00000000099999999971 0.00000000099999999971 0.00000000099999999971 0.99999999399999994765
112 112 (0) 4 : 0.00000000099999999983 0.00000000099999999983 0.00000000099999999983 0.00000000099999999983 0.00000000099999999983 0.00000000099999999983 0.99999999400000005867
113 113 (0) 4 : 0.03886030387844029155 0.00000000099999999975 0.00000000099999999975 0.00000000099999999975 0.00000000099999999975 0.96113969112155972496 0.00000000099999999975
114 114 (0) 4 : 0.00000000099999999995 0.00000000099999999995 0.10341582458456360927 0.29577029203880100816 0.60081387937663532917 0.00000000099999999995 0.00000000099999999995
115 115 (0) 4 : 0.00000000099999999980 0.00000000099999999980 0.00000000099999999980 0.00000000099999999980 0.99999999400000005867 0.00000000099999999980 0.00000000099999999980
116 116 (0) 4 : 0.00000000099999999982 0.00000000099999999982 0.00000000099999999982 0.00000000099999999982 0.99999999400000005867 0.00000000099999999982 0.00000000099999999982
1 1 (0) 1 : 0.06406828424423743895 0.11988201564045623815 0.13340856357526359455 0.52984426462012723658 0.00000000099999999996 0.00000000099999999996 0.15279686991991558997
2 2 (0) 1 : 0.07400461015066814308 0.00000000099999999996 0.00000000099999999996 0.92599538484933185956 0.00000000099999999996 0.00000000099999999996 0.00000000099999999996
3 3 (0) 1 : 0.99999999400000005867 0.00000000099999999973 0.00000000099999999973 0.00000000099999999973 0.00000000099999999973 0.00000000099999999973 0.00000000099999999973
4 4 (0) 1 : 0.02747727004767793607 0.00000000099999999992 0.43556353647607437551 0.53695918947624765583 0.00000000099999999992 0.00000000099999999992 0.00000000099999999992
5 5 (0) 1 : 0.00000000099999999984 0.00000000099999999984 0.99999999400000005867 0.00000000099999999984 0.00000000099999999984 0.00000000099999999984 0.00000000099999999984
6 6 (0) 1 : 0.20383165631033339782 0.05169043994879698317 0.25619708227165011172 0.35680356363598808578 0.00000000099999999991 0.00000000099999999991 0.13147725583323138787
7 7 (0) 1 : 0.00000000099999999987 0.00838270774070282512 0.40471908902065711899 0.21968141472141228254 0.00000000099999999987 0.00000000099999999987 0.36721678551722775063
8 8 (0) 1 : 0.00000000099999999984 0.00000000099999999984 0.00000000099999999984 0.99999999400000005867 0.00000000099999999984 0.00000000099999999984 0.00000000099999999984
9 9 (0) 1 : 0.99999999400000005867 0.00000000099999999971 0.00000000099999999971 0.00000000099999999971 0.00000000099999999971 0.00000000099999999971 0.00000000099999999971
10 10 (0) 1 : 0.03905790719863921900 0.09214611521271783012 0.00000000099999999991 0.44415890634958432592 0.00000000099999999991 0.00000000099999999991 0.42463706823905872367
11 11 (0) 1 : 0.00000000099999999995 0.08947877928137919212 0.27484756385815528601 0.32145638551331856547 0.00000000099999999995 0.00000000099999999995 0.31421726834714697185
12 12 (0) 1 : 0.00000000099999999984 0.00000000099999999984 0.00000000099999999984 0.99999999399999994765 0.00000000099999999984 0.00000000099999999984 0.00000000099999999984
13 13 (0) 1 : 0.00000000099999999991 0.00000000099999999991 0.23067104901127466476 0.34275351517551716496 0.00000000099999999991 0.00000000099999999991 0.42657543181320822789
14 14 (0) 1 : 0.00000000099999999989 0.20447670522750402422 0.44303512676248552049 0.20655018742148364974 0.00000000099999999989 0.00000000099999999989 0.14593797758852691815
15 15 (0) 2 : 0.00000000099999999983 0.00000000099999999983 0.00000000099999999983 0.99999999399999994765 0.00000000099999999983 0.00000000099999999983 0.00000000099999999983
16 16 (0) 2 : 0.00000000099999999977 0.00000000099999999977 0.00000000099999999977 0.00000000099999999977 0.15794455047969485628 0.84205544452030522962 0.00000000099999999977
17 17 (0) 2 : 0.00000000099999999990 0.00000000099999999990 0.00000000099999999990 0.00000000099999999990 0.24429992201747544045 0.75570007298252439565 0.00000000099999999990
18 18 (0) 2 : 0.00000000099999999970 0.00000000099999999970 0.00000000099999999970 0.00000000099999999970 0.15178964385220375388 0.84821035114779619324 0.00000000099999999970
19 19 (0) 2 : 0.00000000099999999971 0.00000000099999999971 0.00000000099999999971 0.00000000099999999971 0.48325526015750536191 0.51674473484249450195 0.00000000099999999971
20 20 (0) 2 : 0.00000000099999999999 0.00000000099999999999 0.00000000099999999999 0.00000000099999999999 0.25242974564892267653 0.73667549672715448850 0.01089475362392275035
21 21 (0) 2 : 0.00000000099999999969 0.00000000099999999969 0.00000000099999999969 0.00000000099999999969 0.53800437020579017222 0.46199562479420980265 0.00000000099999999969
22 22 (0) 2 : 0.00000000099999999993 0.00000000099999999993 0.00000000099999999993 0.00000000099999999993 0.26258478793453704503 0.73741520706546281883 0.00000000099999999993
23 23 (0) 1 : 0.00000000099999999999 0.02620043861468579829 0.14156193977805406337 0.58888682264292413482 0.01204506542295538316 0.00000000099999999999 0.23130573154138062142
24 24 (0) 1 : 0.00000000099999999985 0.00000000099999999985 0.00000000099999999985 0.00000000099999999985 0.00000000099999999985 0.00000000099999999985 0.99999999399999994765
25 25 (0) 1 : 0.99999999400000005867 0.00000000099999999996 0.00000000099999999996 0.00000000099999999996 0.00000000099999999996 0.00000000099999999996 0.00000000099999999996
26 26 (0) 1 : 0.00000000099999999990 0.09157721518449292442 0.41015845881623619329 0.49826432199927089828 0.00000000099999999990 0.00000000099999999990 0.00000000099999999990
27 27 (0) 2 : 0.00000000099999999953 0.00000000099999999953 0.00000000099999999953 0.00000000099999999953 0.99999999399999994765 0.00000000099999999953 0.00000000099999999953
28 28 (0) 2 : 0.00000000099999999964 0.00000000099999999964 0.00000000099999999964 0.00000000099999999964 0.00000000099999999964 0.99999999400000005867 0.00000000099999999964
29 29 (0) 2 : 0.00000000099999999959 0.00000000099999999959 0.00000000099999999959 0.00000000099999999959 0.99999999399999994765 0.00000000099999999959 0.00000000099999999959
30 30 (0) 2 : 0.00000000099999999983 0.00000000099999999983 0.00000000099999999983 0.00000000099999999983 0.00000000099999999983 0.99999999400000005867 0.00000000099999999983
31 31 (0) 2 : 0.00000000099999999997 0.00000000099999999997 0.06095621483167526500 0.00000000099999999997 0.00000045934058511006 0.93904332182773952997 0.00000000099999999997
32 32 (0) 2 : 0.14066044740787336798 0.00000000099999999999 0.00000000099999999999 0.00000000099999999999 0.14835236136133192475 0.71098718723079479265 0.00000000099999999999
33 33 (0) 2 : 0.00000000099999999970 0.00000000099999999970 0.00000000099999999970 0.00000000099999999970 0.37417678434280865485 0.62582321065719126452 0.00000000099999999970
34 34 (0) 1 : 0.00000000099999999986 0.00000000099999999986 0.99999999399999994765 0.00000000099999999986 0.00000000099999999986 0.00000000099999999986 0.00000000099999999986
35 35 (0) 2 : 0.00000000099999999980 0.00000000099999999980 0.00000000099999999980 0.00000000099999999980 0.15323429409690095260 0.84676570090309888350 0.00000000099999999980
36 36 (0) 2 : 0.00000000099999999975 0.00000000099999999975 0.00000000099999999975 0.00000000099999999975 0.39748922851551843349 0.60251076648448154138 0.00000000099999999975
37 37 (0) 2 : 0.00000000099999999990 0.00000000099999999990 0.00000000099999999990 0.00000000099999999990 0.45477107052534404552 0.54522892447465587384 0.00000000099999999990
38 38 (0) 2 : 0.00000000099999999980 0.00000000099999999980 0.00000000099999999980 0.00000000099999999980 0.00000000099999999980 0.99999999400000005867 0.00000000099999999980
39 39 (0) 2 : 0.00000000099999999987 0.00000000099999999987 0.50706138253292343254 0.00000000099999999987 0.00000000099999999987 0.00000000099999999987 0.49293861246707659785
40 40 (0) 2 : 0.00000000099999999990 0.34997200982243914513 0.00000000099999999990 0.48108033892502932716 0.00000000099999999990 0.00000000099999999990 0.16894764725253164084
41 41 (0) 2 : 0.00000000099999999982 0.00000000099999999982 0.00000000099999999982 0.00000000099999999982 0.00000000099999999982 0.00000000099999999982 0.99999999399999994765
42 42 (0) 2 : 0.00710705957254811806 0.14351859059137342389 0.31238536533710264953 0.53698898149897589249 0.00000000099999999993 0.00000000099999999993 0.00000000099999999993
43 43 (0) 2 : 0.00000000099999999992 0.20439886785910033051 0.21139148990886558188 0.43445710714945312558 0.00000000099999999992 0.00000000099999999992 0.14975253208258104687
44 44 (0) 2 : 0.00000000099999999965 0.00000000099999999965 0.00000000099999999965 0.00000000099999999965 0.00000000099999999965 0.99999999400000005867 0.00000000099999999965
45 45 (0) 2 : 0.00000000099999999997 0.05128356552958008435 0.00000000099999999997 0.00000000099999999997 0.25072388090261804594 0.69799254956780187875 0.00000000099999999997
46 46 (0) 2 : 0.00000000099999999980 0.00000000099999999980 0.00000000099999999980 0.00000000099999999980 0.00000000099999999980 0.99999999399999994765 0.00000000099999999980
47 47 (0) 2 : 0.00000000099999999993 0.25295537075043378339 0.14433098353110665468 0.23398549866263024244 0.00000000099999999993 0.00000000099999999993 0.36872814405582948760
48 48 (0) 2 : 0.00000000099999999974 0.00000000099999999974 0.00000000099999999974 0.00000000099999999974 0.25857296702073750971 0.74142702797926240965 0.00000000099999999974
49 49 (0) 1 : 0.00000000099999999987 0.00000000099999999987 0.00000000099999999987 0.00000000099999999987 0.00000000099999999987 0.00000000099999999987 0.99999999399999994765
50 50 (0) 1 : 0.00000000099999999989 0.09316073779243608244 0.49625847776347858931 0.41058078044408524709 0.00000000099999999989 0.00000000099999999989 0.00000000099999999989
51 51 (0) 1 : 0.00000000099999999988 0.38107870231935286887 0.00000000099999999988 0.61892129268064699499 0.00000000099999999988 0.00000000099999999988 0.00000000099999999988
52 52 (0) 1 : 0.00000000099999999988 0.28773973952840342649 0.19437949077822971877 0.51788076569336682908 0.00000000099999999988 0.00000000099999999988 0.00000000099999999988
53 53 (0) 1 : 0.00000000099999999979 0.99999999400000005867 0.00000000099999999979 0.00000000099999999979 0.00000000099999999979 0.00000000099999999979 0.00000000099999999979
54 54 (0) 1 : 0.00000000099999999986 0.00000000099999999986 0.00000000099999999986 0.99999999400000005867 0.00000000099999999986 0.00000000099999999986 0.00000000099999999986
55 55 (0) 1 : 0.00195536068308224675 0.06528507003814554288 0.47080099477987463752 0.46184954407286576972 0.00000000099999999995 0.00000000099999999995 0.00010902842603184698
56 56 (0) 3 : 0.00000000099999999966 0.00000000099999999966 0.00000000099999999966 0.00000000099999999966 0.99999999400000005867 0.00000000099999999966 0.00000000099999999966
57 57 (0) 3 : 0.00000000099999999966 0.00000000099999999966 0.00000000099999999966 0.00000000099999999966 0.14272008504138986029 0.85727990995861003132 0.00000000099999999966
58 58 (0) 3 : 0.00000000099999999970 0.00000000099999999970 0.00000000099999999970 0.00000000099999999970 0.00000000099999999970 0.99999999399999994765 0.00000000099999999970
59 59 (0) 3 : 0.00000000099999999977 0.00000000099999999977 0.00000000099999999977 0.00000000099999999977 0.26504268835839023266 0.73495730664160963119 0.00000000099999999977
60 60 (0) 3 : 0.00000000099999999979 0.00000000099999999979 0.00000000099999999979 0.00000000099999999979 0.49123780453111220989 0.50876219046888782049 0.00000000099999999979
61 61 (0) 3 : 0.00000000099999999996 0.00000000099999999996 0.00000000099999999996 0.00000000099999999996 0.00000000099999999996 0.99999999400000005867 0.00000000099999999996
62 62 (0) 3 : 0.00000000099999999975 0.00000000099999999975 0.00000000099999999975 0.00000000099999999975 0.00000000099999999975 0.99999999400000005867 0.00000000099999999975
63 63 (0) 4 : 0.99999999400000005867 0.00000000099999999978 0.00000000099999999978 0.00000000099999999978 0.00000000099999999978 0.00000000099999999978 0.00000000099999999978
64 64 (0) 4 : 0.00000000099999999990 0.08503759369000152279 0.18397465742457722038 0.73098774488542117567 0.00000000099999999990 0.00000000099999999990 0.00000000099999999990
65 65 (0) 4 : 0.00000000099999999981 0.99999999400000016969 0.00000000099999999981 0.00000000099999999981 0.00000000099999999981 0.00000000099999999981 0.00000000099999999981
66 66 (0) 3 : 0.00000000099999999974 0.00000000099999999974 0.00000000099999999974 0.00000000099999999974 0.16342069927804278584 0.83657929572195721679 0.00000000099999999974
67 67 (0) 3 : 0.00000000099999999982 0.00000000099999999982 0.00000000099999999982 0.00000000099999999982 0.27029016829756685736 0.72970982670243300650 0.00000000099999999982
68 68 (0) 3 : 0.00000000099999999949 0.00000000099999999949 0.00000000099999999949 0.00000000099999999949 0.99999999400000005867 0.00000000099999999949 0.00000000099999999949
69 69 (0) 3 : 0.00000000099999999977 0.00000000099999999977 0.00000000099999999977 0.00000000099999999977 0.52279639783524278762 0.47720359716475718725 0.00000000099999999977
70 70 (0) 3 : 0.00000000099999999968 0.00000000099999999968 0.00000000099999999968 0.00000000099999999968 0.00000000099999999968 0.99999999399999994765 0.00000000099999999968
71 71 (0) 3 : 0.00000000099999999979 0.00000000099999999979 0.00000000099999999979 0.00000000099999999979 0.42786573088015783517 0.57213426411984213971 0.00000000099999999979
72 72 (0) 4 : 0.03145585418759187790 0.00000000099999999998 0.48741434898323265923 0.48112979282917556212 0.00000000099999999998 0.00000000099999999998 0.00000000099999999998
73 73 (0) 4 : 0.00000000099999999999 0.00000000099999999999 0.16964942231763394109 0.31957112322781022762 0.00000132201585396434 0.03391577463136087600 0.47686235580734104289
74 74 (0) 4 : 0.00000000099999999986 0.00000000099999999986 0.00000000099999999986 0.99999999400000005867 0.00000000099999999986 0.00000000099999999986 0.00000000099999999986
75 75 (0) 4 : 0.00000000099999999988 0.28763214198722758530 0.00000000099999999988 0.00000000099999999988 0.00000000099999999988 0.00000000099999999988 0.71236785301277227855
76 76 (0) 4 : 0.00000000099999999983 0.00000000099999999983 0.99999999399999994765 0.00000000099999999983 0.00000000099999999983 0.00000000099999999983 0.00000000099999999983
77 77 (0) 4 : 0.00000000099999999987 0.17522418461131988865 0.00000000099999999987 0.34422008293979189375 0.00000000099999999987 0.00000000099999999987 0.48055572844888827522
78 78 (0) 4 : 0.00000000099999999988 0.04531189076038334707 0.40981081920053802348 0.54487728603907858993 0.00000000099999999988 0.00000000099999999988 0.00000000099999999988
79 79 (0) 3 : 0.00000000099999999978 0.99999999400000016969 0.00000000099999999978 0.00000000099999999978 0.00000000099999999978 0.00000000099999999978 0.00000000099999999978
80 80 (0) 3 : 0.00000000099999999971 0.00000000099999999971 0.00000000099999999971 0.00000000099999999971 0.99999999400000005867 0.00000000099999999971 0.00000000099999999971
81 81 (0) 3 : 0.00000000099999999988 0.00000000099999999988 0.00000000099999999988 0.00000000099999999988 0.00000000099999999988 0.99999999400000005867 0.00000000099999999988
82 82 (0) 3 : 0.00000000099999999973 0.00000000099999999973 0.00000000099999999973 0.00000000099999999973 0.49184157176939036216 0.50815842323060944619 0.00000000099999999973
83 83 (0) 3 : 0.00000000099999999989 0.00000000099999999989 0.48968368357828873094 0.51031631142171118842 0.00000000099999999989 0.00000000099999999989 0.00000000099999999989
84 84 (0) 3 : 0.00000000099999999973 0.99999999400000005867 0.00000000099999999973 0.00000000099999999973 0.00000000099999999973 0.00000000099999999973 0.00000000099999999973
85 85 (0) 3 : 0.00000000099999999968 0.00000000099999999968 0.00000000099999999968 0.00000000099999999968 0.00000000099999999968 0.99999999399999994765 0.00000000099999999968
86 86 (0) 3 : 0.00000000099999999979 0.00000000099999999979 0.00000000099999999979 0.00000000099999999979 0.18524743320976078120 0.81475256179023913816 0.00000000099999999979
87 87 (0) 3 : 0.00000000099999999997 0.05829619307429719649 0.00000000099999999997 0.00000000099999999997 0.17530041356492526150 0.76640338936077734289 0.00000000099999999997
88 88 (0) 3 : 0.00000000099999999972 0.00000000099999999972 0.00000000099999999972 0.00000000099999999972 0.37935650698814310511 0.62064348801185686977 0.00000000099999999972
89 89 (0) 4 : 0.00000000099999999990 0.00000000099999999990 0.00000000099999999990 0.00000000099999999990 0.00000000099999999990 0.00000000099999999990 0.99999999400000005867
90 90 (0) 3 : 0.00000000099999999976 0.00000000099999999976 0.00000000099999999976 0.00000000099999999976 0.08926162042674287700 0.91073837457325712563 0.00000000099999999976
91 91 (0) 3 : 0.00000000099999999975 0.00000000099999999975 0.00000000099999999975 0.00000000099999999975 0.00000000099999999975 0.99999999399999994765 0.00000000099999999975
92 92 (0) 3 : 0.00000000099999999963 0.00000000099999999963 0.00000000099999999963 0.00000000099999999963 0.99999999400000005867 0.00000000099999999963 0.00000000099999999963
93 93 (0) 3 : 0.00000000099999999986 0.00000000099999999986 0.00000000099999999986 0.00000000099999999986 0.52886834079425304456 0.47113165420574693032 0.00000000099999999986
94 94 (0) 3 : 0.00000000099999999996 0.19506004738551063760 0.00000000099999999996 0.00000000099999999996 0.02971513747391316129 0.77522481114057606444 0.00000000099999999996
95 95 (0) 4 : 0.01777099773744612171 0.01657674443388748239 0.11794285525925654601 0.39902295418336097832 0.03841446713613620029 0.07119740211143968378 0.33907457913847316444
96 96 (0) 4 : 0.00000000099999999986 0.00000000099999999986 0.00000000099999999986 0.99999999399999994765 0.00000000099999999986 0.00000000099999999986 0.00000000099999999986
97 97 (0) 4 : 0.00000000099999999990 0.00000000099999999990 0.00000000099999999990 0.99999999400000005867 0.00000000099999999990 0.00000000099999999990 0.00000000099999999990
98 98 (0) 4 : 0.01337473287488501715 0.09285234436042709427 0.35986493791211893178 0.00000000099999999999 0.00000000099999999999 0.00000000099999999999 0.53390798185256882480
99 99 (0) 4 : 0.03691894397457898269 0.22605489938421077789 0.00000000099999999995 0.39739101996272085948 0.00000000099999999995 0.00000000099999999995 0.33963513367848935376
100 100 (0) 4 : 0.00000000099999999979 0.00000000099999999979 0.00000000099999999979 0.00000000099999999979 0.00000000099999999979 0.00000000099999999979 0.99999999400000005867
101 101 (0) 4 : 0.00000000099999999989 0.15096496284555765977 0.00000000099999999989 0.63309232985578278718 0.00000000099999999989 0.00000000099999999989 0.21594270329865961067
102 102 (0) 4 : 0.00000000099999999980 0.00000000099999999980 0.99999999399999994765 0.00000000099999999980 0.00000000099999999980 0.00000000099999999980 0.00000000099999999980
103 103 (0) 4 : 0.99999999400000016969 0.00000000099999999968 0.00000000099999999968 0.00000000099999999968 0.00000000099999999968 0.00000000099999999968 0.00000000099999999968
104 104 (0) 4 : 0.00000000099999999990 0.00000000099999999990 0.99999999399999994765 0.00000000099999999990 0.00000000099999999990 0.00000000099999999990 0.00000000099999999990
105 105 (0) 4 : 0.00000329884554060931 0.00000000099999999995 0.44610365374507726655 0.55389304340938216864 0.00000000099999999995 0.00000000099999999995 0.00000000099999999995
106 106 (0) 4 : 0.00000000099999999996 0.00000000099999999996 0.00000000099999999996 0.00000000099999999996 0.00000000099999999996 0.00000000099999999996 0.99999999400000005867
107 107 (0) 4 : 0.05506096726905468364 0.00000000099999999998 0.33551837270054118978 0.28225260412061614623 0.00000000099999999998 0.00000000099999999998 0.32716805290978817622
108 108 (0) 4 : 0.00000000099999999975 0.99999999400000005867 0.00000000099999999975 0.00000000099999999975 0.00000000099999999975 0.00000000099999999975 0.00000000099999999975
109 109 (0) 4 : 0.00000000099999999989 0.32995852703538491868 0.00000000099999999989 0.67004146796461494517 0.00000000099999999989 0.00000000099999999989 0.00000000099999999989
110 110 (0) 4 : 0.09594370909256666469 0.09570341084338822302 0.28300192162441795141 0.13239361918469957913 0.00000000099999999994 0.00000000099999999994 0.39295733725492781874
111 111 (0) 4 : 0.99999999400000016969 0.00000000099999999971 0.00000000099999999971 0.00000000099999999971 0.00000000099999999971 0.00000000099999999971 0.00000000099999999971
112 112 (0) 4 : 0.99999999400000016969 0.00000000099999999983 0.00000000099999999983 0.00000000099999999983 0.00000000099999999983 0.00000000099999999983 0.00000000099999999983
113 113 (0) 4 : 0.00000000099999999975 0.00000000099999999975 0.00000000099999999975 0.00000000099999999975 0.23386852036236374652 0.76613147463763620060 0.00000000099999999975
114 114 (0) 4 : 0.00171757195223902525 0.12628619245030384133 0.32192564324383576846 0.55007058935362129759 0.00000000099999999997 0.00000000099999999997 0.00000000099999999997
115 115 (0) 4 : 0.00000000099999999987 0.00000000099999999987 0.58610439362639144001 0.41389560137360859038 0.00000000099999999987 0.00000000099999999987 0.00000000099999999987
116 116 (0) 4 : 0.00000000099999999982 0.00000000099999999982 0.99999999400000005867 0.00000000099999999982 0.00000000099999999982 0.00000000099999999982 0.00000000099999999982
