1 1 (0) 1 : 0.00000000099999999994 0.35176705393766044550 0.23377737464571965442 0.26483906821703717682 0.00000000099999999994 0.09394598232156083084 0.05567051787802183849 0.00000000099999999994
2 2 (0) 1 : 0.00000000099999999996 0.52861746176243407103 0.28196893696888075675 0.00004195629036351871 0.00000000099999999996 0.12788019408279777123 0.06149144789552387497 0.00000000099999999996
3 3 (0) 1 : 0.00000000099999999966 0.00000000099999999966 0.00000000099999999966 0.00000000099999999966 0.00000000099999999966 0.00000000099999999966 0.99999999299999997593 0.00000000099999999966
4 4 (0) 1 : 0.00000000099999999987 0.00000000099999999987 0.40379086161119281950 0.59620913238880723917 0.00000000099999999987 0.00000000099999999987 0.00000000099999999987 0.00000000099999999987
5 5 (0) 1 : 0.00000000099999999983 0.00000000099999999983 0.43082359795128383206 0.56917639604871617109 0.00000000099999999983 0.00000000099999999983 0.00000000099999999983 0.00000000099999999983
6 6 (0) 1 : 0.00000000099999999980 0.00000000099999999980 0.00000000099999999980 0.81785003611147200075 0.00000000099999999980 0.00000000099999999980 0.18214995788852797465 0.00000000099999999980
7 7 (0) 1 : 0.00000000099999999972 0.00000000099999999972 0.00000000099999999972 0.99999999300000008695 0.00000000099999999972 0.00000000099999999972 0.00000000099999999972 0.00000000099999999972
8 8 (0) 1 : 0.00000000099999999975 0.00000000099999999975 0.99999999299999997593 0.00000000099999999975 0.00000000099999999975 0.00000000099999999975 0.00000000099999999975 0.00000000099999999975
9 9 (0) 1 : 0.00000000099999999964 0.00000000099999999964 0.00000000099999999964 0.00000000099999999964 0.00000000099999999964 0.00000000099999999964 0.99999999299999986491 0.00000000099999999964
10 10 (0) 1 : 0.00000000099999999980 0.00000000099999999980 0.00000000099999999980 0.00000000099999999980 0.00000000099999999980 0.99999999299999997593 0.00000000099999999980 0.00000000099999999980
11 11 (0) 1 : 0.00000000099999999992 0.31792157012712346509 0.08609033184032655051 0.41610667059420036740 0.00000000099999999992 0.17988142343834970238 0.00000000099999999992 0.00000000099999999992
12 12 (0) 1 : 0.00000000099999999984 0.24232433902973452011 0.14817059199386467538 0.40125482367749631951 0.00000000099999999984 0.20825024129890448710 0.00000000099999999984 0.00000000099999999984
13 13 (0) 1 : 0.00000000099999999986 0.43057084739496231940 0.00000000099999999986 0.56942914660503773927 0.00000000099999999986 0.00000000099999999986 0.00000000099999999986 0.00000000099999999986
14 14 (0) 1 : 0.00000000099999999976 0.99999999300000019797 0.00000000099999999976 0.00000000099999999976 0.00000000099999999976 0.00000000099999999976 0.00000000099999999976 0.00000000099999999976
15 15 (0) 2 : 0.00000000099999999973 0.00000000099999999973 0.00000000099999999973 0.00000000099999999973 0.00000000099999999973 0.99999999299999997593 0.00000000099999999973 0.00000000099999999973
16 16 (0) 2 : 0.00000000099999999971 0.00000000099999999971 0.00000000099999999971 0.00000000099999999971 0.16246989914938336774 0.00000000099999999971 0.00000000099999999971 0.83753009485061657990
17 17 (0) 2 : 0.00000000099999999974 0.00000000099999999974 0.00000000099999999974 0.00000000099999999974 0.00000000099999999974 0.00000000099999999974 0.00000000099999999974 0.99999999299999997593
18 18 (0) 2 : 0.00000000099999999968 0.00000000099999999968 0.00000000099999999968 0.00000000099999999968 0.48152550521018100405 0.00000000099999999968 0.00000000099999999968 0.51847448878981905462
19 19 (0) 2 : 0.82931752559811822145 0.00000000099999999968 0.00000000099999999968 0.00000000099999999968 0.17068246840188186497 0.00000000099999999968 0.00000000099999999968 0.00000000099999999968
20 20 (0) 2 : 0.21456528485129766626 0.00000000099999999998 0.00000000099999999998 0.00000000099999999998 0.41269185950374276395 0.00000000099999999998 0.00000000099999999998 0.37274285064495971120
21 21 (0) 2 : 0.99999999300000008695 0.00000000099999999964 0.00000000099999999964 0.00000000099999999964 0.00000000099999999964 0.00000000099999999964 0.00000000099999999964 0.00000000099999999964
22 22 (0) 2 : 0.00000000099999999974 0.00000000099999999974 0.00000000099999999974 0.00000000099999999974 0.99999999300000008695 0.00000000099999999974 0.00000000099999999974 0.00000000099999999974
23 23 (0) 1 : 0.00000000099999999997 0.42565759787905077527 0.33281767885672297602 0.00000000099999999997 0.02676439819208289647 0.21476032107214340638 0.00000000099999999997 0.00000000099999999997
24 24 (0) 1 : 0.00000000099999999986 0.00000000099999999986 0.00000000099999999986 0.00000000099999999986 0.00000000099999999986 0.99999999299999997593 0.00000000099999999986 0.00000000099999999986
25 25 (0) 1 : 0.00000000099999999995 0.00000000099999999995 0.00000000099999999995 0.00000000099999999995 0.00000000099999999995 0.00000000099999999995 0.99999999299999986491 0.00000000099999999995
26 26 (0) 1 : 0.00000000099999999985 0.43012488112112828853 0.19186095771611849647 0.37801415616275335640 0.00000000099999999985 0.00000000099999999985 0.00000000099999999985 0.00000000099999999985
27 27 (0) 2 : 0.00000000099999999945 0.00000000099999999945 0.00000000099999999945 0.00000000099999999945 0.99999999300000008695 0.00000000099999999945 0.00000000099999999945 0.00000000099999999945
28 28 (0) 2 : 0.00000000099999999956 0.00000000099999999956 0.00000000099999999956 0.00000000099999999956 0.00000000099999999956 0.00000000099999999956 0.00000000099999999956 0.99999999300000008695
29 29 (0) 2 : 0.00000000099999999958 0.00000000099999999958 0.00000000099999999958 0.00000000099999999958 0.99999999300000008695 0.00000000099999999958 0.00000000099999999958 0.00000000099999999958
30 30 (0) 2 : 0.00000598605656865280 0.00000000099999999981 0.00000000099999999981 0.00000000099999999981 0.23726870584985632062 0.00000000099999999981 0.00000000099999999981 0.76272530309357500222
31 31 (0) 2 : 0.99861047112443801499 0.00000000099999999999 0.00138952287556200335 0.00000000099999999999 0.00000000099999999999 0.00000000099999999999 0.00000000099999999999 0.00000000099999999999
32 32 (0) 2 : 0.61361274047383818075 0.00000000099999999999 0.00000000099999999999 0.00000000099999999999 0.24466403060509778200 0.00000000099999999999 0.14016284179774696206 0.00156038312331725488
33 33 (0) 2 : 0.56244124134091666445 0.00000000099999999970 0.00000000099999999970 0.00000000099999999970 0.18605649790903286411 0.00000000099999999970 0.00000000099999999970 0.25150225575005064060
34 34 (0) 1 : 0.00000000099999999983 0.99999999300000019797 0.00000000099999999983 0.00000000099999999983 0.00000000099999999983 0.00000000099999999983 0.00000000099999999983 0.00000000099999999983
35 35 (0) 2 : 0.57023403309088627200 0.00000000099999999978 0.00000000099999999978 0.00000000099999999978 0.07608455244323696076 0.00000000099999999978 0.00000000099999999978 0.35368140946587706130
36 36 (0) 2 : 0.52954760044458204504 0.00000000099999999976 0.00000000099999999976 0.00000000099999999976 0.24483512532827958474 0.00000000099999999976 0.00000000099999999976 0.22561726922713842836
37 37 (0) 2 : 0.38045325845410571386 0.00000000099999999987 0.00000000099999999987 0.00000000099999999987 0.44390511787030101365 0.00000000099999999987 0.00000000099999999987 0.17564161867559327512
38 38 (0) 2 : 0.00000000099999999969 0.00000000099999999969 0.00000000099999999969 0.00000000099999999969 0.00000000099999999969 0.00000000099999999969 0.00000000099999999969 0.99999999299999997593
39 39 (0) 2 : 0.00000000099999999982 0.00000000099999999982 0.00000000099999999982 0.45111976591890812216 0.00000000099999999982 0.54888022808109193651 0.00000000099999999982 0.00000000099999999982
40 40 (0) 2 : 0.00000000099999999986 0.26904757917820126822 0.29533838719668831230 0.09921507414260856417 0.00000000099999999986 0.33639895548250187129 0.00000000099999999986 0.00000000099999999986
41 41 (0) 2 : 0.00000000099999999985 0.00000000099999999985 0.28216644161334708540 0.36736152661229171112 0.00000000099999999985 0.35047202677436128937 0.00000000099999999985 0.00000000099999999985
42 42 (0) 2 : 0.00000000099999999975 0.00000000099999999975 0.00000000099999999975 0.99999999299999997593 0.00000000099999999975 0.00000000099999999975 0.00000000099999999975 0.00000000099999999975
43 43 (0) 2 : 0.00000000099999999988 0.32025928529064390249 0.23728015647307054703 0.25973413355532365410 0.00000000099999999988 0.18272642068096175971 0.00000000099999999988 0.00000000099999999988
44 44 (0) 2 : 0.00000000099999999961 0.00000000099999999961 0.00000000099999999961 0.00000000099999999961 0.00000000099999999961 0.00000000099999999961 0.00000000099999999961 0.99999999300000008695
45 45 (0) 2 : 0.00000000099999999990 0.00000000099999999990 0.00000000099999999990 0.00000000099999999990 0.00000000099999999990 0.00000000099999999990 0.00000000099999999990 0.99999999300000008695
46 46 (0) 2 : 0.00000000099999999974 0.00000000099999999974 0.00000000099999999974 0.00000000099999999974 0.00000000099999999974 0.00000000099999999974 0.00000000099999999974 0.99999999299999997593
47 47 (0) 2 : 0.00000000099999999988 0.00000000099999999988 0.70101437124261090084 0.00016339635823724773 0.00000000099999999988 0.29882222739915187404 0.00000000099999999988 0.00000000099999999988
48 48 (0) 2 : 0.22388952497571998346 0.00000000099999999973 0.00000000099999999973 0.00000000099999999973 0.33716282822288579091 0.00000000099999999973 0.00000000099999999973 0.43894764180139422827
49 49 (0) 1 : 0.00000000099999999989 0.00000000099999999989 0.00000000099999999989 0.24458674880501024562 0.00000000099999999989 0.75541324519498986856 0.00000000099999999989 0.00000000099999999989
50 50 (0) 1 : 0.00000000099999999983 0.00000000099999999983 0.51144391823748702741 0.32549872437321447638 0.00000000099999999983 0.16305735238929838782 0.00000000099999999983 0.00000000099999999983
51 51 (0) 1 : 0.00000000099999999983 0.29008540260340942574 0.70991459139659063293 0.00000000099999999983 0.00000000099999999983 0.00000000099999999983 0.00000000099999999983 0.00000000099999999983
52 52 (0) 1 : 0.00000000099999999975 0.99999999300000008695 0.00000000099999999975 0.00000000099999999975 0.00000000099999999975 0.00000000099999999975 0.00000000099999999975 0.00000000099999999975
53 53 (0) 1 : 0.00000000099999999985 0.54009946703193978390 0.41760753050648791174 0.00000000099999999985 0.00000000099999999985 0.00000000099999999985 0.04229299746157234863 0.00000000099999999985
54 54 (0) 1 : 0.00000000099999999980 0.99999999300000019797 0.00000000099999999980 0.00000000099999999980 0.00000000099999999980 0.00000000099999999980 0.00000000099999999980 0.00000000099999999980
55 55 (0) 1 : 0.00000000099999999994 0.45365059712188782193 0.24310607891949517767 0.17079864456230128833 0.00000000099999999994 0.13244467539631582520 0.00000000099999999994 0.00000000099999999994
56 56 (0) 3 : 0.99999999300000008695 0.00000000099999999966 0.00000000099999999966 0.00000000099999999966 0.00000000099999999966 0.00000000099999999966 0.00000000099999999966 0.00000000099999999966
57 57 (0) 3 : 0.56529018986075019182 0.00000000099999999965 0.00000000099999999965 0.00000000099999999965 0.43470224603163115651 0.00000000099999999965 0.00000000099999999965 0.00000755910761890250
58 58 (0) 3 : 0.00000000099999999964 0.00000000099999999964 0.00000000099999999964 0.00000000099999999964 0.99999999299999997593 0.00000000099999999964 0.00000000099999999964 0.00000000099999999964
59 59 (0) 3 : 0.99999999300000019797 0.00000000099999999969 0.00000000099999999969 0.00000000099999999969 0.00000000099999999969 0.00000000099999999969 0.00000000099999999969 0.00000000099999999969
60 60 (0) 3 : 0.00000000099999999975 0.00000000099999999975 0.00000000099999999975 0.00000000099999999975 0.35182288749292572883 0.00000000099999999975 0.00000000099999999975 0.64817710650707416331
61 61 (0) 3 : 0.72604177826351590230 0.00000000099999999996 0.00000000099999999996 0.00000000099999999996 0.27287215585933516371 0.00000000099999999996 0.00000000099999999996 0.00108606087714908841
62 62 (0) 3 : 0.99999999300000008695 0.00000000099999999971 0.00000000099999999971 0.00000000099999999971 0.00000000099999999971 0.00000000099999999971 0.00000000099999999971 0.00000000099999999971
63 63 (0) 4 : 0.00000000099999999973 0.00000000099999999973 0.00000000099999999973 0.00000000099999999973 0.00000000099999999973 0.00000000099999999973 0.99999999299999986491 0.00000000099999999973
64 64 (0) 4 : 0.00000000099999999987 0.34681648248401919510 0.39960844767295944369 0.25354713952871721361 0.00000000099999999987 0.00002792631430431145 0.00000000099999999987 0.00000000099999999987
65 65 (0) 4 : 0.00000000099999999987 0.36983980581040087898 0.30817795568598371769 0.22770240791477389108 0.00000000099999999987 0.06738518401168853977 0.02689464357715297751 0.00000000099999999987
66 66 (0) 3 : 0.99999999300000008695 0.00000000099999999967 0.00000000099999999967 0.00000000099999999967 0.00000000099999999967 0.00000000099999999967 0.00000000099999999967 0.00000000099999999967
67 67 (0) 3 : 0.00000065361913118666 0.00000000099999999972 0.00000000099999999972 0.00000000099999999972 0.00000000099999999972 0.00000000099999999972 0.00000000099999999972 0.99999934038086879529
68 68 (0) 3 : 0.00000000099999999945 0.00000000099999999945 0.00000000099999999945 0.00000000099999999945 0.99999999300000008695 0.00000000099999999945 0.00000000099999999945 0.00000000099999999945
69 69 (0) 3 : 0.77631012433755952618 0.00000000099999999976 0.00000000099999999976 0.00000000099999999976 0.22368986966244053249 0.00000000099999999976 0.00000000099999999976 0.00000000099999999976
70 70 (0) 3 : 0.99999999300000019797 0.00000000099999999961 0.00000000099999999961 0.00000000099999999961 0.00000000099999999961 0.00000000099999999961 0.00000000099999999961 0.00000000099999999961
71 71 (0) 3 : 0.00000000099999999973 0.00000000099999999973 0.00000000099999999973 0.00000000099999999973 0.45622042960056757854 0.00000000099999999973 0.00000000099999999973 0.54377956439943231359
72 72 (0) 4 : 0.00000000099999999985 0.00000000099999999985 0.00000000099999999985 0.99999999299999997593 0.00000000099999999985 0.00000000099999999985 0.00000000099999999985 0.00000000099999999985
73 73 (0) 4 : 0.05325096910181453119 0.00000000099999999998 0.19626440673344761056 0.35303359050325577861 0.00000000099999999998 0.39745102966148215806 0.00000000099999999998 0.00000000099999999998
74 74 (0) 4 : 0.00000000099999999983 0.00000000099999999983 0.49028201590997905202 0.50971797809002095114 0.00000000099999999983 0.00000000099999999983 0.00000000099999999983 0.00000000099999999983
75 75 (0) 4 : 0.00000000099999999979 0.00000000099999999979 0.00000000099999999979 0.00000000099999999979 0.00000000099999999979 0.99999999299999997593 0.00000000099999999979 0.00000000099999999979
76 76 (0) 4 : 0.00000000099999999977 0.00000000099999999977 0.99999999300000008695 0.00000000099999999977 0.00000000099999999977 0.00000000099999999977 0.00000000099999999977 0.00000000099999999977
77 77 (0) 4 : 0.00000000099999999980 0.00000000099999999980 0.37350804254962638451 0.00000000099999999980 0.00000000099999999980 0.62649195145037361865 0.00000000099999999980 0.00000000099999999980
78 78 (0) 4 : 0.00000000099999999976 0.00000000099999999976 0.99999999299999997593 0.00000000099999999976 0.00000000099999999976 0.00000000099999999976 0.00000000099999999976 0.00000000099999999976
79 79 (0) 3 : 0.00000000099999999981 0.32770095888308725662 0.26512575849049230259 0.40717327762642058220 0.00000000099999999981 0.00000000099999999981 0.00000000099999999981 0.00000000099999999981
80 80 (0) 3 : 0.99999999300000008695 0.00000000099999999974 0.00000000099999999974 0.00000000099999999974 0.00000000099999999974 0.00000000099999999974 0.00000000099999999974 0.00000000099999999974
81 81 (0) 3 : 0.00000383636038461215 0.00000000099999999980 0.00000000099999999980 0.00000000099999999980 0.00000000099999999980 0.00000000099999999980 0.00000000099999999980 0.99999615763961535730
82 82 (0) 3 : 0.99999999300000019797 0.00000000099999999967 0.00000000099999999967 0.00000000099999999967 0.00000000099999999967 0.00000000099999999967 0.00000000099999999967 0.00000000099999999967
83 83 (0) 3 : 0.00000000099999999985 0.00000000099999999985 0.53176436759740686178 0.18566903637567686025 0.00000000099999999985 0.28256659102691628060 0.00000000099999999985 0.00000000099999999985
84 84 (0) 3 : 0.00000000099999999971 0.00000000099999999971 0.99999999299999997593 0.00000000099999999971 0.00000000099999999971 0.00000000099999999971 0.00000000099999999971 0.00000000099999999971
85 85 (0) 3 : 0.65403693681680352690 0.00000000099999999968 0.00000000099999999968 0.00000000099999999968 0.00000000099999999968 0.00000000099999999968 0.00000000099999999968 0.34596305718319669831
86 86 (0) 3 : 0.00000000099999999968 0.00000000099999999968 0.00000000099999999968 0.00000000099999999968 0.00000000099999999968 0.00000000099999999968 0.00000000099999999968 0.99999999299999997593
87 87 (0) 3 : 0.38029413943012296828 0.00000000099999999996 0.05620227805409428595 0.00000000099999999996 0.31624967727563152442 0.00000000099999999996 0.00000000099999999996 0.24725390124015114712
88 88 (0) 3 : 0.99999999300000008695 0.00000000099999999967 0.00000000099999999967 0.00000000099999999967 0.00000000099999999967 0.00000000099999999967 0.00000000099999999967 0.00000000099999999967
89 89 (0) 4 : 0.00000000099999999999 0.27573437852819449034 0.00000000099999999999 0.29950097514390072728 0.00000000099999999999 0.36071186559613710454 0.03534194742260471367 0.02871083030916300391
90 90 (0) 3 : 0.99999999300000019797 0.00000000099999999971 0.00000000099999999971 0.00000000099999999971 0.00000000099999999971 0.00000000099999999971 0.00000000099999999971 0.00000000099999999971
91 91 (0) 3 : 0.00000000099999999968 0.00000000099999999968 0.00000000099999999968 0.00000000099999999968 0.00000000099999999968 0.00000000099999999968 0.00000000099999999968 0.99999999299999997593
92 92 (0) 3 : 0.50724489887161927637 0.00000000099999999970 0.00000000099999999970 0.00000000099999999970 0.49275509512838072679 0.00000000099999999970 0.00000000099999999970 0.00000000099999999970
93 93 (0) 3 : 0.84553804438854240910 0.00000000099999999982 0.00000000099999999982 0.00000000099999999982 0.15446194961145773283 0.00000000099999999982 0.00000000099999999982 0.00000000099999999982
94 94 (0) 3 : 0.44146366413297488673 0.10427969269814367503 0.05467640041787747568 0.02634836036150477526 0.05027117077289121327 0.00000000100000000000 0.00000000100000000000 0.32296070961660822141
95 95 (0) 4 : 0.11884927388304386553 0.24100219894558683187 0.12755760594246645656 0.22672206850942960843 0.00000000099999999999 0.27405566162582967182 0.01181318909364357725 0.00000000099999999999
96 96 (0) 4 : 0.00000000099999999980 0.26715071720361677210 0.00000000099999999980 0.00000000099999999980 0.00000000099999999980 0.73284927679638312004 0.00000000099999999980 0.00000000099999999980
97 97 (0) 4 : 0.00000000099999999990 0.00000000099999999990 0.68750472940044438097 0.31249526459955556668 0.00000000099999999990 0.00000000099999999990 0.00000000099999999990 0.00000000099999999990
98 98 (0) 4 : 0.00000000099999999999 0.28779364142448726760 0.17153397261472486113 0.00000000099999999999 0.00000000099999999999 0.47483161069416857103 0.04428956075321242858 0.02155121151340670671
99 99 (0) 4 : 0.00000000099999999992 0.44900602314656806735 0.00000002794157429279 0.25039528437051217225 0.00000000099999999992 0.26461211272570794861 0.03598654881563750907 0.00000000099999999992
100 100 (0) 4 : 0.00000000099999999970 0.00000000099999999970 0.00000000099999999970 0.00000000099999999970 0.00000000099999999970 0.99999999300000008695 0.00000000099999999970 0.00000000099999999970
101 101 (0) 4 : 0.00000000099999999984 0.57646853395772956752 0.00000000099999999984 0.42353146004227049115 0.00000000099999999984 0.00000000099999999984 0.00000000099999999984 0.00000000099999999984
102 102 (0) 4 : 0.00000000099999999979 0.00000000099999999979 0.55218058345736065196 0.00000000099999999979 0.00000000099999999979 0.44781941054263946222 0.00000000099999999979 0.00000000099999999979
103 103 (0) 4 : 0.00000000099999999961 0.00000000099999999961 0.00000000099999999961 0.00000000099999999961 0.00000000099999999961 0.00000000099999999961 0.99999999299999986491 0.00000000099999999961
104 104 (0) 4 : 0.00000000099999999993 0.00000000099999999993 0.00000000099999999993 0.44237106795404734783 0.00000000099999999993 0.55679051793767508904 0.00083840910827766453 0.00000000099999999993
105 105 (0) 4 : 0.00000000099999999992 0.61690289973342005148 0.38309709426658011822 0.00000000099999999992 0.00000000099999999992 0.00000000099999999992 0.00000000099999999992 0.00000000099999999992
106 106 (0) 4 : 0.02186303568867326019 0.33193579747281737324 0.19386391170459660316 0.23503982721417379653 0.00000000100000000000 0.20580820970378363444 0.01148921621595532135 0.00000000100000000000
107 107 (0) 4 : 0.00000000099999999996 0.00000047655303131958 0.24396316964086706136 0.00000000099999999996 0.00000000099999999996 0.70412160210772101188 0.05191474769838065606 0.00000000099999999996
108 108 (0) 4 : 0.00000000099999999974 0.00000000099999999974 0.99999999299999997593 0.00000000099999999974 0.00000000099999999974 0.00000000099999999974 0.00000000099999999974 0.00000000099999999974
109 109 (0) 4 : 0.00000000099999999972 0.00000000099999999972 0.00000000099999999972 0.99999999300000008695 0.00000000099999999972 0.00000000099999999972 0.00000000099999999972 0.00000000099999999972
110 110 (0) 4 : 0.00000000099999999991 0.29993680502001518473 0.00000080549943574223 0.24937425895442716373 0.00000000099999999991 0.35786236357958522980 0.09282576394653663243 0.00000000099999999991
111 111 (0) 4 : 0.00000000099999999964 0.00000000099999999964 0.00000000099999999964 0.00000000099999999964 0.00000000099999999964 0.00000000099999999964 0.99999999299999986491 0.00000000099999999964
112 112 (0) 4 : 0.00000000099999999979 0.00000000099999999979 0.00000000099999999979 0.00000000099999999979 0.00000000099999999979 0.00000000099999999979 0.99999999299999986491 0.00000000099999999979
113 113 (0) 4 : 0.42197448763067263444 0.00000000099999999973 0.00000000099999999973 0.00000000099999999973 0.09514527768175777556 0.00000000099999999973 0.00000000099999999973 0.48288022968756960651
114 114 (0) 4 : 0.00000000099999999992 0.53709930788275128677 0.00000000099999999992 0.46290068611724888292 0.00000000099999999992 0.00000000099999999992 0.00000000099999999992 0.00000000099999999992
115 115 (0) 4 : 0.00000000099999999974 0.99999999300000008695 0.00000000099999999974 0.00000000099999999974 0.00000000099999999974 0.00000000099999999974 0.00000000099999999974 0.00000000099999999974
116 116 (0) 4 : 0.00000000099999999978 0.99999999300000019797 0.00000000099999999978 0.00000000099999999978 0.00000000099999999978 0.00000000099999999978 0.00000000099999999978 0.00000000099999999978
1 1 (0) 1 : 0.00000000099999999994 0.35176705393766044550 0.23377737464571965442 0.26483906821703717682 0.00000000099999999994 0.09394598232156083084 0.05567051787802183849 0.00000000099999999994
2 2 (0) 1 : 0.00000000099999999996 0.52861746176243407103 0.28196893696888075675 0.00004195629036351871 0.00000000099999999996 0.12788019408279777123 0.06149144789552387497 0.00000000099999999996
3 3 (0) 1 : 0.00000000099999999966 0.00000000099999999966 0.00000000099999999966 0.00000000099999999966 0.00000000099999999966 0.00000000099999999966 0.99999999299999997593 0.00000000099999999966
4 4 (0) 1 : 0.00000000099999999987 0.00000000099999999987 0.40379086161119281950 0.59620913238880723917 0.00000000099999999987 0.00000000099999999987 0.00000000099999999987 0.00000000099999999987
5 5 (0) 1 : 0.00000000099999999983 0.00000000099999999983 0.43082359795128383206 0.56917639604871617109 0.00000000099999999983 0.00000000099999999983 0.00000000099999999983 0.00000000099999999983
6 6 (0) 1 : 0.00000000099999999980 0.00000000099999999980 0.00000000099999999980 0.81785003611147200075 0.00000000099999999980 0.00000000099999999980 0.18214995788852797465 0.00000000099999999980
7 7 (0) 1 : 0.00000000099999999972 0.00000000099999999972 0.00000000099999999972 0.99999999300000008695 0.00000000099999999972 0.00000000099999999972 0.00000000099999999972 0.00000000099999999972
8 8 (0) 1 : 0.00000000099999999975 0.00000000099999999975 0.99999999299999997593 0.00000000099999999975 0.00000000099999999975 0.00000000099999999975 0.00000000099999999975 0.00000000099999999975
9 9 (0) 1 : 0.00000000099999999964 0.00000000099999999964 0.00000000099999999964 0.00000000099999999964 0.00000000099999999964 0.00000000099999999964 0.99999999299999986491 0.00000000099999999964
10 10 (0) 1 : 0.00000000099999999980 0.00000000099999999980 0.00000000099999999980 0.00000000099999999980 0.00000000099999999980 0.99999999299999997593 0.00000000099999999980 0.00000000099999999980
11 11 (0) 1 : 0.00000000099999999992 0.31792157012712346509 0.08609033184032655051 0.41610667059420036740 0.00000000099999999992 0.17988142343834970238 0.00000000099999999992 0.00000000099999999992
12 12 (0) 1 : 0.00000000099999999984 0.24232433902973452011 0.14817059199386467538 0.40125482367749631951 0.00000000099999999984 0.20825024129890448710 0.00000000099999999984 0.00000000099999999984
13 13 (0) 1 : 0.00000000099999999986 0.43057084739496231940 0.00000000099999999986 0.56942914660503773927 0.00000000099999999986 0.00000000099999999986 0.00000000099999999986 0.00000000099999999986
14 14 (0) 1 : 0.00000000099999999976 0.99999999300000019797 0.00000000099999999976 0.00000000099999999976 0.00000000099999999976 0.00000000099999999976 0.00000000099999999976 0.00000000099999999976
15 15 (0) 2 : 0.00000000099999999973 0.00000000099999999973 0.00000000099999999973 0.00000000099999999973 0.00000000099999999973 0.99999999299999997593 0.00000000099999999973 0.00000000099999999973
16 16 (0) 2 : 0.00000000099999999971 0.00000000099999999971 0.00000000099999999971 0.00000000099999999971 0.16246989914938336774 0.00000000099999999971 0.00000000099999999971 0.83753009485061657990
17 17 (0) 2 : 0.00000000099999999974 0.00000000099999999974 0.00000000099999999974 0.00000000099999999974 0.00000000099999999974 0.00000000099999999974 0.00000000099999999974 0.99999999299999997593
18 18 (0) 2 : 0.00000000099999999968 0.00000000099999999968 0.00000000099999999968 0.00000000099999999968 0.48152550521018100405 0.00000000099999999968 0.00000000099999999968 0.51847448878981905462
19 19 (0) 2 : 0.82931752559811822145 0.00000000099999999968 0.00000000099999999968 0.00000000099999999968 0.17068246840188186497 0.00000000099999999968 0.00000000099999999968 0.00000000099999999968
20 20 (0) 2 : 0.21456528485129766626 0.00000000099999999998 0.00000000099999999998 0.00000000099999999998 0.41269185950374276395 0.00000000099999999998 0.00000000099999999998 0.37274285064495971120
21 21 (0) 2 : 0.99999999300000008695 0.00000000099999999964 0.00000000099999999964 0.00000000099999999964 0.00000000099999999964 0.00000000099999999964 0.00000000099999999964 0.00000000099999999964
22 22 (0) 2 : 0.00000000099999999974 0.00000000099999999974 0.00000000099999999974 0.00000000099999999974 0.99999999300000008695 0.00000000099999999974 0.00000000099999999974 0.00000000099999999974
23 23 (0) 1 : 0.00000000099999999997 0.42565759787905077527 0.33281767885672297602 0.00000000099999999997 0.02676439819208289647 0.21476032107214340638 0.00000000099999999997 0.00000000099999999997
24 24 (0) 1 : 0.00000000099999999986 0.00000000099999999986 0.00000000099999999986 0.00000000099999999986 0.00000000099999999986 0.99999999299999997593 0.00000000099999999986 0.00000000099999999986
25 25 (0) 1 : 0.00000000099999999995 0.00000000099999999995 0.00000000099999999995 0.00000000099999999995 0.00000000099999999995 0.00000000099999999995 0.99999999299999986491 0.00000000099999999995
26 26 (0) 1 : 0.00000000099999999985 0.43012488112112828853 0.19186095771611849647 0.37801415616275335640 0.00000000099999999985 0.00000000099999999985 0.00000000099999999985 0.00000000099999999985
27 27 (0) 2 : 0.00000000099999999945 0.00000000099999999945 0.00000000099999999945 0.00000000099999999945 0.99999999300000008695 0.00000000099999999945 0.00000000099999999945 0.00000000099999999945
28 28 (0) 2 : 0.00000000099999999956 0.00000000099999999956 0.00000000099999999956 0.00000000099999999956 0.00000000099999999956 0.00000000099999999956 0.00000000099999999956 0.99999999300000008695
29 29 (0) 2 : 0.00000000099999999958 0.00000000099999999958 0.00000000099999999958 0.00000000099999999958 0.99999999300000008695 0.00000000099999999958 0.00000000099999999958 0.00000000099999999958
30 30 (0) 2 : 0.00000598605656865280 0.00000000099999999981 0.00000000099999999981 0.00000000099999999981 0.23726870584985632062 0.00000000099999999981 0.00000000099999999981 0.76272530309357500222
31 31 (0) 2 : 0.99861047112443801499 0.00000000099999999999 0.00138952287556200335 0.00000000099999999999 0.00000000099999999999 0.00000000099999999999 0.00000000099999999999 0.00000000099999999999
32 32 (0) 2 : 0.61361274047383818075 0.00000000099999999999 0.00000000099999999999 0.00000000099999999999 0.24466403060509778200 0.00000000099999999999 0.14016284179774696206 0.00156038312331725488
33 33 (0) 2 : 0.56244124134091666445 0.00000000099999999970 0.00000000099999999970 0.00000000099999999970 0.18605649790903286411 0.00000000099999999970 0.00000000099999999970 0.25150225575005064060
34 34 (0) 1 : 0.00000000099999999983 0.99999999300000019797 0.00000000099999999983 0.00000000099999999983 0.00000000099999999983 0.00000000099999999983 0.00000000099999999983 0.00000000099999999983
35 35 (0) 2 : 0.57023403309088627200 0.00000000099999999978 0.00000000099999999978 0.00000000099999999978 0.07608455244323696076 0.00000000099999999978 0.00000000099999999978 0.35368140946587706130
36 36 (0) 2 : 0.52954760044458204504 0.00000000099999999976 0.00000000099999999976 0.00000000099999999976 0.24483512532827958474 0.00000000099999999976 0.00000000099999999976 0.22561726922713842836
37 37 (0) 2 : 0.38045325845410571386 0.00000000099999999987 0.00000000099999999987 0.00000000099999999987 0.44390511787030101365 0.00000000099999999987 0.00000000099999999987 0.17564161867559327512
38 38 (0) 2 : 0.00000000099999999969 0.00000000099999999969 0.00000000099999999969 0.00000000099999999969 0.00000000099999999969 0.00000000099999999969 0.00000000099999999969 0.99999999299999997593
39 39 (0) 2 : 0.00000000099999999982 0.00000000099999999982 0.00000000099999999982 0.45111976591890812216 0.00000000099999999982 0.54888022808109193651 0.00000000099999999982 0.00000000099999999982
40 40 (0) 2 : 0.00000000099999999986 0.26904757917820126822 0.29533838719668831230 0.09921507414260856417 0.00000000099999999986 0.33639895548250187129 0.00000000099999999986 0.00000000099999999986
41 41 (0) 2 : 0.00000000099999999985 0.00000000099999999985 0.28216644161334708540 0.36736152661229171112 0.00000000099999999985 0.35047202677436128937 0.00000000099999999985 0.00000000099999999985
42 42 (0) 2 : 0.00000000099999999975 0.00000000099999999975 0.00000000099999999975 0.99999999299999997593 0.00000000099999999975 0.00000000099999999975 0.00000000099999999975 0.00000000099999999975
43 43 (0) 2 : 0.00000000099999999988 0.32025928529064390249 0.23728015647307054703 0.25973413355532365410 0.00000000099999999988 0.18272642068096175971 0.00000000099999999988 0.00000000099999999988
44 44 (0) 2 : 0.00000000099999999961 0.00000000099999999961 0.00000000099999999961 0.00000000099999999961 0.00000000099999999961 0.00000000099999999961 0.00000000099999999961 0.99999999300000008695
45 45 (0) 2 : 0.00000000099999999990 0.00000000099999999990 0.00000000099999999990 0.00000000099999999990 0.00000000099999999990 0.00000000099999999990 0.00000000099999999990 0.99999999300000008695
46 46 (0) 2 : 0.00000000099999999974 0.00000000099999999974 0.00000000099999999974 0.00000000099999999974 0.00000000099999999974 0.00000000099999999974 0.00000000099999999974 0.99999999299999997593
47 47 (0) 2 : 0.00000000099999999988 0.00000000099999999988 0.70101437124261090084 0.00016339635823724773 0.00000000099999999988 0.29882222739915187404 0.00000000099999999988 0.00000000099999999988
48 48 (0) 2 : 0.22388952497571998346 0.00000000099999999973 0.00000000099999999973 0.00000000099999999973 0.33716282822288579091 0.00000000099999999973 0.00000000099999999973 0.43894764180139422827
49 49 (0) 1 : 0.00000000099999999989 0.00000000099999999989 0.00000000099999999989 0.24458674880501024562 0.00000000099999999989 0.75541324519498986856 0.00000000099999999989 0.00000000099999999989
50 50 (0) 1 : 0.00000000099999999983 0.00000000099999999983 0.51144391823748702741 0.32549872437321447638 0.00000000099999999983 0.16305735238929838782 0.00000000099999999983 0.00000000099999999983
51 51 (0) 1 : 0.00000000099999999983 0.29008540260340942574 0.70991459139659063293 0.00000000099999999983 0.00000000099999999983 0.00000000099999999983 0.00000000099999999983 0.00000000099999999983
52 52 (0) 1 : 0.00000000099999999975 0.99999999300000008695 0.00000000099999999975 0.00000000099999999975 0.00000000099999999975 0.00000000099999999975 0.00000000099999999975 0.00000000099999999975
53 53 (0) 1 : 0.00000000099999999985 0.54009946703193978390 0.41760753050648791174 0.00000000099999999985 0.00000000099999999985 0.00000000099999999985 0.04229299746157234863 0.00000000099999999985
54 54 (0) 1 : 0.00000000099999999980 0.99999999300000019797 0.00000000099999999980 0.00000000099999999980 0.00000000099999999980 0.00000000099999999980 0.00000000099999999980 0.00000000099999999980
55 55 (0) 1 : 0.00000000099999999994 0.45365059712188782193 0.24310607891949517767 0.17079864456230128833 0.00000000099999999994 0.13244467539631582520 0.00000000099999999994 0.00000000099999999994
56 56 (0) 3 : 0.99999999300000008695 0.00000000099999999966 0.00000000099999999966 0.00000000099999999966 0.00000000099999999966 0.00000000099999999966 0.00000000099999999966 0.00000000099999999966
57 57 (0) 3 : 0.56529018986075019182 0.00000000099999999965 0.00000000099999999965 0.00000000099999999965 0.43470224603163115651 0.00000000099999999965 0.00000000099999999965 0.00000755910761890250
58 58 (0) 3 : 0.00000000099999999964 0.00000000099999999964 0.00000000099999999964 0.00000000099999999964 0.99999999299999997593 0.00000000099999999964 0.00000000099999999964 0.00000000099999999964
59 59 (0) 3 : 0.99999999300000019797 0.00000000099999999969 0.00000000099999999969 0.00000000099999999969 0.00000000099999999969 0.00000000099999999969 0.00000000099999999969 0.00000000099999999969
60 60 (0) 3 : 0.00000000099999999975 0.00000000099999999975 0.00000000099999999975 0.00000000099999999975 0.35182288749292572883 0.00000000099999999975 0.00000000099999999975 0.64817710650707416331
61 61 (0) 3 : 0.72604177826351590230 0.00000000099999999996 0.00000000099999999996 0.00000000099999999996 0.27287215585933516371 0.00000000099999999996 0.00000000099999999996 0.00108606087714908841
62 62 (0) 3 : 0.99999999300000008695 0.00000000099999999971 0.00000000099999999971 0.00000000099999999971 0.00000000099999999971 0.00000000099999999971 0.00000000099999999971 0.00000000099999999971
63 63 (0) 4 : 0.00000000099999999973 0.00000000099999999973 0.00000000099999999973 0.00000000099999999973 0.00000000099999999973 0.00000000099999999973 0.99999999299999986491 0.00000000099999999973
64 64 (0) 4 : 0.00000000099999999987 0.34681648248401919510 0.39960844767295944369 0.25354713952871721361 0.00000000099999999987 0.00002792631430431145 0.00000000099999999987 0.00000000099999999987
65 65 (0) 4 : 0.00000000099999999987 0.36983980581040087898 0.30817795568598371769 0.22770240791477389108 0.00000000099999999987 0.06738518401168853977 0.02689464357715297751 0.00000000099999999987
66 66 (0) 3 : 0.99999999300000008695 0.00000000099999999967 0.00000000099999999967 0.00000000099999999967 0.00000000099999999967 0.00000000099999999967 0.00000000099999999967 0.00000000099999999967
67 67 (0) 3 : 0.00000065361913118666 0.00000000099999999972 0.00000000099999999972 0.00000000099999999972 0.00000000099999999972 0.00000000099999999972 0.00000000099999999972 0.99999934038086879529
68 68 (0) 3 : 0.00000000099999999945 0.00000000099999999945 0.00000000099999999945 0.00000000099999999945 0.99999999300000008695 0.00000000099999999945 0.00000000099999999945 0.00000000099999999945
69 69 (0) 3 : 0.77631012433755952618 0.00000000099999999976 0.00000000099999999976 0.00000000099999999976 0.22368986966244053249 0.00000000099999999976 0.00000000099999999976 0.00000000099999999976
70 70 (0) 3 : 0.99999999300000019797 0.00000000099999999961 0.00000000099999999961 0.00000000099999999961 0.00000000099999999961 0.00000000099999999961 0.00000000099999999961 0.00000000099999999961
71 71 (0) 3 : 0.00000000099999999973 0.00000000099999999973 0.00000000099999999973 0.00000000099999999973 0.45622042960056757854 0.00000000099999999973 0.00000000099999999973 0.54377956439943231359
72 72 (0) 4 : 0.00000000099999999985 0.00000000099999999985 0.00000000099999999985 0.99999999299999997593 0.00000000099999999985 0.00000000099999999985 0.00000000099999999985 0.00000000099999999985
73 73 (0) 4 : 0.05325096910181453119 0.00000000099999999998 0.19626440673344761056 0.35303359050325577861 0.00000000099999999998 0.39745102966148215806 0.00000000099999999998 0.00000000099999999998
74 74 (0) 4 : 0.00000000099999999983 0.00000000099999999983 0.49028201590997905202 0.50971797809002095114 0.00000000099999999983 0.00000000099999999983 0.00000000099999999983 0.00000000099999999983
75 75 (0) 4 : 0.00000000099999999979 0.00000000099999999979 0.00000000099999999979 0.00000000099999999979 0.00000000099999999979 0.99999999299999997593 0.00000000099999999979 0.00000000099999999979
76 76 (0) 4 : 0.00000000099999999977 0.00000000099999999977 0.99999999300000008695 0.00000000099999999977 0.00000000099999999977 0.00000000099999999977 0.00000000099999999977 0.00000000099999999977
77 77 (0) 4 : 0.00000000099999999980 0.00000000099999999980 0.37350804254962638451 0.00000000099999999980 0.00000000099999999980 0.62649195145037361865 0.00000000099999999980 0.00000000099999999980
78 78 (0) 4 : 0.00000000099999999976 0.00000000099999999976 0.99999999299999997593 0.00000000099999999976 0.00000000099999999976 0.00000000099999999976 0.00000000099999999976 0.00000000099999999976
79 79 (0) 3 : 0.00000000099999999981 0.32770095888308725662 0.26512575849049230259 0.40717327762642058220 0.00000000099999999981 0.00000000099999999981 0.00000000099999999981 0.00000000099999999981
80 80 (0) 3 : 0.99999999300000008695 0.00000000099999999974 0.00000000099999999974 0.00000000099999999974 0.00000000099999999974 0.00000000099999999974 0.00000000099999999974 0.00000000099999999974
81 81 (0) 3 : 0.00000383636038461215 0.00000000099999999980 0.00000000099999999980 0.00000000099999999980 0.00000000099999999980 0.00000000099999999980 0.00000000099999999980 0.99999615763961535730
82 82 (0) 3 : 0.99999999300000019797 0.00000000099999999967 0.00000000099999999967 0.00000000099999999967 0.00000000099999999967 0.00000000099999999967 0.00000000099999999967 0.00000000099999999967
83 83 (0) 3 : 0.00000000099999999985 0.00000000099999999985 0.53176436759740686178 0.18566903637567686025 0.00000000099999999985 0.28256659102691628060 0.00000000099999999985 0.00000000099999999985
84 84 (0) 3 : 0.00000000099999999971 0.00000000099999999971 0.99999999299999997593 0.00000000099999999971 0.00000000099999999971 0.00000000099999999971 0.00000000099999999971 0.00000000099999999971
85 85 (0) 3 : 0.65403693681680352690 0.00000000099999999968 0.00000000099999999968 0.00000000099999999968 0.00000000099999999968 0.00000000099999999968 0.00000000099999999968 0.34596305718319669831
86 86 (0) 3 : 0.00000000099999999968 0.00000000099999999968 0.00000000099999999968 0.00000000099999999968 0.00000000099999999968 0.00000000099999999968 0.00000000099999999968 0.99999999299999997593
87 87 (0) 3 : 0.38029413943012296828 0.00000000099999999996 0.05620227805409428595 0.00000000099999999996 0.31624967727563152442 0.00000000099999999996 0.00000000099999999996 0.24725390124015114712
88 88 (0) 3 : 0.99999999300000008695 0.00000000099999999967 0.00000000099999999967 0.00000000099999999967 0.00000000099999999967 0.00000000099999999967 0.00000000099999999967 0.00000000099999999967
89 89 (0) 4 : 0.00000000099999999999 0.27573437852819449034 0.00000000099999999999 0.29950097514390072728 0.00000000099999999999 0.36071186559613710454 0.03534194742260471367 0.02871083030916300391
90 90 (0) 3 : 0.99999999300000019797 0.00000000099999999971 0.00000000099999999971 0.00000000099999999971 0.00000000099999999971 0.00000000099999999971 0.00000000099999999971 0.00000000099999999971
91 91 (0) 3 : 0.00000000099999999968 0.00000000099999999968 0.00000000099999999968 0.00000000099999999968 0.00000000099999999968 0.00000000099999999968 0.00000000099999999968 0.99999999299999997593
92 92 (0) 3 : 0.50724489887161927637 0.00000000099999999970 0.00000000099999999970 0.00000000099999999970 0.49275509512838072679 0.00000000099999999970 0.00000000099999999970 0.00000000099999999970
93 93 (0) 3 : 0.84553804438854240910 0.00000000099999999982 0.00000000099999999982 0.00000000099999999982 0.15446194961145773283 0.00000000099999999982 0.00000000099999999982 0.00000000099999999982
94 94 (0) 3 : 0.44146366413297488673 0.10427969269814367503 0.05467640041787747568 0.02634836036150477526 0.05027117077289121327 0.00000000100000000000 0.00000000100000000000 0.32296070961660822141
95 95 (0) 4 : 0.11884927388304386553 0.24100219894558683187 0.12755760594246645656 0.22672206850942960843 0.00000000099999999999 0.27405566162582967182 0.01181318909364357725 0.00000000099999999999
96 96 (0) 4 : 0.00000000099999999980 0.26715071720361677210 0.00000000099999999980 0.00000000099999999980 0.00000000099999999980 0.73284927679638312004 0.00000000099999999980 0.00000000099999999980
97 97 (0) 4 : 0.00000000099999999990 0.00000000099999999990 0.68750472940044438097 0.31249526459955556668 0.00000000099999999990 0.00000000099999999990 0.00000000099999999990 0.00000000099999999990
98 98 (0) 4 : 0.00000000099999999999 0.28779364142448726760 0.17153397261472486113 0.00000000099999999999 0.00000000099999999999 0.47483161069416857103 0.04428956075321242858 0.02155121151340670671
99 99 (0) 4 : 0.00000000099999999992 0.44900602314656806735 0.00000002794157429279 0.25039528437051217225 0.00000000099999999992 0.26461211272570794861 0.03598654881563750907 0.00000000099999999992
100 100 (0) 4 : 0.00000000099999999970 0.00000000099999999970 0.00000000099999999970 0.00000000099999999970 0.00000000099999999970 0.99999999300000008695 0.00000000099999999970 0.00000000099999999970
101 101 (0) 4 : 0.00000000099999999984 0.57646853395772956752 0.00000000099999999984 0.42353146004227049115 0.00000000099999999984 0.00000000099999999984 0.00000000099999999984 0.00000000099999999984
102 102 (0) 4 : 0.00000000099999999979 0.00000000099999999979 0.55218058345736065196 0.00000000099999999979 0.00000000099999999979 0.44781941054263946222 0.00000000099999999979 0.00000000099999999979
103 103 (0) 4 : 0.00000000099999999961 0.00000000099999999961 0.00000000099999999961 0.00000000099999999961 0.00000000099999999961 0.00000000099999999961 0.99999999299999986491 0.00000000099999999961
104 104 (0) 4 : 0.00000000099999999993 0.00000000099999999993 0.00000000099999999993 0.44237106795404734783 0.00000000099999999993 0.55679051793767508904 0.00083840910827766453 0.00000000099999999993
105 105 (0) 4 : 0.00000000099999999992 0.61690289973342005148 0.38309709426658011822 0.00000000099999999992 0.00000000099999999992 0.00000000099999999992 0.00000000099999999992 0.00000000099999999992
106 106 (0) 4 : 0.02186303568867326019 0.33193579747281737324 0.19386391170459660316 0.23503982721417379653 0.00000000100000000000 0.20580820970378363444 0.01148921621595532135 0.00000000100000000000
107 107 (0) 4 : 0.00000000099999999996 0.00000047655303131958 0.24396316964086706136 0.00000000099999999996 0.00000000099999999996 0.70412160210772101188 0.05191474769838065606 0.00000000099999999996
108 108 (0) 4 : 0.00000000099999999974 0.00000000099999999974 0.99999999299999997593 0.00000000099999999974 0.00000000099999999974 0.00000000099999999974 0.00000000099999999974 0.00000000099999999974
109 109 (0) 4 : 0.00000000099999999972 0.00000000099999999972 0.00000000099999999972 0.99999999300000008695 0.00000000099999999972 0.00000000099999999972 0.00000000099999999972 0.00000000099999999972
110 110 (0) 4 : 0.00000000099999999991 0.29993680502001518473 0.00000080549943574223 0.24937425895442716373 0.00000000099999999991 0.35786236357958522980 0.09282576394653663243 0.00000000099999999991
111 111 (0) 4 : 0.00000000099999999964 0.00000000099999999964 0.00000000099999999964 0.00000000099999999964 0.00000000099999999964 0.00000000099999999964 0.99999999299999986491 0.00000000099999999964
112 112 (0) 4 : 0.00000000099999999979 0.00000000099999999979 0.00000000099999999979 0.00000000099999999979 0.00000000099999999979 0.00000000099999999979 0.99999999299999986491 0.00000000099999999979
113 113 (0) 4 : 0.42197448763067263444 0.00000000099999999973 0.00000000099999999973 0.00000000099999999973 0.09514527768175777556 0.00000000099999999973 0.00000000099999999973 0.48288022968756960651
114 114 (0) 4 : 0.00000000099999999992 0.53709930788275128677 0.00000000099999999992 0.46290068611724888292 0.00000000099999999992 0.00000000099999999992 0.00000000099999999992 0.00000000099999999992
115 115 (0) 4 : 0.00000000099999999974 0.99999999300000008695 0.00000000099999999974 0.00000000099999999974 0.00000000099999999974 0.00000000099999999974 0.00000000099999999974 0.00000000099999999974
116 116 (0) 4 : 0.00000000099999999978 0.99999999300000019797 0.00000000099999999978 0.00000000099999999978 0.00000000099999999978 0.00000000099999999978 0.00000000099999999978 0.00000000099999999978
