-------------------------------------------------------------------------------
 L       Percentage of nodes in the largest component
 D       Percentage of nodes in components of size at most 3 [-div option]
 R       Percentage of nodes not in L or D: 100 - L -D
 S       Percentage of nodes that are singletons
 E       Fraction of edges retained (input graph has 380)
 cce     Expected size of component, nodewise [ sum(sz^2) / sum^2(sz) ]
 EW      Edge weight traits (mean, median and IQR)
 ND      Node degree traits [mean, median and IQR]
 CCF     Clustering coefficient (scale 1-100)
 eff     Induced component efficiency relative to start graph (scale 1-1000)
Total number of nodes: 20
----------------------------------------------------------------------------------------------
  L   D   R   S     E     cce  EWmean   EWmed   EWiqr  NDmean   NDmed  NDiqr CCF  eff  Cutoff 
----------------------------------------------------------------------------------------------
100   0   0   0 1.000      20    0.68    0.66    0.10    19.0    19.5    0.5   -    -     0.50
100   0   0   0 1.000      20    0.68    0.66    0.10    19.0    19.5    0.5   -    -     0.51
100   0   0   0 1.000      20    0.68    0.66    0.10    19.0    19.5    0.5   -    -     0.52
100   0   0   0 1.000      20    0.68    0.66    0.10    19.0    19.5    0.5   -    -     0.53
100   0   0   0 0.995      20    0.68    0.66    0.10    18.9    19.5    0.5   -    -     0.54
100   0   0   0 0.989      20    0.68    0.67    0.10    18.8    19.5    0.5   -    -     0.55
100   0   0   0 0.989      20    0.68    0.67    0.10    18.8    19.5    0.5   -    -     0.56
100   0   0   0 0.979      20    0.68    0.67    0.10    18.6    19.5    0.5   -    -     0.57
100   0   0   0 0.968      20    0.68    0.67    0.10    18.4    19.5    1.5   -    -     0.58
100   0   0   0 0.937      20    0.68    0.67    0.09    17.8    18.5    1.5   -    -     0.59
100   0   0   0 0.900      20    0.69    0.67    0.09    17.1    18.5    3.5   -    -     0.60
100   0   0   0 0.874      20    0.69    0.67    0.09    16.6    17.5    4.5   -    -     0.61
100   0   0   0 0.811      20    0.69    0.68    0.08    15.4    16.5    5.5   -    -     0.62
100   0   0   0 0.711      20    0.70    0.70    0.08    13.5    13.5    5.5   -    -     0.63
100   0   0   0 0.632      20    0.71    0.70    0.07    12.0    13.5    4.5   -    -     0.64
100   0   0   0 0.579      20    0.72    0.72    0.08    11.0    12.5    4.5   -    -     0.65
100   0   0   0 0.521      20    0.73    0.72    0.07     9.9    11.5    5.5   -    -     0.66
100   0   0   0 0.479      20    0.73    0.72    0.07     9.1    10.5    5.5   -    -     0.67
100   0   0   0 0.416      20    0.74    0.73    0.06     7.9     9.5    7.5   -    -     0.68
 90  10   0  10 0.379      16    0.75    0.74    0.06     7.2     9.5    8.5   -    -     0.69
 90  10   0  10 0.342      16    0.75    0.74    0.05     6.5     7.5    7.5   -    -     0.70
 90  10   0  10 0.311      16    0.76    0.74    0.06     5.9     6.5    8.5   -    -     0.71
 85  15   0  15 0.263      15    0.76    0.76    0.06     5.0     5.5    7.5   -    -     0.72
 75  25   0  25 0.200      12    0.78    0.77    0.05     3.8     4.5    5.5   -    -     0.73
 65  35   0  35 0.174       9    0.78    0.78    0.03     3.3     3.5    5.5   -    -     0.74
 65  35   0  35 0.147       9    0.79    0.79    0.03     2.8     2.5    5.5   -    -     0.75
 55  45   0  35 0.132       7    0.79    0.79    0.03     2.5     1.5    5.5   -    -     0.76
 55  45   0  35 0.116       7    0.80    0.79    0.03     2.2     1.5    4.5   -    -     0.77
 55  45   0  45 0.079       7    0.81    0.80    0.02     1.5     1.5    3.5   -    -     0.78
 55  45   0  45 0.063       7    0.81    0.80    0.03     1.2     1.5    2.5   -    -     0.79
 35  65   0  55 0.042       3    0.82    0.82    0.04     0.8     0.5    1.5   -    -     0.80
  0 100   0  75 0.021       1    0.84    0.84    0.00     0.4     0.5    0.5   -    -     0.81
  0 100   0  75 0.021       1    0.84    0.84    0.00     0.4     0.5    0.5   -    -     0.82
  0 100   0  75 0.016       1    0.84    0.84    0.00     0.3     0.5    0.5   -    -     0.83
  0 100   0  90 0.005       1    0.84    0.84    0.00     0.1     0.5    0.5   -    -     0.84
  0 100   0 100 0.000       1    0.00    0.00    0.00     0.0     0.5    0.5   -    -     0.85
  0 100   0 100 0.000       1    0.00    0.00    0.00     0.0     0.5    0.5   -    -     0.86
  0 100   0 100 0.000       1    0.00    0.00    0.00     0.0     0.5    0.5   -    -     0.87
  0 100   0 100 0.000       1    0.00    0.00    0.00     0.0     0.5    0.5   -    -     0.88
  0 100   0 100 0.000       1    0.00    0.00    0.00     0.0     0.5    0.5   -    -     0.89
  0 100   0 100 0.000       1    0.00    0.00    0.00     0.0     0.5    0.5   -    -     0.90
  0 100   0 100 0.000       1    0.00    0.00    0.00     0.0     0.5    0.5   -    -     0.91
  0 100   0 100 0.000       1    0.00    0.00    0.00     0.0     0.5    0.5   -    -     0.92
  0 100   0 100 0.000       1    0.00    0.00    0.00     0.0     0.5    0.5   -    -     0.93
  0 100   0 100 0.000       1    0.00    0.00    0.00     0.0     0.5    0.5   -    -     0.94
  0 100   0 100 0.000       1    0.00    0.00    0.00     0.0     0.5    0.5   -    -     0.95
  0 100   0 100 0.000       1    0.00    0.00    0.00     0.0     0.5    0.5   -    -     0.96
  0 100   0 100 0.000       1    0.00    0.00    0.00     0.0     0.5    0.5   -    -     0.97
  0 100   0 100 0.000       1    0.00    0.00    0.00     0.0     0.5    0.5   -    -     0.98
  0 100   0 100 0.000       1    0.00    0.00    0.00     0.0     0.5    0.5   -    -     0.99
---------------------------------------------------------------------------------------------
