1.0000	0.6741	0.5966	0.6741	0.6741	0.5945	0.6003	0.6741	0.6741	0.6741	0.6741	0.6134	0.6741	0.6461	0.5198	0.6041	0.6168	0.6376	0.6376	0.6376
0.6741	1.0000	0.6725	0.7726	0.7726	0.6325	0.6973	1.0000	1.0000	1.0000	1.0000	0.6713	1.0000	0.6894	0.6368	0.7355	0.7347	0.7246	0.7246	0.7246
0.5966	0.6725	1.0000	0.7229	0.7229	0.7951	0.6190	0.6725	0.6725	0.6725	0.6725	0.6008	0.6725	0.6585	0.5597	0.6252	0.6097	0.6686	0.6686	0.6686
0.6741	0.7726	0.7229	1.0000	1.0000	0.6747	0.6181	0.7726	0.7726	0.7726	0.7726	0.6859	0.7726	0.6439	0.5844	0.6784	0.6497	0.6798	0.6798	0.6798
0.6741	0.7726	0.7229	1.0000	1.0000	0.6747	0.6181	0.7726	0.7726	0.7726	0.7726	0.6859	0.7726	0.6439	0.5844	0.6784	0.6497	0.6798	0.6798	0.6798
0.5945	0.6325	0.7951	0.6747	0.6747	1.0000	0.6417	0.6325	0.6325	0.6325	0.6325	0.5669	0.6325	0.6943	0.5803	0.6286	0.6135	0.6613	0.6613	0.6613
0.6003	0.6973	0.6190	0.6181	0.6181	0.6417	1.0000	0.6973	0.6973	0.6973	0.6973	0.6105	0.6973	0.7616	0.7499	0.7984	0.7589	0.6983	0.6983	0.6983
0.6741	1.0000	0.6725	0.7726	0.7726	0.6325	0.6973	1.0000	1.0000	1.0000	1.0000	0.6713	1.0000	0.6894	0.6368	0.7355	0.7347	0.7246	0.7246	0.7246
0.6741	1.0000	0.6725	0.7726	0.7726	0.6325	0.6973	1.0000	1.0000	1.0000	1.0000	0.6713	1.0000	0.6894	0.6368	0.7355	0.7347	0.7246	0.7246	0.7246
0.6741	1.0000	0.6725	0.7726	0.7726	0.6325	0.6973	1.0000	1.0000	1.0000	1.0000	0.6713	1.0000	0.6894	0.6368	0.7355	0.7347	0.7246	0.7246	0.7246
0.6741	1.0000	0.6725	0.7726	0.7726	0.6325	0.6973	1.0000	1.0000	1.0000	1.0000	0.6713	1.0000	0.6894	0.6368	0.7355	0.7347	0.7246	0.7246	0.7246
0.6134	0.6713	0.6008	0.6859	0.6859	0.5669	0.6105	0.6713	0.6713	0.6713	0.6713	1.0000	0.6713	0.6101	0.5820	0.6340	0.6081	0.5936	0.5936	0.5936
0.6741	1.0000	0.6725	0.7726	0.7726	0.6325	0.6973	1.0000	1.0000	1.0000	1.0000	0.6713	1.0000	0.6894	0.6368	0.7355	0.7347	0.7246	0.7246	0.7246
0.6461	0.6894	0.6585	0.6439	0.6439	0.6943	0.7616	0.6894	0.6894	0.6894	0.6894	0.6101	0.6894	1.0000	0.6430	0.7143	0.6559	0.6777	0.6777	0.6777
0.5198	0.6368	0.5597	0.5844	0.5844	0.5803	0.7499	0.6368	0.6368	0.6368	0.6368	0.5820	0.6368	0.6430	1.0000	0.7754	0.7794	0.6369	0.6369	0.6369
0.6041	0.7355	0.6252	0.6784	0.6784	0.6286	0.7984	0.7355	0.7355	0.7355	0.7355	0.6340	0.7355	0.7143	0.7754	1.0000	0.7967	0.7125	0.7125	0.7125
0.6168	0.7347	0.6097	0.6497	0.6497	0.6135	0.7589	0.7347	0.7347	0.7347	0.7347	0.6081	0.7347	0.6559	0.7794	0.7967	1.0000	0.6886	0.6886	0.6886
0.6376	0.7246	0.6686	0.6798	0.6798	0.6613	0.6983	0.7246	0.7246	0.7246	0.7246	0.5936	0.7246	0.6777	0.6369	0.7125	0.6886	1.0000	1.0000	1.0000
0.6376	0.7246	0.6686	0.6798	0.6798	0.6613	0.6983	0.7246	0.7246	0.7246	0.7246	0.5936	0.7246	0.6777	0.6369	0.7125	0.6886	1.0000	1.0000	1.0000
0.6376	0.7246	0.6686	0.6798	0.6798	0.6613	0.6983	0.7246	0.7246	0.7246	0.7246	0.5936	0.7246	0.6777	0.6369	0.7125	0.6886	1.0000	1.0000	1.0000
