-------------------------------------------------------------------------------
 L       Percentage of nodes in the largest component
 D       Percentage of nodes in components of size at most 3 [-div option]
 R       Percentage of nodes not in L or D: 100 - L -D
 S       Percentage of nodes that are singletons
 E       Fraction of edges retained (input graph has 380)
 cce     Expected size of component, nodewise [ sum(sz^2) / sum^2(sz) ]
 EW      Edge weight traits (mean, median and IQR)
 ND      Node degree traits [mean, median and IQR]
 CCF     Clustering coefficient (scale 1-100)
 eff     Induced component efficiency relative to start graph (scale 1-1000)
Total number of nodes: 20
----------------------------------------------------------------------------------------------
  L   D   R   S     E     cce  EWmean   EWmed   EWiqr  NDmean   NDmed  NDiqr CCF  eff  Cutoff 
----------------------------------------------------------------------------------------------
100   0   0   0 1.000      20    0.71    0.69    0.09    19.0    19.5    0.5   -    -     0.50
100   0   0   0 1.000      20    0.71    0.69    0.09    19.0    19.5    0.5   -    -     0.51
100   0   0   0 0.995      20    0.71    0.69    0.09    18.9    19.5    0.5   -    -     0.52
100   0   0   0 0.995      20    0.71    0.69    0.09    18.9    19.5    0.5   -    -     0.53
100   0   0   0 0.995      20    0.71    0.69    0.09    18.9    19.5    0.5   -    -     0.54
100   0   0   0 0.995      20    0.71    0.69    0.09    18.9    19.5    0.5   -    -     0.55
100   0   0   0 0.989      20    0.72    0.69    0.09    18.8    19.5    0.5   -    -     0.56
100   0   0   0 0.984      20    0.72    0.69    0.09    18.7    19.5    0.5   -    -     0.57
100   0   0   0 0.984      20    0.72    0.69    0.09    18.7    19.5    0.5   -    -     0.58
100   0   0   0 0.963      20    0.72    0.69    0.08    18.3    19.5    1.5   -    -     0.59
100   0   0   0 0.937      20    0.72    0.69    0.07    17.8    18.5    1.5   -    -     0.60
100   0   0   0 0.911      20    0.73    0.69    0.07    17.3    18.5    2.5   -    -     0.61
100   0   0   0 0.868      20    0.73    0.70    0.06    16.5    18.5    4.5   -    -     0.62
100   0   0   0 0.858      20    0.73    0.70    0.06    16.3    17.5    5.5   -    -     0.63
100   0   0   0 0.758      20    0.75    0.71    0.09    14.4    16.5    3.5   -    -     0.64
100   0   0   0 0.721      20    0.75    0.72    0.09    13.7    15.5    4.5   -    -     0.65
100   0   0   0 0.711      20    0.75    0.72    0.09    13.5    15.5    5.5   -    -     0.66
100   0   0   0 0.679      20    0.76    0.72    0.09    12.9    14.5    5.5   -    -     0.67
 95   5   0   5 0.505      18    0.78    0.73    0.06     9.6    11.5    5.5   -    -     0.68
 90  10   0  10 0.447      16    0.80    0.74    0.07     8.5    10.5   10.5   -    -     0.69
 90  10   0  10 0.395      16    0.81    0.76    0.17     7.5     9.5    9.5   -    -     0.70
 90  10   0  10 0.395      16    0.81    0.76    0.17     7.5     9.5    9.5   -    -     0.71
 90  10   0  10 0.374      16    0.81    0.77    0.28     7.1     8.5    9.5   -    -     0.72
 65  35   0  10 0.268       9    0.85    0.77    0.25     5.1     5.5    7.5   -    -     0.73
 40  35  25  10 0.205       5    0.88    0.80    0.23     3.9     3.5    5.5   -    -     0.74
 40  35  25  10 0.200       5    0.89    0.90    0.23     3.8     3.5    5.5   -    -     0.75
 40  35  25  10 0.195       5    0.89    1.00    0.23     3.7     2.5    5.5   -    -     0.76
 40  40  20  15 0.189       5    0.89    1.00    0.23     3.6     2.5    6.5   -    -     0.77
 30  70   0  20 0.116       3    0.97    1.00    0.00     2.2     1.5    4.5   -    -     0.78
 30  70   0  20 0.116       3    0.97    1.00    0.00     2.2     1.5    4.5   -    -     0.79
 30  70   0  45 0.100       3    1.00    1.00    0.00     1.9     1.5    5.5   -    -     0.80
 30  70   0  45 0.100       3    1.00    1.00    0.00     1.9     1.5    5.5   -    -     0.81
 30  70   0  45 0.100       3    1.00    1.00    0.00     1.9     1.5    5.5   -    -     0.82
 30  70   0  45 0.100       3    1.00    1.00    0.00     1.9     1.5    5.5   -    -     0.83
 30  70   0  45 0.100       3    1.00    1.00    0.00     1.9     1.5    5.5   -    -     0.84
 30  70   0  45 0.100       3    1.00    1.00    0.00     1.9     1.5    5.5   -    -     0.85
 30  70   0  45 0.100       3    1.00    1.00    0.00     1.9     1.5    5.5   -    -     0.86
 30  70   0  45 0.100       3    1.00    1.00    0.00     1.9     1.5    5.5   -    -     0.87
 30  70   0  45 0.100       3    1.00    1.00    0.00     1.9     1.5    5.5   -    -     0.88
 30  70   0  45 0.100       3    1.00    1.00    0.00     1.9     1.5    5.5   -    -     0.89
 30  70   0  45 0.100       3    1.00    1.00    0.00     1.9     1.5    5.5   -    -     0.90
 30  70   0  45 0.100       3    1.00    1.00    0.00     1.9     1.5    5.5   -    -     0.91
 30  70   0  45 0.100       3    1.00    1.00    0.00     1.9     1.5    5.5   -    -     0.92
 30  70   0  45 0.100       3    1.00    1.00    0.00     1.9     1.5    5.5   -    -     0.93
 30  70   0  45 0.100       3    1.00    1.00    0.00     1.9     1.5    5.5   -    -     0.94
 30  70   0  45 0.100       3    1.00    1.00    0.00     1.9     1.5    5.5   -    -     0.95
 30  70   0  45 0.100       3    1.00    1.00    0.00     1.9     1.5    5.5   -    -     0.96
 30  70   0  45 0.100       3    1.00    1.00    0.00     1.9     1.5    5.5   -    -     0.97
 30  70   0  45 0.100       3    1.00    1.00    0.00     1.9     1.5    5.5   -    -     0.98
 30  70   0  45 0.100       3    1.00    1.00    0.00     1.9     1.5    5.5   -    -     0.99
---------------------------------------------------------------------------------------------
