-------------------------------------------------------------------------------
 L       Percentage of nodes in the largest component
 D       Percentage of nodes in components of size at most 3 [-div option]
 R       Percentage of nodes not in L or D: 100 - L -D
 S       Percentage of nodes that are singletons
 E       Fraction of edges retained (input graph has 380)
 cce     Expected size of component, nodewise [ sum(sz^2) / sum^2(sz) ]
 EW      Edge weight traits (mean, median and IQR)
 ND      Node degree traits [mean, median and IQR]
 CCF     Clustering coefficient (scale 1-100)
 eff     Induced component efficiency relative to start graph (scale 1-1000)
Total number of nodes: 20
----------------------------------------------------------------------------------------------
  L   D   R   S     E     cce  EWmean   EWmed   EWiqr  NDmean   NDmed  NDiqr CCF  eff  Cutoff 
----------------------------------------------------------------------------------------------
100   0   0   0 1.000      20    0.63    0.59    0.07    19.0    19.5    0.5   -    -     0.50
100   0   0   0 1.000      20    0.63    0.59    0.07    19.0    19.5    0.5   -    -     0.51
100   0   0   0 0.995      20    0.63    0.59    0.07    18.9    19.5    0.5   -    -     0.52
100   0   0   0 0.942      20    0.63    0.59    0.06    17.9    19.5    2.5   -    -     0.53
100   0   0   0 0.895      20    0.64    0.60    0.06    17.0    18.5    3.5   -    -     0.54
100   0   0   0 0.816      20    0.65    0.62    0.05    15.5    16.5    3.5   -    -     0.55
100   0   0   0 0.721      20    0.66    0.62    0.05    13.7    14.5    6.5   -    -     0.56
 95   5   0   5 0.626      18    0.67    0.63    0.04    11.9    12.5    6.5   -    -     0.57
 95   5   0   5 0.589      18    0.68    0.63    0.03    11.2    11.5    6.5   -    -     0.58
 95   5   0   5 0.474      18    0.70    0.63    0.02     9.0     9.5    8.5   -    -     0.59
 95   5   0   5 0.453      18    0.71    0.63    0.02     8.6     9.5    8.5   -    -     0.60
 90  10   0  10 0.421      16    0.72    0.63    0.01     8.0     9.5   10.5   -    -     0.61
 85  15   0  15 0.374      15    0.73    0.63    0.37     7.1     9.5   11.5   -    -     0.62
 60  40   0  30 0.195       8    0.82    1.00    0.36     3.7     3.5    7.5   -    -     0.63
 30  70   0  35 0.105       3    0.98    1.00    0.00     2.0     1.5    5.5   -    -     0.64
 30  70   0  45 0.100       3    1.00    1.00    0.00     1.9     1.5    5.5   -    -     0.65
 30  70   0  45 0.100       3    1.00    1.00    0.00     1.9     1.5    5.5   -    -     0.66
 30  70   0  45 0.100       3    1.00    1.00    0.00     1.9     1.5    5.5   -    -     0.67
 30  70   0  45 0.100       3    1.00    1.00    0.00     1.9     1.5    5.5   -    -     0.68
 30  70   0  45 0.100       3    1.00    1.00    0.00     1.9     1.5    5.5   -    -     0.69
 30  70   0  45 0.100       3    1.00    1.00    0.00     1.9     1.5    5.5   -    -     0.70
 30  70   0  45 0.100       3    1.00    1.00    0.00     1.9     1.5    5.5   -    -     0.71
 30  70   0  45 0.100       3    1.00    1.00    0.00     1.9     1.5    5.5   -    -     0.72
 30  70   0  45 0.100       3    1.00    1.00    0.00     1.9     1.5    5.5   -    -     0.73
 30  70   0  45 0.100       3    1.00    1.00    0.00     1.9     1.5    5.5   -    -     0.74
 30  70   0  45 0.100       3    1.00    1.00    0.00     1.9     1.5    5.5   -    -     0.75
 30  70   0  45 0.100       3    1.00    1.00    0.00     1.9     1.5    5.5   -    -     0.76
 30  70   0  45 0.100       3    1.00    1.00    0.00     1.9     1.5    5.5   -    -     0.77
 30  70   0  45 0.100       3    1.00    1.00    0.00     1.9     1.5    5.5   -    -     0.78
 30  70   0  45 0.100       3    1.00    1.00    0.00     1.9     1.5    5.5   -    -     0.79
 30  70   0  45 0.100       3    1.00    1.00    0.00     1.9     1.5    5.5   -    -     0.80
 30  70   0  45 0.100       3    1.00    1.00    0.00     1.9     1.5    5.5   -    -     0.81
 30  70   0  45 0.100       3    1.00    1.00    0.00     1.9     1.5    5.5   -    -     0.82
 30  70   0  45 0.100       3    1.00    1.00    0.00     1.9     1.5    5.5   -    -     0.83
 30  70   0  45 0.100       3    1.00    1.00    0.00     1.9     1.5    5.5   -    -     0.84
 30  70   0  45 0.100       3    1.00    1.00    0.00     1.9     1.5    5.5   -    -     0.85
 30  70   0  45 0.100       3    1.00    1.00    0.00     1.9     1.5    5.5   -    -     0.86
 30  70   0  45 0.100       3    1.00    1.00    0.00     1.9     1.5    5.5   -    -     0.87
 30  70   0  45 0.100       3    1.00    1.00    0.00     1.9     1.5    5.5   -    -     0.88
 30  70   0  45 0.100       3    1.00    1.00    0.00     1.9     1.5    5.5   -    -     0.89
 30  70   0  45 0.100       3    1.00    1.00    0.00     1.9     1.5    5.5   -    -     0.90
 30  70   0  45 0.100       3    1.00    1.00    0.00     1.9     1.5    5.5   -    -     0.91
 30  70   0  45 0.100       3    1.00    1.00    0.00     1.9     1.5    5.5   -    -     0.92
 30  70   0  45 0.100       3    1.00    1.00    0.00     1.9     1.5    5.5   -    -     0.93
 30  70   0  45 0.100       3    1.00    1.00    0.00     1.9     1.5    5.5   -    -     0.94
 30  70   0  45 0.100       3    1.00    1.00    0.00     1.9     1.5    5.5   -    -     0.95
 30  70   0  45 0.100       3    1.00    1.00    0.00     1.9     1.5    5.5   -    -     0.96
 30  70   0  45 0.100       3    1.00    1.00    0.00     1.9     1.5    5.5   -    -     0.97
 30  70   0  45 0.100       3    1.00    1.00    0.00     1.9     1.5    5.5   -    -     0.98
 30  70   0  45 0.100       3    1.00    1.00    0.00     1.9     1.5    5.5   -    -     0.99
---------------------------------------------------------------------------------------------
