1 1 (0) 1 : 0.00000000099999999999 0.19917713674662373968 0.05756567044247039994 0.00000000099999999999 0.00143837388810721099 0.09045348616732749869 0.26611992163028386216 0.27524892725191196785 0.10527848759235078346 0.00471799428092436936
2 2 (0) 1 : 0.00000000099999999992 0.00000000099999999992 0.00000000099999999992 0.00000000099999999992 0.00000000099999999992 0.00000000099999999992 0.00000000099999999992 0.00000000099999999992 0.99999999100000003249 0.00000000099999999992
3 3 (0) 2 : 0.00000000099999999998 0.14998326127451758194 0.00405552526257213931 0.00000000099999999998 0.00000000099999999998 0.00000000099999999998 0.00000000099999999998 0.00000000099999999998 0.50976779427371154974 0.33619341318919876427
4 4 (0) 2 : 0.24136689224386745356 0.00135448937708670556 0.00000000099999999999 0.06290330774833211014 0.06124942001497757360 0.00000000099999999999 0.14727121945159477034 0.18207947843868854676 0.30377518972545280995 0.00000000099999999999
5 5 (0) 2 : 0.00000000099999999999 0.00033508818414721960 0.35817223506959955381 0.14928663474260661648 0.12496370491073655051 0.25620915981992437027 0.00001808950916392926 0.00000000099999999999 0.00000000099999999999 0.11101508476382195012
6 6 (0) 2 : 0.18796153088576381118 0.20471393685867175782 0.00000000099999999998 0.03427476402310032644 0.00000000099999999998 0.00000000099999999998 0.22559690793139960951 0.34745285530106440053 0.00000000099999999998 0.00000000099999999998
7 7 (0) 2 : 0.14320440318059968199 0.09436154043100762612 0.24657393543833572291 0.16183925214497710265 0.10013720966753407449 0.00000000099999999999 0.00000000099999999999 0.00000000099999999999 0.25388365513754573843 0.00000000099999999999
8 8 (0) 2 : 0.32619713810580469593 0.16194543582125156544 0.00000000099999999998 0.00000000099999999998 0.00000000099999999998 0.30335262704783316767 0.00000000099999999998 0.00000000099999999998 0.00000000099999999998 0.20850479302511076840
9 9 (0) 2 : 0.00025966364843131926 0.00000004707863199257 0.11726237687409590826 0.09105926021020764594 0.42423418806974128037 0.16688998159453699577 0.00000000099999999999 0.00000000099999999999 0.20029447952435469604 0.00000000099999999999
10 10 (0) 2 : 0.99999999100000025454 0.00000000099999999989 0.00000000099999999989 0.00000000099999999989 0.00000000099999999989 0.00000000099999999989 0.00000000099999999989 0.00000000099999999989 0.00000000099999999989 0.00000000099999999989
11 11 (0) 2 : 0.00000000100000000000 0.00000112474631649230 0.00000000100000000000 0.37747622159007693243 0.17156387597747999041 0.00000000100000000000 0.12920368866449224998 0.12408201124614016975 0.00000000100000000000 0.19767307377549434011
12 12 (0) 2 : 0.22060767666768041351 0.14166379130690051613 0.04797218962561165811 0.00000000099999999999 0.00000000099999999999 0.00000000099999999999 0.14261672514800760592 0.00000000140978635690 0.07005627658482643794 0.37708333625718692961
13 13 (0) 2 : 0.00000000099999999998 0.00000000099999999998 0.00000000099999999998 0.17187205749618836292 0.11189520632911685583 0.44658956741466415696 0.00000000099999999998 0.00000000099999999998 0.00000000099999999998 0.26964316276003075235
14 14 (0) 2 : 0.00000000099999999996 0.00000000099999999996 0.00000000099999999996 0.00000000099999999996 0.22910169122213186466 0.77089830077786825058 0.00000000099999999996 0.00000000099999999996 0.00000000099999999996 0.00000000099999999996
15 15 (0) 2 : 0.10655194631129279170 0.01587983010876054327 0.00000002249858897173 0.09741024484551785712 0.00000000099999999999 0.24055756965781882606 0.00000000099999999999 0.00000000099999999999 0.18687207508876327311 0.35272830848925762481
16 16 (0) 2 : 0.00000000099999999998 0.00000000099999999998 0.34846399183468329541 0.00000000099999999998 0.00000000099999999998 0.00000000099999999998 0.26488334096214916080 0.00000000099999999998 0.38665266020316735318 0.00000000099999999998
17 17 (0) 2 : 0.00000000099999999999 0.00000000099999999999 0.39314035868640501148 0.24894180009952790456 0.00000000099999999999 0.00000000099999999999 0.00000000099999999999 0.00000000099999999999 0.35791783421406714316 0.00000000099999999999
18 18 (0) 2 : 0.21959069592726979114 0.26893679191842823073 0.00001556125959580588 0.08749618649389788450 0.07329749667780355304 0.00000000100000000000 0.00000000100000000000 0.07967665681129569577 0.08843388073326223509 0.18255272817844667155
19 19 (0) 2 : 0.00000000099999999999 0.14134909328519820737 0.00000000099999999999 0.00000000099999999999 0.25351878331529997812 0.00000000099999999999 0.00000000099999999999 0.00000000099999999999 0.40719222204187277558 0.19793989535762890331
20 20 (0) 2 : 0.19741851877631136358 0.00000000099999999999 0.15816467466352943094 0.00000000099999999999 0.25876531039494160558 0.00000000099999999999 0.12130001607048156165 0.10126007512941220812 0.16309140096532376285 0.00000000099999999999
21 21 (0) 2 : 0.00000273165231097574 0.21771247361518411556 0.11797194416309800258 0.00000000099999999999 0.38607652072407139254 0.00000000099999999999 0.00000000099999999999 0.15034175350264486481 0.00000000099999999999 0.12789457234269069330
22 22 (0) 2 : 0.00000000099999999998 0.00000000099999999998 0.23133709005626387767 0.00000000099999999998 0.33210683449153738378 0.00000000099999999998 0.28342735115386052946 0.00000000099999999998 0.00000000099999999998 0.15312871829833837878
23 23 (0) 2 : 0.23377424015427614168 0.00000000099999999999 0.00000000099999999999 0.16723284960824214007 0.00000000099999999999 0.33384580780936190525 0.26514709642811978840 0.00000000099999999999 0.00000000099999999999 0.00000000099999999999
24 24 (0) 2 : 0.00000000099999999998 0.00000000099999999998 0.00000000099999999998 0.00000000099999999998 0.00000000099999999998 0.35553419297526045462 0.00000000099999999998 0.23163563273436194034 0.00000000099999999998 0.41283016729037758097
25 25 (0) 2 : 0.00000003663487846965 0.15685325030741811836 0.00000000099999999999 0.00000002390625624016 0.14745056957659816166 0.00000000099999999999 0.00000000099999999999 0.08015203672320914130 0.19065311875673829345 0.42489096109490137598
26 26 (0) 2 : 0.00000381192245686922 0.06301373411032072658 0.22095421139728563253 0.11236940368339948249 0.00000000099999999999 0.00000000099999999999 0.23771465475453665284 0.00000000099999999999 0.00000000099999999999 0.36594418013200069595
27 27 (0) 2 : 0.06860042811358460502 0.00000000099999999999 0.00000000099999999999 0.00000000099999999999 0.31610503785903060203 0.29115178339620162440 0.00000000099999999999 0.06567556348621209072 0.00000000099999999999 0.25846718214497110822
28 28 (0) 2 : 0.10477295952815703084 0.23544451428398535664 0.06849518430837404914 0.00000000099999999999 0.00000000099999999999 0.18589822077314635540 0.00000000099999999999 0.00000000099999999999 0.00000000099999999999 0.40538911610633726612
29 29 (0) 2 : 0.40456855129433261231 0.00000000099999999997 0.00000000099999999997 0.00000000099999999997 0.00000000099999999997 0.00000000099999999997 0.00000000099999999997 0.00000000099999999997 0.00000000099999999997 0.59543144070566733639
30 30 (0) 3 : 0.00000000099999999998 0.00000000099999999998 0.00000000099999999998 0.00000000099999999998 0.00000000099999999998 0.00000000099999999998 0.47527844261879359511 0.00456796671056766083 0.00000000099999999998 0.52015358367063868616
31 31 (0) 3 : 0.00000000100000000000 0.00000000100000000000 0.05498655911553342740 0.15752276791009717227 0.19437730628258506616 0.35158245060021231509 0.11554345748939894023 0.04635162154492576680 0.07963583405724730668 0.00000000100000000000
32 32 (0) 3 : 0.30601070800289864593 0.00000000099999999999 0.00000000099999999999 0.20507920055812772775 0.00000000099999999999 0.25212770196538436540 0.08792756070564466953 0.00000000099999999999 0.00010976039435579568 0.14874506437358883670
33 33 (0) 3 : 0.21435612100243922606 0.10005160721408341840 0.00000000100000000000 0.10379593985589620486 0.03801662111420849727 0.13618641579754639515 0.00000000100000000000 0.00000000100000000000 0.26059963858650581070 0.14699365342932049772
34 34 (0) 3 : 0.00000000099999999998 0.00000000099999999998 0.35411778976071445202 0.00000000099999999998 0.48831313508655593836 0.00000000099999999998 0.00000000099999999998 0.00000000099999999998 0.00000027385652293349 0.15756879529620673730
35 35 (0) 3 : 0.00000000099999999996 0.00000000099999999996 0.00000000099999999996 0.00000000099999999996 0.00000000099999999996 0.00000000099999999996 0.56299591365767909235 0.00000000099999999996 0.43700407834232085635 0.00000000099999999996
36 36 (0) 3 : 0.30696817045836582993 0.12778200986256871285 0.36524273271537016639 0.00000000099999999999 0.20000706842665835761 0.00000000807287123524 0.00000000099999999999 0.00000000099999999999 0.00000000646416575062 0.00000000099999999999
37 37 (0) 3 : 0.17843029184182038205 0.35419714947341635058 0.00000000100000000000 0.00000002779827258914 0.00000000100000000000 0.00010318439296941458 0.03081760419292374834 0.00000000952751653618 0.14889423731889642188 0.28755749345418452068
38 38 (0) 3 : 0.00000000099999999983 0.00000000099999999983 0.00000000099999999983 0.00000000099999999983 0.00000000099999999983 0.00000000099999999983 0.00000000099999999983 0.99999999099999992147 0.00000000099999999983 0.00000000099999999983
39 39 (0) 3 : 0.02924494451109546991 0.25964127105620116165 0.19938828604515851373 0.05132528617945179839 0.00000000997892736665 0.27753266213945837482 0.12119290600783418077 0.00000000100000000000 0.06161398244996468820 0.00006065063190847127
40 40 (0) 3 : 0.00000000099999999996 0.00000000099999999996 0.58597418295082503992 0.00000000099999999996 0.00000000099999999996 0.00000000099999999996 0.41402580904917507532 0.00000000099999999996 0.00000000099999999996 0.00000000099999999996
41 41 (0) 3 : 0.19931367519189685522 0.10051178158398253737 0.00000000099999999999 0.00000000099999999999 0.00000000099999999999 0.26694481633799743703 0.00000000099999999999 0.15143477078296463390 0.16769682158437726471 0.11409813051878128776
42 42 (0) 3 : 0.00000000099999999990 0.00000000099999999990 0.00000000099999999990 0.00000000099999999990 0.99999999100000003249 0.00000000099999999990 0.00000000099999999990 0.00000000099999999990 0.00000000099999999990 0.00000000099999999990
43 43 (0) 3 : 0.23989493256427849022 0.12951353993247124996 0.00000000100000000000 0.00000042066656898153 0.00000000100000000000 0.26238823709889280700 0.24289368181560708204 0.00000003619967954786 0.00002498693703991681 0.12528416278546178342
44 44 (0) 3 : 0.00000000099999999996 0.00000000099999999996 0.69987807920856226485 0.00000000099999999996 0.30012191279143773937 0.00000000099999999996 0.00000000099999999996 0.00000000099999999996 0.00000000099999999996 0.00000000099999999996
45 45 (0) 3 : 0.00000000099999999991 0.00000000099999999991 0.99999999100000003249 0.00000000099999999991 0.00000000099999999991 0.00000000099999999991 0.00000000099999999991 0.00000000099999999991 0.00000000099999999991 0.00000000099999999991
46 46 (0) 3 : 0.01932271424047498146 0.17308303651619605379 0.00000000099999999999 0.00000000099999999999 0.20311806108613131294 0.00000002813427062528 0.24334544585330333821 0.00000000099999999999 0.36113071016962372539 0.00000000099999999999
47 47 (0) 3 : 0.18542913721741349775 0.08364701442473661264 0.35000156246761110479 0.17790016399694902338 0.20302211597865402193 0.00000000099999999999 0.00000000099999999999 0.00000000099999999999 0.00000000191463578338 0.00000000099999999999
48 48 (0) 3 : 0.30855479789528722501 0.00000000099999999995 0.00000000099999999995 0.00000000099999999995 0.00000000099999999995 0.00000000099999999995 0.00000000099999999995 0.00000000099999999995 0.69144519410471261267 0.00000000099999999995
49 49 (0) 3 : 0.00000000099999999989 0.00000000099999999989 0.00000000099999999989 0.00000000099999999989 0.99999999100000003249 0.00000000099999999989 0.00000000099999999989 0.00000000099999999989 0.00000000099999999989 0.00000000099999999989
50 50 (0) 3 : 0.00000000099999999998 0.00000000099999999998 0.00000000099999999998 0.00000000099999999998 0.00000000099999999998 0.61613816962242351494 0.38386182237757665581 0.00000000099999999998 0.00000000099999999998 0.00000000099999999998
51 51 (0) 3 : 0.00000000099999999999 0.00000057135443924449 0.25830682480092570508 0.08268227340649830781 0.35830873601308055321 0.00015511229402128922 0.00000000099999999999 0.00000878457962791872 0.30053769455140694200 0.00000000099999999999
52 52 (0) 3 : 0.15308140638458128668 0.00000000099999999998 0.00000000099999999998 0.17720173456046006688 0.00000000099999999998 0.38254752540954467532 0.28716932764541391876 0.00000000099999999998 0.00000000099999999998 0.00000000099999999998
53 53 (0) 3 : 0.15244382251414043128 0.00000000100000000000 0.30946650884893328604 0.01755550300895281080 0.05082573517435527710 0.19136767493311970800 0.00000000100000000000 0.00000098158930089568 0.12154179809966109138 0.15679797383153643020
54 54 (0) 3 : 0.00000000099999999999 0.23802865891851907043 0.18811402538676399998 0.00000000099999999999 0.18070453760968033241 0.18754887567305469909 0.14968407805492475737 0.05591982035705711507 0.00000000099999999999 0.00000000099999999999
55 55 (0) 3 : 0.00000000099999999999 0.09176002990198534048 0.24215839273084685535 0.00000000099999999999 0.35871605085015684233 0.25923040062092189695 0.00000000099999999999 0.00000000099999999999 0.00000044113766222908 0.04813468075842675109
56 56 (0) 3 : 0.00000000099999999998 0.00000000099999999998 0.00000000099999999998 0.00000000099999999998 0.30211957854813531466 0.27959465608509015411 0.00000000099999999998 0.00000000099999999998 0.01120186231149933841 0.40708389705527536773
57 57 (0) 3 : 0.06198035173007589854 0.11503389435315403144 0.12425387739381300867 0.25092601929917263126 0.11949810124312290616 0.00000000099999999999 0.00000000099999999999 0.05271223354887393658 0.27559551943178750566 0.00000000099999999999
58 58 (0) 3 : 0.00000000099999999988 0.00000000099999999988 0.00000000099999999988 0.00000000099999999988 0.00000000099999999988 0.00000000099999999988 0.00000000099999999988 0.99999999099999992147 0.00000000099999999988 0.00000000099999999988
59 59 (0) 3 : 0.00000000099999999988 0.00000000099999999988 0.00000000099999999988 0.00000000099999999988 0.00000000099999999988 0.00000000099999999988 0.00000000099999999988 0.00000000099999999988 0.00000000099999999988 0.99999999099999992147
60 60 (0) 4 : 0.00000000099999999991 0.99999999100000014352 0.00000000099999999991 0.00000000099999999991 0.00000000099999999991 0.00000000099999999991 0.00000000099999999991 0.00000000099999999991 0.00000000099999999991 0.00000000099999999991
61 61 (0) 4 : 0.00000000099999999994 0.00000000099999999994 0.99999999100000003249 0.00000000099999999994 0.00000000099999999994 0.00000000099999999994 0.00000000099999999994 0.00000000099999999994 0.00000000099999999994 0.00000000099999999994
62 62 (0) 4 : 0.00054799039159379660 0.00144061674295131443 0.00000000099999999998 0.11614422845140109919 0.23362057079996878528 0.00000000099999999998 0.00000000099999999998 0.00000000099999999998 0.64824658861408479549 0.00000000099999999998
63 63 (0) 4 : 0.00000000099999999999 0.14690011549462186902 0.25309184491270420025 0.05114158435808412173 0.00000000099999999999 0.00000000099999999999 0.09580138638683038943 0.00000000099999999999 0.45306506384775929730 0.00000000099999999999
64 64 (0) 4 : 0.00000000099999999999 0.00000000099999999999 0.17222671512067178057 0.00000000099999999999 0.07600422751053279025 0.00000000099999999999 0.00000000099999999999 0.12690331652429559517 0.23523615729465388591 0.38962957854984608952
65 65 (0) 4 : 0.00000009073002131861 0.00000000099999999998 0.00000000099999999998 0.00000000099999999998 0.00000000099999999998 0.52912546141695349089 0.00000000099999999998 0.00000000099999999998 0.47087444085302515573 0.00000000099999999998
66 66 (0) 4 : 0.05136579185346401566 0.00000000100000000000 0.27438787757829496972 0.10657153164471387663 0.09166089156829512752 0.04929173583063553576 0.00000000100000000000 0.00000000100000000000 0.21678791370696415264 0.20993425481763236529
67 67 (0) 4 : 0.21875665379587655446 0.00000000099999999999 0.17182995856784019639 0.10952549317552795483 0.31768768245633860481 0.00000001473283831753 0.00000000099999999999 0.13381008344921069275 0.04839011082236765321 0.00000000099999999999
68 68 (0) 4 : 0.12856224968045956714 0.00000000100000000000 0.26405724171037175951 0.27656491738688010473 0.04875415467736314568 0.02151614367947209810 0.00196857580137545229 0.06615293835902419373 0.19242377670505375620 0.00000000100000000000
69 69 (0) 4 : 0.00000000099999999999 0.00000067488298328901 0.00000000099999999999 0.00000000099999999999 0.29645245877948545044 0.00000000099999999999 0.28049737702422472552 0.00000000099999999999 0.32356855605992229652 0.09948092825338433753
70 70 (0) 4 : 0.33867331709309278498 0.38984748390151091613 0.00000000099999999998 0.00000000102321979240 0.00000000099999999998 0.00000000099999999998 0.27147919198217645986 0.00000000099999999998 0.00000000099999999998 0.00000000099999999998
71 71 (0) 1 : 0.00000000099999999998 0.00000000099999999998 0.51565554883539155284 0.00000000099999999998 0.48434190628150908253 0.00000000099999999998 0.00000000099999999998 0.00000000099999999998 0.00000253788309939369 0.00000000099999999998
72 72 (0) 1 : 0.00000000099999999985 0.00000000099999999985 0.00000000099999999985 0.00000000099999999985 0.00000000099999999985 0.00000000099999999985 0.00000000099999999985 0.99999999100000003249 0.00000000099999999985 0.00000000099999999985
73 73 (0) 1 : 0.00000000099999999989 0.99999999100000014352 0.00000000099999999989 0.00000000099999999989 0.00000000099999999989 0.00000000099999999989 0.00000000099999999989 0.00000000099999999989 0.00000000099999999989 0.00000000099999999989
74 74 (0) 1 : 0.99999999100000014352 0.00000000099999999987 0.00000000099999999987 0.00000000099999999987 0.00000000099999999987 0.00000000099999999987 0.00000000099999999987 0.00000000099999999987 0.00000000099999999987 0.00000000099999999987
75 75 (0) 1 : 0.00000000099999999999 0.00000000099999999999 0.35639761501249594966 0.18613059524527328370 0.05404939210087488649 0.00007204026931361657 0.13788002693416726019 0.00000000099999999999 0.04333839014146797369 0.22213193729640709484
76 76 (0) 1 : 0.00000000099999999985 0.99999999100000014352 0.00000000099999999985 0.00000000099999999985 0.00000000099999999985 0.00000000099999999985 0.00000000099999999985 0.00000000099999999985 0.00000000099999999985 0.00000000099999999985
77 77 (0) 1 : 0.48178614054295093583 0.00000000099999999997 0.00000000099999999997 0.00000000099999999997 0.00000000099999999997 0.00000000099999999997 0.00000000099999999997 0.51821385145704901287 0.00000000099999999997 0.00000000099999999997
78 78 (0) 1 : 0.26578849880461685729 0.00000000099999999999 0.00000000099999999999 0.00813531956148464026 0.00000000099999999999 0.06911688567072817035 0.00000000099999999999 0.40057770656763785899 0.00000000099999999999 0.25638158439553232482
79 79 (0) 1 : 0.24034274747874942446 0.00005146376903836395 0.00000000099999999999 0.28787910147097844904 0.00000000099999999999 0.00000000099999999999 0.00000000099999999999 0.15679096030141534412 0.31493572197981839489 0.00000000099999999999
80 80 (0) 1 : 0.30262979362941716532 0.00000000099999999998 0.00000000099999999998 0.27533988660704505902 0.42203004195114485197 0.00000027181239294987 0.00000000099999999998 0.00000000099999999998 0.00000000099999999998 0.00000000099999999998
81 81 (0) 1 : 0.00000000099999999998 0.22709297789997343053 0.00000000099999999998 0.00000000099999999998 0.00000000099999999998 0.45801713960444212503 0.19958995817328128997 0.11529991832230318538 0.00000000099999999998 0.00000000099999999998
82 82 (0) 1 : 0.00000000099999999997 0.00000000099999999997 0.00000000099999999997 0.00000000099999999997 0.00000000099999999997 0.61765438908698611087 0.00000000099999999997 0.38234560291301405988 0.00000000099999999997 0.00000000099999999997
83 83 (0) 1 : 0.00000000100000000000 0.00000819354143029531 0.13540265096632941866 0.15327552429677560042 0.19820673514283082550 0.00000000100000000000 0.00000000100000000000 0.17264217230537770575 0.15912448713738336359 0.18134023360987269746
84 84 (0) 1 : 0.00000000099999999996 0.00000000099999999996 0.00000000099999999996 0.00000000099999999996 0.00000000099999999996 0.69337230220242707102 0.00000000099999999996 0.00000000099999999996 0.00000000099999999996 0.30662768979757298871
85 85 (0) 1 : 0.00000000099999999999 0.14290471757076317338 0.17243636628671854538 0.27051223032620008713 0.16634738503615861815 0.00000000099999999999 0.05373115815647559051 0.00000000099999999999 0.00000000099999999999 0.19406813862368402224
86 86 (0) 1 : 0.35046110204331265559 0.00000000099999999998 0.00000000099999999998 0.00000000099999999998 0.00000000099999999998 0.00000000099999999998 0.00000000099999999998 0.01839334375052985304 0.31103057180448290264 0.32011497640167424494
87 87 (0) 1 : 0.00000000099999999998 0.00000000099999999998 0.00000000099999999998 0.00000000099999999998 0.00000000099999999998 0.46111912012385902759 0.00345840190227801516 0.53542247097386308496 0.00000000099999999998 0.00000000099999999998
88 88 (0) 1 : 0.00000000099999999995 0.00000000099999999995 0.00000000099999999995 0.70581907490036632780 0.00000000099999999995 0.00000000099999999995 0.00000000099999999995 0.00000000099999999995 0.00000000099999999995 0.29418091709963384295
89 89 (0) 1 : 0.21797249111983088565 0.22347861880767164178 0.23434314267718858726 0.09783239324227041567 0.00000000099999999999 0.00000000099999999999 0.22193687537119188846 0.00443647478184666828 0.00000000099999999999 0.00000000099999999999
90 90 (0) 1 : 0.00000041357120783703 0.00000000099999999998 0.00000000099999999998 0.39252550872404134985 0.00000000099999999998 0.15880064023219486735 0.44867343147255595026 0.00000000099999999998 0.00000000099999999998 0.00000000099999999998
91 91 (0) 1 : 0.00000000099999999983 0.00000000099999999983 0.00000000099999999983 0.99999999100000014352 0.00000000099999999983 0.00000000099999999983 0.00000000099999999983 0.00000000099999999983 0.00000000099999999983 0.00000000099999999983
92 92 (0) 1 : 0.00000000099999999998 0.00000000099999999998 0.00000000099999999998 0.00000000099999999998 0.00000000099999999998 0.29751756706177162615 0.17637091943339563982 0.00000000099999999998 0.23866473874095145424 0.28744676876388114417
93 93 (0) 1 : 0.00000000099999999987 0.99999999100000014352 0.00000000099999999987 0.00000000099999999987 0.00000000099999999987 0.00000000099999999987 0.00000000099999999987 0.00000000099999999987 0.00000000099999999987 0.00000000099999999987
94 94 (0) 1 : 0.00000000099999999999 0.11033281778817297103 0.38370724283601254090 0.09731370034527928037 0.08578057350486043009 0.00000000099999999999 0.12274169408288045091 0.00000000099999999999 0.20012396744279442595 0.00000000099999999999
95 95 (0) 1 : 0.01905703111223120555 0.00000000099999999999 0.31979191115345995122 0.00000000099999999999 0.42782079459678107325 0.00000000099999999999 0.00000000099999999999 0.00000000099999999999 0.00000000099999999999 0.23333025713752780783
96 96 (0) 1 : 0.00000000099999999999 0.19306792294253571907 0.16196879027207550239 0.00482956892291584380 0.40534899900367155068 0.00000000099999999999 0.00000000099999999999 0.00000000099999999999 0.14285240360736004006 0.09193231125144134264
97 97 (0) 1 : 0.19042521689519878447 0.16986822391386369180 0.00000000099999999999 0.00000000099999999999 0.00000000099999999999 0.32472743635351081215 0.31497911683742663147 0.00000000099999999999 0.00000000099999999999 0.00000000099999999999
98 98 (0) 1 : 0.34692126054553967807 0.04264846643800950660 0.00000000100000000000 0.21018960493580932103 0.18944903239189711530 0.01161532657985648795 0.09389883511096351609 0.00000000100000000000 0.00000000100000000000 0.10527747099792429675
99 99 (0) 4 : 0.00000000099999999988 0.00000000099999999988 0.00000000099999999988 0.00000000099999999988 0.99999999100000014352 0.00000000099999999988 0.00000000099999999988 0.00000000099999999988 0.00000000099999999988 0.00000000099999999988
100 100 (0) 4 : 0.00000000099999999994 0.00000000099999999994 0.00000000099999999994 0.00000000099999999994 0.99999999100000003249 0.00000000099999999994 0.00000000099999999994 0.00000000099999999994 0.00000000099999999994 0.00000000099999999994
101 101 (0) 5 : 0.14378604845282577651 0.16534402558008542972 0.00001271243454222430 0.22898305796736251327 0.08377415875921910560 0.00000000100000000000 0.00000009558871646688 0.00000000100000000000 0.13269564742070333319 0.24540425179654540289
102 102 (0) 5 : 0.00000000099999999986 0.00000000099999999986 0.00000000099999999986 0.00000000099999999986 0.00000000099999999986 0.00000000099999999986 0.99999999099999992147 0.00000000099999999986 0.00000000099999999986 0.00000000099999999986
103 103 (0) 5 : 0.00000000099999999990 0.00000000099999999990 0.00000000099999999990 0.00000000099999999990 0.99999999100000003249 0.00000000099999999990 0.00000000099999999990 0.00000000099999999990 0.00000000099999999990 0.00000000099999999990
104 104 (0) 5 : 0.00001855871158649284 0.11486109155943310944 0.00000000311516037628 0.00000000100000000000 0.11994932254023037144 0.14936341592098054121 0.00000000100000000000 0.18934400382615398928 0.12268153618911224745 0.30378206613734287656
105 105 (0) 5 : 0.43388084043634145281 0.23011232096281097892 0.00000000099999999998 0.14891536747470360269 0.00000000099999999998 0.00000000099999999998 0.00000000099999999998 0.00036080417635672046 0.18673066194978746313 0.00000000099999999998
106 106 (0) 4 : 0.00000000099999999986 0.00000000099999999986 0.00000000099999999986 0.00000000099999999986 0.00000000099999999986 0.00000000099999999986 0.00000000099999999986 0.00000000099999999986 0.00000000099999999986 0.99999999100000003249
107 107 (0) 4 : 0.00000000099999999998 0.13066545734377735255 0.00000000099999999998 0.38930104395774794979 0.00076109899216576619 0.47927239370630891901 0.00000000099999999998 0.00000000099999999998 0.00000000099999999998 0.00000000099999999998
108 108 (0) 4 : 0.09446079233993576185 0.05389473622974785133 0.15182457123848008829 0.00000000099999999999 0.00000041862533404441 0.10568378226066157954 0.14121897657812165772 0.37114555740349453039 0.00000000099999999999 0.08177116332422439127
109 109 (0) 4 : 0.68485970915615523857 0.31514028284384509870 0.00000000099999999997 0.00000000099999999997 0.00000000099999999997 0.00000000099999999997 0.00000000099999999997 0.00000000099999999997 0.00000000099999999997 0.00000000099999999997
110 110 (0) 4 : 0.00000000099999999989 0.00000000099999999989 0.00000000099999999989 0.00000000099999999989 0.00000000099999999989 0.00000000099999999989 0.00000000099999999989 0.00000000099999999989 0.00000000099999999989 0.99999999100000003249
111 111 (0) 5 : 0.20257370333505353432 0.00000000099999999999 0.17619446381538761415 0.17564227223658190891 0.00000019931633996665 0.00000000099999999999 0.00000000099999999999 0.12111238510943703184 0.00000000099999999999 0.32447697218720011891
112 112 (0) 5 : 0.00000000099999999992 0.00000000099999999992 0.00000000099999999992 0.00000000099999999992 0.00000000099999999992 0.00000000099999999992 0.00000000099999999992 0.00000000099999999992 0.99999999099999992147 0.00000000099999999992
113 113 (0) 5 : 0.18146261537340407921 0.10195513910648738853 0.18663133413911045522 0.07139809565082011478 0.00022042836393375607 0.20680223626306568074 0.08647001794728993718 0.07661260949677820009 0.08844752265911018374 0.00000000100000000000
114 114 (0) 5 : 0.32643525024075065177 0.00000000099999999995 0.00000000099999999995 0.00000000099999999995 0.00000000099999999995 0.00000000099999999995 0.00000000099999999995 0.00000000099999999995 0.00000000099999999995 0.67356474175924907488
115 115 (0) 5 : 0.00000000099999999986 0.00000000099999999986 0.00000000099999999986 0.00000000099999999986 0.00000000099999999986 0.00000000099999999986 0.99999999100000003249 0.00000000099999999986 0.00000000099999999986 0.00000000099999999986
116 116 (0) 5 : 0.07694287596329885126 0.15172139826229777415 0.00000000099999999999 0.11864478925272813059 0.00000000099999999999 0.28561314291738659765 0.05778113813133360643 0.00000000099999999999 0.00000000099999999999 0.30929665147295493099
117 117 (0) 4 : 0.00000000099999999996 0.00000000099999999996 0.00000000099999999996 0.00000000099999999996 0.00000000099999999996 0.51626599118803140342 0.00000000099999999996 0.00000000099999999996 0.48373400081196860079 0.00000000099999999996
118 118 (0) 4 : 0.00000000099999999999 0.14264888489429344842 0.34182835510797116019 0.00000000099999999999 0.00144379140821838925 0.00000000099999999999 0.00000000099999999999 0.30847105036398198008 0.00000000099999999999 0.20560791322553495508
119 119 (0) 4 : 0.00000000099999999999 0.07708637118953627632 0.11965912137267559201 0.05623391432855134875 0.22611417478558185068 0.27918240379624170711 0.00000000099999999999 0.08691192151465607085 0.00000000099999999999 0.15481209001275714199
120 120 (0) 4 : 0.00000000099999999998 0.00000000099999999998 0.00000000099999999998 0.00000000099999999998 0.56211731278567511616 0.00000000099999999998 0.00000000099999999998 0.43788267921432505458 0.00000000099999999998 0.00000000099999999998
121 121 (0) 4 : 0.00000000099999999999 0.15807302918205948239 0.00000000099999999999 0.26616392398098065453 0.16366121773359068592 0.22375847876806514991 0.08077823550351340143 0.00000000099999999999 0.00000000099999999999 0.10756511083179082222
122 122 (0) 4 : 0.00000000099999999988 0.00000000099999999988 0.00000000099999999988 0.00000000099999999988 0.00000000099999999988 0.00000000099999999988 0.00000000099999999988 0.00000000099999999988 0.99999999099999992147 0.00000000099999999988
123 123 (0) 4 : 0.59601022717869267531 0.00000000099999999996 0.00000000099999999996 0.00000000099999999996 0.00000000099999999996 0.00000000099999999996 0.00000000099999999996 0.40398976482130766197 0.00000000099999999996 0.00000000099999999996
124 124 (0) 4 : 0.00000000099999999989 0.00000000099999999989 0.00000000099999999989 0.00000000099999999989 0.00000000099999999989 0.00000000099999999989 0.00000000099999999989 0.00000000099999999989 0.99999999100000003249 0.00000000099999999989
125 125 (0) 5 : 0.00000000099999999999 0.00000000099999999999 0.00000000099999999999 0.20459285724925260763 0.12336456723737980468 0.28954940343770030342 0.00000000099999999999 0.00000000099999999999 0.08477709714967394949 0.29771606992599342068
126 126 (0) 5 : 0.21297408986049223834 0.00000000099999999999 0.00000000099999999999 0.04606320471884302326 0.00000000099999999999 0.41254992614074970092 0.00000000099999999999 0.30169199683622099917 0.02671915024740360162 0.00000162819629043829
127 127 (0) 5 : 0.00000000099999999987 0.00000000099999999987 0.00000000099999999987 0.00000000099999999987 0.00000000099999999987 0.00000000099999999987 0.00000000099999999987 0.99999999099999992147 0.00000000099999999987 0.00000000099999999987
128 128 (0) 5 : 0.04513560764079364851 0.00000000100000000000 0.06369992559717903291 0.34854234937850397946 0.04891465806787930609 0.00000000100000000000 0.00000766486727705774 0.05826088309546982591 0.20551251492941252641 0.22992639442348461465
129 129 (0) 5 : 0.99999999100000014352 0.00000000099999999987 0.00000000099999999987 0.00000000099999999987 0.00000000099999999987 0.00000000099999999987 0.00000000099999999987 0.00000000099999999987 0.00000000099999999987 0.00000000099999999987
130 130 (0) 5 : 0.00000000099999999999 0.00000000099999999999 0.19292028849987100103 0.00000000099999999999 0.00000000099999999999 0.16655638449061266337 0.35906852208927120262 0.05227644067681739420 0.22917835924342774834 0.00000000099999999999
131 131 (0) 5 : 0.00000000099999999997 0.42638866169394268324 0.57361110156260941562 0.00000000099999999997 0.00000022974344792207 0.00000000099999999997 0.00000000099999999997 0.00000000099999999997 0.00000000099999999997 0.00000000099999999997
132 132 (0) 5 : 0.00000000099999999999 0.00000000099999999999 0.34162397527962706789 0.00000000099999999999 0.00000000099999999999 0.00000000099999999999 0.00000000099999999999 0.00000000099999999999 0.37795514867149643257 0.28042086904887636445
133 133 (0) 5 : 0.00000000100000000000 0.16173841960744875235 0.00000000100000000000 0.00028364127634488312 0.00000000100000000000 0.08549836030265106634 0.13851095786202421989 0.11982313020151291738 0.17778638129640078613 0.31635910645361731142
134 134 (0) 5 : 0.00000000099999999990 0.00000000099999999990 0.99999999100000003249 0.00000000099999999990 0.00000000099999999990 0.00000000099999999990 0.00000000099999999990 0.00000000099999999990 0.00000000099999999990 0.00000000099999999990
135 135 (0) 5 : 0.00330527513396136662 0.15982623725038339058 0.00000000099999999999 0.00000000099999999999 0.24043394347350507956 0.07913256590795006429 0.18055104376914904440 0.10211400470512058125 0.00000000099999999999 0.23463692675993041981
136 136 (0) 5 : 0.00000000099999999998 0.06451081649561656028 0.00000000099999999998 0.14531737619634507719 0.00000000099999999998 0.00000000099999999998 0.25178675927403504353 0.26624098752349939501 0.00000000099999999998 0.27214405551050396825
137 137 (0) 5 : 0.00000000099999999989 0.00000000099999999989 0.00000000099999999989 0.00000000099999999989 0.00000000099999999989 0.99999999100000014352 0.00000000099999999989 0.00000000099999999989 0.00000000099999999989 0.00000000099999999989
138 138 (0) 5 : 0.00000000099999999989 0.00000000099999999989 0.00000000099999999989 0.00000000099999999989 0.00000000099999999989 0.00000000099999999989 0.99999999100000003249 0.00000000099999999989 0.00000000099999999989 0.00000000099999999989
139 139 (0) 5 : 0.24875778159114339538 0.22297171721001049494 0.00000000099999999998 0.00000000099999999998 0.00000000099999999998 0.00000000099999999998 0.15072565804355680941 0.21520287136112881132 0.00000000099999999998 0.16234196679416040832
140 140 (0) 5 : 0.00000000099999999990 0.00000000099999999990 0.00000000099999999990 0.00000000099999999990 0.00000000099999999990 0.00000000099999999990 0.99999999100000003249 0.00000000099999999990 0.00000000099999999990 0.00000000099999999990
141 141 (0) 5 : 0.07514218290765460606 0.00000000099999999999 0.00000000099999999999 0.00000000099999999999 0.19101797551186011637 0.19516901095518721099 0.21649766438291070947 0.12684915027166665524 0.00000000099999999999 0.19532401197072071786
142 142 (0) 5 : 0.00000000100000000000 0.00000000100000000000 0.22191612130178850482 0.02071318594808653143 0.11959825924804763642 0.00000000100000000000 0.22868654112315811577 0.21877601741156829651 0.01086333567447507996 0.17944653629287585228
143 143 (0) 5 : 0.00000000099999999998 0.00000000099999999998 0.35424458774966199881 0.00000000099999999998 0.00000000099999999998 0.49865672631981777796 0.14709867893052008814 0.00000000099999999998 0.00000000099999999998 0.00000000099999999998
144 144 (0) 6 : 0.00000000099999999997 0.00000000099999999997 0.43781983075209363054 0.00000000099999999997 0.00000000099999999997 0.00000000099999999997 0.00000000099999999997 0.56218004789926334652 0.00000000099999999997 0.00000011434864282476
145 145 (0) 6 : 0.00000000099999999999 0.00000000099999999999 0.00000000099999999999 0.00000000099999999999 0.00000000099999999999 0.25915780414917000130 0.09073313157514911742 0.18800930451346792305 0.18954391557168048799 0.27255583919053250064
146 146 (0) 6 : 0.29469836306164776119 0.00000000099999999999 0.00000000099999999999 0.17273338109329144929 0.00000000099999999999 0.00000000099999999999 0.00000000099999999999 0.00000000099999999999 0.36035559073788364648 0.17221265910717706293
147 147 (0) 6 : 0.36202167429152376510 0.00000000099999999998 0.00000000099999999998 0.05718161806242400003 0.00000000099999999998 0.00000000099999999998 0.29200866673920033989 0.00000000099999999998 0.28462218569302288884 0.00416585021382888995
148 148 (0) 6 : 0.00000000099999999989 0.00000000099999999989 0.00000000099999999989 0.00000000099999999989 0.00000000099999999989 0.99999999100000003249 0.00000000099999999989 0.00000000099999999989 0.00000000099999999989 0.00000000099999999989
149 149 (0) 6 : 0.00000000099999999990 0.00000000099999999990 0.00000000099999999990 0.00000000099999999990 0.99999999100000014352 0.00000000099999999990 0.00000000099999999990 0.00000000099999999990 0.00000000099999999990 0.00000000099999999990
150 150 (0) 6 : 0.00000000099999999996 0.00000000099999999996 0.00000000099999999996 0.00000000099999999996 0.00000000099999999996 0.00000000099999999996 0.67311352684099790000 0.00000000099999999996 0.32688646515900210421 0.00000000099999999996
151 151 (0) 6 : 0.00000000099999999989 0.00000000099999999989 0.99999999100000003249 0.00000000099999999989 0.00000000099999999989 0.00000000099999999989 0.00000000099999999989 0.00000000099999999989 0.00000000099999999989 0.00000000099999999989
152 152 (0) 6 : 0.00000000099999999999 0.14125205813042712721 0.02722891147578897914 0.27763596510300986298 0.34486572830171197124 0.16659474250775954673 0.00000000648821018848 0.00000000099999999999 0.04242258499309243397 0.00000000099999999999
153 153 (0) 6 : 0.00000000099999999987 0.00000000099999999987 0.00000000099999999987 0.00000000099999999987 0.00000000099999999987 0.00000000099999999987 0.00000000099999999987 0.00000000099999999987 0.00000000099999999987 0.99999999100000003249
154 154 (0) 6 : 0.08298037724195153619 0.05943675273784865959 0.14757264476781295492 0.10119117055593523924 0.00000000100000000000 0.20286688431025576285 0.08067422415074508579 0.04053694342564802960 0.28474082219987950637 0.00000017960992308308
155 155 (0) 6 : 0.00000000099999999997 0.03779047473880265545 0.00000000099999999997 0.00000000099999999997 0.00000000099999999997 0.00000000099999999997 0.43010454766444250474 0.53210497059675498921 0.00000000099999999997 0.00000000099999999997
156 156 (0) 6 : 0.12012742234579089351 0.00000000099999999999 0.00000000099999999999 0.05487697918156290988 0.14425096171501231024 0.10293461897852979048 0.00000000099999999999 0.28965740962151687032 0.00000000099999999999 0.28815260415758725543
157 157 (0) 6 : 0.33661752419096041544 0.00000000100000000000 0.20208374345361396207 0.23105676530254512513 0.00000000100000000000 0.00000000100000000000 0.00000000100000000000 0.00000000100000000000 0.21117563737333211460 0.01906632467954852070
158 158 (0) 6 : 0.99999999100000025454 0.00000000099999999988 0.00000000099999999988 0.00000000099999999988 0.00000000099999999988 0.00000000099999999988 0.00000000099999999988 0.00000000099999999988 0.00000000099999999988 0.00000000099999999988
159 159 (0) 6 : 0.00000000100000000000 0.03993880022600067997 0.12659044913257624931 0.11189747984847601969 0.20086179453765273806 0.23148373169416175399 0.04553317969720838132 0.00000003755052269830 0.23815543297814584234 0.00553909333525570008
160 160 (0) 6 : 0.00000000099999999981 0.00000000099999999981 0.00000000099999999981 0.99999999100000003249 0.00000000099999999981 0.00000000099999999981 0.00000000099999999981 0.00000000099999999981 0.00000000099999999981 0.00000000099999999981
161 161 (0) 6 : 0.00000004087502312750 0.10014140908571866895 0.00000000100000000000 0.00000000100000000000 0.24151019114737989901 0.12079088926060255194 0.00255520867726496091 0.22002937832517352468 0.01677346770407951715 0.29819941292475776740
162 162 (0) 6 : 0.17294249920988058467 0.00000072756486827468 0.06475609967659556876 0.00000000099999999999 0.00000000099999999999 0.46895818939413491666 0.13435057284024926050 0.00000000099999999999 0.00000000099999999999 0.15899190731427148560
163 163 (0) 6 : 0.00000000099999999998 0.00000000099999999998 0.02045103827662080043 0.41403019841147803426 0.00000000099999999998 0.00000000099999999998 0.13465643965463924836 0.43086231765726185072 0.00000000099999999998 0.00000000099999999998
164 164 (0) 6 : 0.26088363981181894591 0.00000000099999999999 0.00000000099999999999 0.00000000099999999999 0.13736732278697161291 0.00000000099999999999 0.07390027302554345867 0.14968539765806765374 0.00000000099999999999 0.37816336171759812324
165 165 (0) 6 : 0.06767416211311202967 0.13773570613068777946 0.14956972624181108511 0.28798697245316151605 0.14022355133680536321 0.00010251930218313298 0.09895372402824099967 0.00000000100000000000 0.00000000100000000000 0.11775363639399785698
166 166 (0) 6 : 0.06166176777646261570 0.06354609871998526116 0.20382710467278397637 0.12056546554312597141 0.29485676611719241480 0.11657362446468907957 0.00000000099999999999 0.00000000099999999999 0.06259538971313395594 0.07637378099262676079
167 167 (0) 6 : 0.05985107069665719648 0.00000000099999999999 0.29877711711567456199 0.15650442883800508298 0.00000000099999999999 0.07244025782627480647 0.00000000099999999999 0.20760446218325601109 0.13098040971745372740 0.07384225062267865680
168 168 (0) 6 : 0.00000000099999999996 0.00000000099999999996 0.00000000099999999996 0.00000000099999999996 0.00000000099999999996 0.00000000099999999996 0.00000000099999999996 0.00000000099999999996 0.64681012503570556316 0.35318986696429444105
169 169 (0) 6 : 0.00000000099999999998 0.00000000099999999998 0.00000000099999999998 0.25613881012110678581 0.00000000099999999998 0.33134091236993024054 0.00000001709018706027 0.41252025441877587797 0.00000000099999999998 0.00000000099999999998
170 170 (0) 6 : 0.00000000099999999998 0.25325245944517721375 0.00000000099999999998 0.00000000099999999998 0.52907550603161279668 0.00000000099999999998 0.00000001285501628491 0.06503871443493366988 0.00000000099999999998 0.15263330223326004864
171 171 (0) 6 : 0.00000000099999999997 0.00000000099999999997 0.00000000099999999997 0.54106089894808162555 0.00000000099999999997 0.00000000099999999997 0.00000000099999999997 0.45893909305191843417 0.00000000099999999997 0.00000000099999999997
172 172 (0) 4 : 0.00000000099999999986 0.00000000099999999986 0.00000000099999999986 0.00000000099999999986 0.00000000099999999986 0.00000000099999999986 0.99999999100000003249 0.00000000099999999986 0.00000000099999999986 0.00000000099999999986
173 173 (0) 4 : 0.00000000099999999983 0.99999999100000014352 0.00000000099999999983 0.00000000099999999983 0.00000000099999999983 0.00000000099999999983 0.00000000099999999983 0.00000000099999999983 0.00000000099999999983 0.00000000099999999983
174 174 (0) 7 : 0.00000000099999999998 0.00000000099999999998 0.00000000099999999998 0.00000000099999999998 0.00000000099999999998 0.51331183638667798874 0.00000000099999999998 0.00000000099999999998 0.00000000099999999998 0.48668815561332218200
175 175 (0) 7 : 0.00000000099999999981 0.00000000099999999981 0.00000000099999999981 0.99999999100000014352 0.00000000099999999981 0.00000000099999999981 0.00000000099999999981 0.00000000099999999981 0.00000000099999999981 0.00000000099999999981
176 176 (0) 7 : 0.00000000099999999999 0.20102449784243375808 0.00000000099999999999 0.25878543807251042086 0.00000000099999999999 0.15562184081960975246 0.21032436892202771572 0.06747811052162974721 0.10676573982178864941 0.00000000099999999999
177 177 (0) 7 : 0.08375169987903691160 0.11391298762318984028 0.24385580258564179545 0.00021330771114571996 0.09266200082471347244 0.03066158151084491523 0.04818650197711561028 0.03262020582906443450 0.07770632396857760082 0.27642958809066986436
178 178 (0) 7 : 0.00000000099999999987 0.00000000099999999987 0.00000000099999999987 0.99999999100000014352 0.00000000099999999987 0.00000000099999999987 0.00000000099999999987 0.00000000099999999987 0.00000000099999999987 0.00000000099999999987
179 179 (0) 7 : 0.00000000100000000000 0.20432252029873737564 0.00000000502684676443 0.00000000100000000000 0.21834657152675501779 0.00000000100000000000 0.31925751115140710290 0.08778220683348697539 0.17029118116276675821 0.00000000100000000000
180 180 (0) 7 : 0.00000000099999999999 0.17423232367873794924 0.25139595454221552728 0.00000000099999999999 0.00000000099999999999 0.22618338620516151294 0.10316232555625372280 0.00000000099999999999 0.19994681670108338523 0.04507918931654785605
181 181 (0) 7 : 0.00000000099999999993 0.00000000099999999993 0.00000000099999999993 0.00000000099999999993 0.00000000099999999993 0.00000000099999999993 0.00000000099999999993 0.99999999100000003249 0.00000000099999999993 0.00000000099999999993
182 182 (0) 7 : 0.11499246111211640364 0.12788105331685342692 0.14051684309231277092 0.22648035537170876919 0.00000000100000000000 0.28433019628392874889 0.04133959361727159582 0.06156607155260013925 0.00000000100000000000 0.00289342365320830949
183 183 (0) 7 : 0.00000000100000000000 0.06107231566739802081 0.00000006546083751648 0.14402551457310161509 0.00000000100000000000 0.22764509479540109838 0.13138948712590770018 0.22215289334463114712 0.00079541551200470713 0.21291921152071821566
184 184 (0) 7 : 0.00000000099999999999 0.00000000099999999999 0.22858954811672232976 0.25079462004397612418 0.00000000099999999999 0.19743352229741711890 0.00000000099999999999 0.01330733016123562991 0.30987497438064875999 0.00000000099999999999
185 185 (0) 7 : 0.61565703038102370659 0.00000000099999999996 0.00000000099999999996 0.38434296161897646416 0.00000000099999999996 0.00000000099999999996 0.00000000099999999996 0.00000000099999999996 0.00000000099999999996 0.00000000099999999996
186 186 (0) 7 : 0.00000000099999999999 0.27357331468260459584 0.00000000099999999999 0.22775766595488025623 0.22781376562184227352 0.12073000589373784897 0.00000000113239997752 0.00000000099999999999 0.15012524271453511759 0.00000000099999999999
187 187 (0) 7 : 0.00000032484311712071 0.23737975624378027106 0.02500265232713071856 0.20232850276552191704 0.00000000099999999999 0.07741148266830097380 0.20654631434888534591 0.00000000099999999999 0.00000000099999999999 0.25133096380326358510
188 188 (0) 7 : 0.00000000099999999989 0.00000000099999999989 0.00000000099999999989 0.00000000099999999989 0.00000000099999999989 0.99999999100000003249 0.00000000099999999989 0.00000000099999999989 0.00000000099999999989 0.00000000099999999989
189 189 (0) 7 : 0.10124212673466351231 0.00000000099999999999 0.21826571611144496288 0.00000000099999999999 0.21048628279563830201 0.00000000099999999999 0.00000000099999999999 0.02954216628207533002 0.44046370307617788153 0.00000000099999999999
190 190 (0) 7 : 0.00000000099999999999 0.00000000099999999999 0.00000000099999999999 0.14646278181601332657 0.23332547206076981183 0.00000000099999999999 0.00000000099999999999 0.22584519565943644848 0.03496363012730559910 0.35940291533647478195
191 191 (0) 7 : 0.00000000099999999999 0.18097167735341879169 0.04130078852219443847 0.00000000099999999999 0.08198242194149758799 0.18574236440023708661 0.21965706709900978399 0.10127585632473729005 0.18906982135890484931 0.00000000099999999999
192 192 (0) 7 : 0.00000000486640734602 0.00000000099999999998 0.00000000099999999998 0.11615414651418060066 0.37910711335405694600 0.00000000099999999998 0.27497452342544020931 0.00000000099999999998 0.00000000099999999998 0.22976420683991477523
193 193 (0) 7 : 0.00788264833618239520 0.00000000099999999999 0.44615208589772442638 0.00000000099999999999 0.00000000230054282903 0.00000000099999999999 0.00000000099999999999 0.19057547527439611112 0.35538978319115405169 0.00000000099999999999
194 194 (0) 7 : 0.00000000099999999991 0.00000000099999999991 0.99999999100000014352 0.00000000099999999991 0.00000000099999999991 0.00000000099999999991 0.00000000099999999991 0.00000000099999999991 0.00000000099999999991 0.00000000099999999991
195 195 (0) 7 : 0.10787438359692104461 0.00000000100000000000 0.05154873620862649580 0.25655580749830703136 0.00000000100000000000 0.20549617742926018504 0.00000000100000000000 0.13113887656625414224 0.24735723834173511948 0.00002877735889592072
196 196 (0) 7 : 0.00000000099999999997 0.00000000099999999997 0.00000000099999999997 0.59940830371367748164 0.40059168828632263359 0.00000000099999999997 0.00000000099999999997 0.00000000099999999997 0.00000000099999999997 0.00000000099999999997
197 197 (0) 7 : 0.00000000099999999990 0.00000000099999999990 0.00000000099999999990 0.00000000099999999990 0.00000000099999999990 0.00000000099999999990 0.00000000099999999990 0.00000000099999999990 0.99999999100000003249 0.00000000099999999990
198 198 (0) 7 : 0.99999999100000014352 0.00000000099999999990 0.00000000099999999990 0.00000000099999999990 0.00000000099999999990 0.00000000099999999990 0.00000000099999999990 0.00000000099999999990 0.00000000099999999990 0.00000000099999999990
199 199 (0) 7 : 0.00000000100000000000 0.00000000100000000000 0.36147279413671157267 0.00139702386899872113 0.00000080867978074927 0.18215747343347046816 0.22953718379726711918 0.19100513200740751318 0.03442957554504087053 0.00000000653132300082
200 200 (0) 7 : 0.00000017441841301401 0.28556812421785271461 0.39505924984970058889 0.00000000099999999999 0.00000000099999999999 0.31937244551403382031 0.00000000099999999999 0.00000000099999999999 0.00000000099999999999 0.00000000099999999999
201 201 (0) 7 : 0.00000000099999999992 0.00000000099999999992 0.99999999100000003249 0.00000000099999999992 0.00000000099999999992 0.00000000099999999992 0.00000000099999999992 0.00000000099999999992 0.00000000099999999992 0.00000000099999999992
202 202 (0) 7 : 0.00000000099999999985 0.99999999100000014352 0.00000000099999999985 0.00000000099999999985 0.00000000099999999985 0.00000000099999999985 0.00000000099999999985 0.00000000099999999985 0.00000000099999999985 0.00000000099999999985
203 203 (0) 7 : 0.00000000099999999992 0.00000000099999999992 0.00000000099999999992 0.00000000099999999992 0.00000000099999999992 0.99999999100000003249 0.00000000099999999992 0.00000000099999999992 0.00000000099999999992 0.00000000099999999992
1 1 (0) 1 : 0.00000000099999999999 0.19917713674662373968 0.05756567044247039994 0.00000000099999999999 0.00143837388810721099 0.09045348616732749869 0.26611992163028386216 0.27524892725191196785 0.10527848759235078346 0.00471799428092436936
2 2 (0) 1 : 0.00000000099999999992 0.00000000099999999992 0.00000000099999999992 0.00000000099999999992 0.00000000099999999992 0.00000000099999999992 0.00000000099999999992 0.00000000099999999992 0.99999999100000003249 0.00000000099999999992
3 3 (0) 2 : 0.00000000099999999998 0.14998326127451758194 0.00405552526257213931 0.00000000099999999998 0.00000000099999999998 0.00000000099999999998 0.00000000099999999998 0.00000000099999999998 0.50976779427371154974 0.33619341318919876427
4 4 (0) 2 : 0.24136689224386745356 0.00135448937708670556 0.00000000099999999999 0.06290330774833211014 0.06124942001497757360 0.00000000099999999999 0.14727121945159477034 0.18207947843868854676 0.30377518972545280995 0.00000000099999999999
5 5 (0) 2 : 0.00000000099999999999 0.00033508818414721960 0.35817223506959955381 0.14928663474260661648 0.12496370491073655051 0.25620915981992437027 0.00001808950916392926 0.00000000099999999999 0.00000000099999999999 0.11101508476382195012
6 6 (0) 2 : 0.18796153088576381118 0.20471393685867175782 0.00000000099999999998 0.03427476402310032644 0.00000000099999999998 0.00000000099999999998 0.22559690793139960951 0.34745285530106440053 0.00000000099999999998 0.00000000099999999998
7 7 (0) 2 : 0.14320440318059968199 0.09436154043100762612 0.24657393543833572291 0.16183925214497710265 0.10013720966753407449 0.00000000099999999999 0.00000000099999999999 0.00000000099999999999 0.25388365513754573843 0.00000000099999999999
8 8 (0) 2 : 0.32619713810580469593 0.16194543582125156544 0.00000000099999999998 0.00000000099999999998 0.00000000099999999998 0.30335262704783316767 0.00000000099999999998 0.00000000099999999998 0.00000000099999999998 0.20850479302511076840
9 9 (0) 2 : 0.00025966364843131926 0.00000004707863199257 0.11726237687409590826 0.09105926021020764594 0.42423418806974128037 0.16688998159453699577 0.00000000099999999999 0.00000000099999999999 0.20029447952435469604 0.00000000099999999999
10 10 (0) 2 : 0.99999999100000025454 0.00000000099999999989 0.00000000099999999989 0.00000000099999999989 0.00000000099999999989 0.00000000099999999989 0.00000000099999999989 0.00000000099999999989 0.00000000099999999989 0.00000000099999999989
11 11 (0) 2 : 0.00000000100000000000 0.00000112474631649230 0.00000000100000000000 0.37747622159007693243 0.17156387597747999041 0.00000000100000000000 0.12920368866449224998 0.12408201124614016975 0.00000000100000000000 0.19767307377549434011
12 12 (0) 2 : 0.22060767666768041351 0.14166379130690051613 0.04797218962561165811 0.00000000099999999999 0.00000000099999999999 0.00000000099999999999 0.14261672514800760592 0.00000000140978635690 0.07005627658482643794 0.37708333625718692961
13 13 (0) 2 : 0.00000000099999999998 0.00000000099999999998 0.00000000099999999998 0.17187205749618836292 0.11189520632911685583 0.44658956741466415696 0.00000000099999999998 0.00000000099999999998 0.00000000099999999998 0.26964316276003075235
14 14 (0) 2 : 0.00000000099999999996 0.00000000099999999996 0.00000000099999999996 0.00000000099999999996 0.22910169122213186466 0.77089830077786825058 0.00000000099999999996 0.00000000099999999996 0.00000000099999999996 0.00000000099999999996
15 15 (0) 2 : 0.10655194631129279170 0.01587983010876054327 0.00000002249858897173 0.09741024484551785712 0.00000000099999999999 0.24055756965781882606 0.00000000099999999999 0.00000000099999999999 0.18687207508876327311 0.35272830848925762481
16 16 (0) 2 : 0.00000000099999999998 0.00000000099999999998 0.34846399183468329541 0.00000000099999999998 0.00000000099999999998 0.00000000099999999998 0.26488334096214916080 0.00000000099999999998 0.38665266020316735318 0.00000000099999999998
17 17 (0) 2 : 0.00000000099999999999 0.00000000099999999999 0.39314035868640501148 0.24894180009952790456 0.00000000099999999999 0.00000000099999999999 0.00000000099999999999 0.00000000099999999999 0.35791783421406714316 0.00000000099999999999
18 18 (0) 2 : 0.21959069592726979114 0.26893679191842823073 0.00001556125959580588 0.08749618649389788450 0.07329749667780355304 0.00000000100000000000 0.00000000100000000000 0.07967665681129569577 0.08843388073326223509 0.18255272817844667155
19 19 (0) 2 : 0.00000000099999999999 0.14134909328519820737 0.00000000099999999999 0.00000000099999999999 0.25351878331529997812 0.00000000099999999999 0.00000000099999999999 0.00000000099999999999 0.40719222204187277558 0.19793989535762890331
20 20 (0) 2 : 0.19741851877631136358 0.00000000099999999999 0.15816467466352943094 0.00000000099999999999 0.25876531039494160558 0.00000000099999999999 0.12130001607048156165 0.10126007512941220812 0.16309140096532376285 0.00000000099999999999
21 21 (0) 2 : 0.00000273165231097574 0.21771247361518411556 0.11797194416309800258 0.00000000099999999999 0.38607652072407139254 0.00000000099999999999 0.00000000099999999999 0.15034175350264486481 0.00000000099999999999 0.12789457234269069330
22 22 (0) 2 : 0.00000000099999999998 0.00000000099999999998 0.23133709005626387767 0.00000000099999999998 0.33210683449153738378 0.00000000099999999998 0.28342735115386052946 0.00000000099999999998 0.00000000099999999998 0.15312871829833837878
23 23 (0) 2 : 0.23377424015427614168 0.00000000099999999999 0.00000000099999999999 0.16723284960824214007 0.00000000099999999999 0.33384580780936190525 0.26514709642811978840 0.00000000099999999999 0.00000000099999999999 0.00000000099999999999
24 24 (0) 2 : 0.00000000099999999998 0.00000000099999999998 0.00000000099999999998 0.00000000099999999998 0.00000000099999999998 0.35553419297526045462 0.00000000099999999998 0.23163563273436194034 0.00000000099999999998 0.41283016729037758097
25 25 (0) 2 : 0.00000003663487846965 0.15685325030741811836 0.00000000099999999999 0.00000002390625624016 0.14745056957659816166 0.00000000099999999999 0.00000000099999999999 0.08015203672320914130 0.19065311875673829345 0.42489096109490137598
26 26 (0) 2 : 0.00000381192245686922 0.06301373411032072658 0.22095421139728563253 0.11236940368339948249 0.00000000099999999999 0.00000000099999999999 0.23771465475453665284 0.00000000099999999999 0.00000000099999999999 0.36594418013200069595
27 27 (0) 2 : 0.06860042811358460502 0.00000000099999999999 0.00000000099999999999 0.00000000099999999999 0.31610503785903060203 0.29115178339620162440 0.00000000099999999999 0.06567556348621209072 0.00000000099999999999 0.25846718214497110822
28 28 (0) 2 : 0.10477295952815703084 0.23544451428398535664 0.06849518430837404914 0.00000000099999999999 0.00000000099999999999 0.18589822077314635540 0.00000000099999999999 0.00000000099999999999 0.00000000099999999999 0.40538911610633726612
29 29 (0) 2 : 0.40456855129433261231 0.00000000099999999997 0.00000000099999999997 0.00000000099999999997 0.00000000099999999997 0.00000000099999999997 0.00000000099999999997 0.00000000099999999997 0.00000000099999999997 0.59543144070566733639
30 30 (0) 3 : 0.00000000099999999998 0.00000000099999999998 0.00000000099999999998 0.00000000099999999998 0.00000000099999999998 0.00000000099999999998 0.47527844261879359511 0.00456796671056766083 0.00000000099999999998 0.52015358367063868616
31 31 (0) 3 : 0.00000000100000000000 0.00000000100000000000 0.05498655911553342740 0.15752276791009717227 0.19437730628258506616 0.35158245060021231509 0.11554345748939894023 0.04635162154492576680 0.07963583405724730668 0.00000000100000000000
32 32 (0) 3 : 0.30601070800289864593 0.00000000099999999999 0.00000000099999999999 0.20507920055812772775 0.00000000099999999999 0.25212770196538436540 0.08792756070564466953 0.00000000099999999999 0.00010976039435579568 0.14874506437358883670
33 33 (0) 3 : 0.21435612100243922606 0.10005160721408341840 0.00000000100000000000 0.10379593985589620486 0.03801662111420849727 0.13618641579754639515 0.00000000100000000000 0.00000000100000000000 0.26059963858650581070 0.14699365342932049772
34 34 (0) 3 : 0.00000000099999999998 0.00000000099999999998 0.35411778976071445202 0.00000000099999999998 0.48831313508655593836 0.00000000099999999998 0.00000000099999999998 0.00000000099999999998 0.00000027385652293349 0.15756879529620673730
35 35 (0) 3 : 0.00000000099999999996 0.00000000099999999996 0.00000000099999999996 0.00000000099999999996 0.00000000099999999996 0.00000000099999999996 0.56299591365767909235 0.00000000099999999996 0.43700407834232085635 0.00000000099999999996
36 36 (0) 3 : 0.30696817045836582993 0.12778200986256871285 0.36524273271537016639 0.00000000099999999999 0.20000706842665835761 0.00000000807287123524 0.00000000099999999999 0.00000000099999999999 0.00000000646416575062 0.00000000099999999999
37 37 (0) 3 : 0.17843029184182038205 0.35419714947341635058 0.00000000100000000000 0.00000002779827258914 0.00000000100000000000 0.00010318439296941458 0.03081760419292374834 0.00000000952751653618 0.14889423731889642188 0.28755749345418452068
38 38 (0) 3 : 0.00000000099999999983 0.00000000099999999983 0.00000000099999999983 0.00000000099999999983 0.00000000099999999983 0.00000000099999999983 0.00000000099999999983 0.99999999099999992147 0.00000000099999999983 0.00000000099999999983
39 39 (0) 3 : 0.02924494451109546991 0.25964127105620116165 0.19938828604515851373 0.05132528617945179839 0.00000000997892736665 0.27753266213945837482 0.12119290600783418077 0.00000000100000000000 0.06161398244996468820 0.00006065063190847127
40 40 (0) 3 : 0.00000000099999999996 0.00000000099999999996 0.58597418295082503992 0.00000000099999999996 0.00000000099999999996 0.00000000099999999996 0.41402580904917507532 0.00000000099999999996 0.00000000099999999996 0.00000000099999999996
41 41 (0) 3 : 0.19931367519189685522 0.10051178158398253737 0.00000000099999999999 0.00000000099999999999 0.00000000099999999999 0.26694481633799743703 0.00000000099999999999 0.15143477078296463390 0.16769682158437726471 0.11409813051878128776
42 42 (0) 3 : 0.00000000099999999990 0.00000000099999999990 0.00000000099999999990 0.00000000099999999990 0.99999999100000003249 0.00000000099999999990 0.00000000099999999990 0.00000000099999999990 0.00000000099999999990 0.00000000099999999990
43 43 (0) 3 : 0.23989493256427849022 0.12951353993247124996 0.00000000100000000000 0.00000042066656898153 0.00000000100000000000 0.26238823709889280700 0.24289368181560708204 0.00000003619967954786 0.00002498693703991681 0.12528416278546178342
44 44 (0) 3 : 0.00000000099999999996 0.00000000099999999996 0.69987807920856226485 0.00000000099999999996 0.30012191279143773937 0.00000000099999999996 0.00000000099999999996 0.00000000099999999996 0.00000000099999999996 0.00000000099999999996
45 45 (0) 3 : 0.00000000099999999991 0.00000000099999999991 0.99999999100000003249 0.00000000099999999991 0.00000000099999999991 0.00000000099999999991 0.00000000099999999991 0.00000000099999999991 0.00000000099999999991 0.00000000099999999991
46 46 (0) 3 : 0.01932271424047498146 0.17308303651619605379 0.00000000099999999999 0.00000000099999999999 0.20311806108613131294 0.00000002813427062528 0.24334544585330333821 0.00000000099999999999 0.36113071016962372539 0.00000000099999999999
47 47 (0) 3 : 0.18542913721741349775 0.08364701442473661264 0.35000156246761110479 0.17790016399694902338 0.20302211597865402193 0.00000000099999999999 0.00000000099999999999 0.00000000099999999999 0.00000000191463578338 0.00000000099999999999
48 48 (0) 3 : 0.30855479789528722501 0.00000000099999999995 0.00000000099999999995 0.00000000099999999995 0.00000000099999999995 0.00000000099999999995 0.00000000099999999995 0.00000000099999999995 0.69144519410471261267 0.00000000099999999995
49 49 (0) 3 : 0.00000000099999999989 0.00000000099999999989 0.00000000099999999989 0.00000000099999999989 0.99999999100000003249 0.00000000099999999989 0.00000000099999999989 0.00000000099999999989 0.00000000099999999989 0.00000000099999999989
50 50 (0) 3 : 0.00000000099999999998 0.00000000099999999998 0.00000000099999999998 0.00000000099999999998 0.00000000099999999998 0.61613816962242351494 0.38386182237757665581 0.00000000099999999998 0.00000000099999999998 0.00000000099999999998
51 51 (0) 3 : 0.00000000099999999999 0.00000057135443924449 0.25830682480092570508 0.08268227340649830781 0.35830873601308055321 0.00015511229402128922 0.00000000099999999999 0.00000878457962791872 0.30053769455140694200 0.00000000099999999999
52 52 (0) 3 : 0.15308140638458128668 0.00000000099999999998 0.00000000099999999998 0.17720173456046006688 0.00000000099999999998 0.38254752540954467532 0.28716932764541391876 0.00000000099999999998 0.00000000099999999998 0.00000000099999999998
53 53 (0) 3 : 0.15244382251414043128 0.00000000100000000000 0.30946650884893328604 0.01755550300895281080 0.05082573517435527710 0.19136767493311970800 0.00000000100000000000 0.00000098158930089568 0.12154179809966109138 0.15679797383153643020
54 54 (0) 3 : 0.00000000099999999999 0.23802865891851907043 0.18811402538676399998 0.00000000099999999999 0.18070453760968033241 0.18754887567305469909 0.14968407805492475737 0.05591982035705711507 0.00000000099999999999 0.00000000099999999999
55 55 (0) 3 : 0.00000000099999999999 0.09176002990198534048 0.24215839273084685535 0.00000000099999999999 0.35871605085015684233 0.25923040062092189695 0.00000000099999999999 0.00000000099999999999 0.00000044113766222908 0.04813468075842675109
56 56 (0) 3 : 0.00000000099999999998 0.00000000099999999998 0.00000000099999999998 0.00000000099999999998 0.30211957854813531466 0.27959465608509015411 0.00000000099999999998 0.00000000099999999998 0.01120186231149933841 0.40708389705527536773
57 57 (0) 3 : 0.06198035173007589854 0.11503389435315403144 0.12425387739381300867 0.25092601929917263126 0.11949810124312290616 0.00000000099999999999 0.00000000099999999999 0.05271223354887393658 0.27559551943178750566 0.00000000099999999999
58 58 (0) 3 : 0.00000000099999999988 0.00000000099999999988 0.00000000099999999988 0.00000000099999999988 0.00000000099999999988 0.00000000099999999988 0.00000000099999999988 0.99999999099999992147 0.00000000099999999988 0.00000000099999999988
59 59 (0) 3 : 0.00000000099999999988 0.00000000099999999988 0.00000000099999999988 0.00000000099999999988 0.00000000099999999988 0.00000000099999999988 0.00000000099999999988 0.00000000099999999988 0.00000000099999999988 0.99999999099999992147
60 60 (0) 4 : 0.00000000099999999991 0.99999999100000014352 0.00000000099999999991 0.00000000099999999991 0.00000000099999999991 0.00000000099999999991 0.00000000099999999991 0.00000000099999999991 0.00000000099999999991 0.00000000099999999991
61 61 (0) 4 : 0.00000000099999999994 0.00000000099999999994 0.99999999100000003249 0.00000000099999999994 0.00000000099999999994 0.00000000099999999994 0.00000000099999999994 0.00000000099999999994 0.00000000099999999994 0.00000000099999999994
62 62 (0) 4 : 0.00054799039159379660 0.00144061674295131443 0.00000000099999999998 0.11614422845140109919 0.23362057079996878528 0.00000000099999999998 0.00000000099999999998 0.00000000099999999998 0.64824658861408479549 0.00000000099999999998
63 63 (0) 4 : 0.00000000099999999999 0.14690011549462186902 0.25309184491270420025 0.05114158435808412173 0.00000000099999999999 0.00000000099999999999 0.09580138638683038943 0.00000000099999999999 0.45306506384775929730 0.00000000099999999999
64 64 (0) 4 : 0.00000000099999999999 0.00000000099999999999 0.17222671512067178057 0.00000000099999999999 0.07600422751053279025 0.00000000099999999999 0.00000000099999999999 0.12690331652429559517 0.23523615729465388591 0.38962957854984608952
65 65 (0) 4 : 0.00000009073002131861 0.00000000099999999998 0.00000000099999999998 0.00000000099999999998 0.00000000099999999998 0.52912546141695349089 0.00000000099999999998 0.00000000099999999998 0.47087444085302515573 0.00000000099999999998
66 66 (0) 4 : 0.05136579185346401566 0.00000000100000000000 0.27438787757829496972 0.10657153164471387663 0.09166089156829512752 0.04929173583063553576 0.00000000100000000000 0.00000000100000000000 0.21678791370696415264 0.20993425481763236529
67 67 (0) 4 : 0.21875665379587655446 0.00000000099999999999 0.17182995856784019639 0.10952549317552795483 0.31768768245633860481 0.00000001473283831753 0.00000000099999999999 0.13381008344921069275 0.04839011082236765321 0.00000000099999999999
68 68 (0) 4 : 0.12856224968045956714 0.00000000100000000000 0.26405724171037175951 0.27656491738688010473 0.04875415467736314568 0.02151614367947209810 0.00196857580137545229 0.06615293835902419373 0.19242377670505375620 0.00000000100000000000
69 69 (0) 4 : 0.00000000099999999999 0.00000067488298328901 0.00000000099999999999 0.00000000099999999999 0.29645245877948545044 0.00000000099999999999 0.28049737702422472552 0.00000000099999999999 0.32356855605992229652 0.09948092825338433753
70 70 (0) 4 : 0.33867331709309278498 0.38984748390151091613 0.00000000099999999998 0.00000000102321979240 0.00000000099999999998 0.00000000099999999998 0.27147919198217645986 0.00000000099999999998 0.00000000099999999998 0.00000000099999999998
71 71 (0) 1 : 0.00000000099999999998 0.00000000099999999998 0.51565554883539155284 0.00000000099999999998 0.48434190628150908253 0.00000000099999999998 0.00000000099999999998 0.00000000099999999998 0.00000253788309939369 0.00000000099999999998
72 72 (0) 1 : 0.00000000099999999985 0.00000000099999999985 0.00000000099999999985 0.00000000099999999985 0.00000000099999999985 0.00000000099999999985 0.00000000099999999985 0.99999999100000003249 0.00000000099999999985 0.00000000099999999985
73 73 (0) 1 : 0.00000000099999999989 0.99999999100000014352 0.00000000099999999989 0.00000000099999999989 0.00000000099999999989 0.00000000099999999989 0.00000000099999999989 0.00000000099999999989 0.00000000099999999989 0.00000000099999999989
74 74 (0) 1 : 0.99999999100000014352 0.00000000099999999987 0.00000000099999999987 0.00000000099999999987 0.00000000099999999987 0.00000000099999999987 0.00000000099999999987 0.00000000099999999987 0.00000000099999999987 0.00000000099999999987
75 75 (0) 1 : 0.00000000099999999999 0.00000000099999999999 0.35639761501249594966 0.18613059524527328370 0.05404939210087488649 0.00007204026931361657 0.13788002693416726019 0.00000000099999999999 0.04333839014146797369 0.22213193729640709484
76 76 (0) 1 : 0.00000000099999999985 0.99999999100000014352 0.00000000099999999985 0.00000000099999999985 0.00000000099999999985 0.00000000099999999985 0.00000000099999999985 0.00000000099999999985 0.00000000099999999985 0.00000000099999999985
77 77 (0) 1 : 0.48178614054295093583 0.00000000099999999997 0.00000000099999999997 0.00000000099999999997 0.00000000099999999997 0.00000000099999999997 0.00000000099999999997 0.51821385145704901287 0.00000000099999999997 0.00000000099999999997
78 78 (0) 1 : 0.26578849880461685729 0.00000000099999999999 0.00000000099999999999 0.00813531956148464026 0.00000000099999999999 0.06911688567072817035 0.00000000099999999999 0.40057770656763785899 0.00000000099999999999 0.25638158439553232482
79 79 (0) 1 : 0.24034274747874942446 0.00005146376903836395 0.00000000099999999999 0.28787910147097844904 0.00000000099999999999 0.00000000099999999999 0.00000000099999999999 0.15679096030141534412 0.31493572197981839489 0.00000000099999999999
80 80 (0) 1 : 0.30262979362941716532 0.00000000099999999998 0.00000000099999999998 0.27533988660704505902 0.42203004195114485197 0.00000027181239294987 0.00000000099999999998 0.00000000099999999998 0.00000000099999999998 0.00000000099999999998
81 81 (0) 1 : 0.00000000099999999998 0.22709297789997343053 0.00000000099999999998 0.00000000099999999998 0.00000000099999999998 0.45801713960444212503 0.19958995817328128997 0.11529991832230318538 0.00000000099999999998 0.00000000099999999998
82 82 (0) 1 : 0.00000000099999999997 0.00000000099999999997 0.00000000099999999997 0.00000000099999999997 0.00000000099999999997 0.61765438908698611087 0.00000000099999999997 0.38234560291301405988 0.00000000099999999997 0.00000000099999999997
83 83 (0) 1 : 0.00000000100000000000 0.00000819354143029531 0.13540265096632941866 0.15327552429677560042 0.19820673514283082550 0.00000000100000000000 0.00000000100000000000 0.17264217230537770575 0.15912448713738336359 0.18134023360987269746
84 84 (0) 1 : 0.00000000099999999996 0.00000000099999999996 0.00000000099999999996 0.00000000099999999996 0.00000000099999999996 0.69337230220242707102 0.00000000099999999996 0.00000000099999999996 0.00000000099999999996 0.30662768979757298871
85 85 (0) 1 : 0.00000000099999999999 0.14290471757076317338 0.17243636628671854538 0.27051223032620008713 0.16634738503615861815 0.00000000099999999999 0.05373115815647559051 0.00000000099999999999 0.00000000099999999999 0.19406813862368402224
86 86 (0) 1 : 0.35046110204331265559 0.00000000099999999998 0.00000000099999999998 0.00000000099999999998 0.00000000099999999998 0.00000000099999999998 0.00000000099999999998 0.01839334375052985304 0.31103057180448290264 0.32011497640167424494
87 87 (0) 1 : 0.00000000099999999998 0.00000000099999999998 0.00000000099999999998 0.00000000099999999998 0.00000000099999999998 0.46111912012385902759 0.00345840190227801516 0.53542247097386308496 0.00000000099999999998 0.00000000099999999998
88 88 (0) 1 : 0.00000000099999999995 0.00000000099999999995 0.00000000099999999995 0.70581907490036632780 0.00000000099999999995 0.00000000099999999995 0.00000000099999999995 0.00000000099999999995 0.00000000099999999995 0.29418091709963384295
89 89 (0) 1 : 0.21797249111983088565 0.22347861880767164178 0.23434314267718858726 0.09783239324227041567 0.00000000099999999999 0.00000000099999999999 0.22193687537119188846 0.00443647478184666828 0.00000000099999999999 0.00000000099999999999
90 90 (0) 1 : 0.00000041357120783703 0.00000000099999999998 0.00000000099999999998 0.39252550872404134985 0.00000000099999999998 0.15880064023219486735 0.44867343147255595026 0.00000000099999999998 0.00000000099999999998 0.00000000099999999998
91 91 (0) 1 : 0.00000000099999999983 0.00000000099999999983 0.00000000099999999983 0.99999999100000014352 0.00000000099999999983 0.00000000099999999983 0.00000000099999999983 0.00000000099999999983 0.00000000099999999983 0.00000000099999999983
92 92 (0) 1 : 0.00000000099999999998 0.00000000099999999998 0.00000000099999999998 0.00000000099999999998 0.00000000099999999998 0.29751756706177162615 0.17637091943339563982 0.00000000099999999998 0.23866473874095145424 0.28744676876388114417
93 93 (0) 1 : 0.00000000099999999987 0.99999999100000014352 0.00000000099999999987 0.00000000099999999987 0.00000000099999999987 0.00000000099999999987 0.00000000099999999987 0.00000000099999999987 0.00000000099999999987 0.00000000099999999987
94 94 (0) 1 : 0.00000000099999999999 0.11033281778817297103 0.38370724283601254090 0.09731370034527928037 0.08578057350486043009 0.00000000099999999999 0.12274169408288045091 0.00000000099999999999 0.20012396744279442595 0.00000000099999999999
95 95 (0) 1 : 0.01905703111223120555 0.00000000099999999999 0.31979191115345995122 0.00000000099999999999 0.42782079459678107325 0.00000000099999999999 0.00000000099999999999 0.00000000099999999999 0.00000000099999999999 0.23333025713752780783
96 96 (0) 1 : 0.00000000099999999999 0.19306792294253571907 0.16196879027207550239 0.00482956892291584380 0.40534899900367155068 0.00000000099999999999 0.00000000099999999999 0.00000000099999999999 0.14285240360736004006 0.09193231125144134264
97 97 (0) 1 : 0.19042521689519878447 0.16986822391386369180 0.00000000099999999999 0.00000000099999999999 0.00000000099999999999 0.32472743635351081215 0.31497911683742663147 0.00000000099999999999 0.00000000099999999999 0.00000000099999999999
98 98 (0) 1 : 0.34692126054553967807 0.04264846643800950660 0.00000000100000000000 0.21018960493580932103 0.18944903239189711530 0.01161532657985648795 0.09389883511096351609 0.00000000100000000000 0.00000000100000000000 0.10527747099792429675
99 99 (0) 4 : 0.00000000099999999988 0.00000000099999999988 0.00000000099999999988 0.00000000099999999988 0.99999999100000014352 0.00000000099999999988 0.00000000099999999988 0.00000000099999999988 0.00000000099999999988 0.00000000099999999988
100 100 (0) 4 : 0.00000000099999999994 0.00000000099999999994 0.00000000099999999994 0.00000000099999999994 0.99999999100000003249 0.00000000099999999994 0.00000000099999999994 0.00000000099999999994 0.00000000099999999994 0.00000000099999999994
101 101 (0) 5 : 0.14378604845282577651 0.16534402558008542972 0.00001271243454222430 0.22898305796736251327 0.08377415875921910560 0.00000000100000000000 0.00000009558871646688 0.00000000100000000000 0.13269564742070333319 0.24540425179654540289
102 102 (0) 5 : 0.00000000099999999986 0.00000000099999999986 0.00000000099999999986 0.00000000099999999986 0.00000000099999999986 0.00000000099999999986 0.99999999099999992147 0.00000000099999999986 0.00000000099999999986 0.00000000099999999986
103 103 (0) 5 : 0.00000000099999999990 0.00000000099999999990 0.00000000099999999990 0.00000000099999999990 0.99999999100000003249 0.00000000099999999990 0.00000000099999999990 0.00000000099999999990 0.00000000099999999990 0.00000000099999999990
104 104 (0) 5 : 0.00001855871158649284 0.11486109155943310944 0.00000000311516037628 0.00000000100000000000 0.11994932254023037144 0.14936341592098054121 0.00000000100000000000 0.18934400382615398928 0.12268153618911224745 0.30378206613734287656
105 105 (0) 5 : 0.43388084043634145281 0.23011232096281097892 0.00000000099999999998 0.14891536747470360269 0.00000000099999999998 0.00000000099999999998 0.00000000099999999998 0.00036080417635672046 0.18673066194978746313 0.00000000099999999998
106 106 (0) 4 : 0.00000000099999999986 0.00000000099999999986 0.00000000099999999986 0.00000000099999999986 0.00000000099999999986 0.00000000099999999986 0.00000000099999999986 0.00000000099999999986 0.00000000099999999986 0.99999999100000003249
107 107 (0) 4 : 0.00000000099999999998 0.13066545734377735255 0.00000000099999999998 0.38930104395774794979 0.00076109899216576619 0.47927239370630891901 0.00000000099999999998 0.00000000099999999998 0.00000000099999999998 0.00000000099999999998
108 108 (0) 4 : 0.09446079233993576185 0.05389473622974785133 0.15182457123848008829 0.00000000099999999999 0.00000041862533404441 0.10568378226066157954 0.14121897657812165772 0.37114555740349453039 0.00000000099999999999 0.08177116332422439127
109 109 (0) 4 : 0.68485970915615523857 0.31514028284384509870 0.00000000099999999997 0.00000000099999999997 0.00000000099999999997 0.00000000099999999997 0.00000000099999999997 0.00000000099999999997 0.00000000099999999997 0.00000000099999999997
110 110 (0) 4 : 0.00000000099999999989 0.00000000099999999989 0.00000000099999999989 0.00000000099999999989 0.00000000099999999989 0.00000000099999999989 0.00000000099999999989 0.00000000099999999989 0.00000000099999999989 0.99999999100000003249
111 111 (0) 5 : 0.20257370333505353432 0.00000000099999999999 0.17619446381538761415 0.17564227223658190891 0.00000019931633996665 0.00000000099999999999 0.00000000099999999999 0.12111238510943703184 0.00000000099999999999 0.32447697218720011891
112 112 (0) 5 : 0.00000000099999999992 0.00000000099999999992 0.00000000099999999992 0.00000000099999999992 0.00000000099999999992 0.00000000099999999992 0.00000000099999999992 0.00000000099999999992 0.99999999099999992147 0.00000000099999999992
113 113 (0) 5 : 0.18146261537340407921 0.10195513910648738853 0.18663133413911045522 0.07139809565082011478 0.00022042836393375607 0.20680223626306568074 0.08647001794728993718 0.07661260949677820009 0.08844752265911018374 0.00000000100000000000
114 114 (0) 5 : 0.32643525024075065177 0.00000000099999999995 0.00000000099999999995 0.00000000099999999995 0.00000000099999999995 0.00000000099999999995 0.00000000099999999995 0.00000000099999999995 0.00000000099999999995 0.67356474175924907488
115 115 (0) 5 : 0.00000000099999999986 0.00000000099999999986 0.00000000099999999986 0.00000000099999999986 0.00000000099999999986 0.00000000099999999986 0.99999999100000003249 0.00000000099999999986 0.00000000099999999986 0.00000000099999999986
116 116 (0) 5 : 0.07694287596329885126 0.15172139826229777415 0.00000000099999999999 0.11864478925272813059 0.00000000099999999999 0.28561314291738659765 0.05778113813133360643 0.00000000099999999999 0.00000000099999999999 0.30929665147295493099
117 117 (0) 4 : 0.00000000099999999996 0.00000000099999999996 0.00000000099999999996 0.00000000099999999996 0.00000000099999999996 0.51626599118803140342 0.00000000099999999996 0.00000000099999999996 0.48373400081196860079 0.00000000099999999996
118 118 (0) 4 : 0.00000000099999999999 0.14264888489429344842 0.34182835510797116019 0.00000000099999999999 0.00144379140821838925 0.00000000099999999999 0.00000000099999999999 0.30847105036398198008 0.00000000099999999999 0.20560791322553495508
119 119 (0) 4 : 0.00000000099999999999 0.07708637118953627632 0.11965912137267559201 0.05623391432855134875 0.22611417478558185068 0.27918240379624170711 0.00000000099999999999 0.08691192151465607085 0.00000000099999999999 0.15481209001275714199
120 120 (0) 4 : 0.00000000099999999998 0.00000000099999999998 0.00000000099999999998 0.00000000099999999998 0.56211731278567511616 0.00000000099999999998 0.00000000099999999998 0.43788267921432505458 0.00000000099999999998 0.00000000099999999998
121 121 (0) 4 : 0.00000000099999999999 0.15807302918205948239 0.00000000099999999999 0.26616392398098065453 0.16366121773359068592 0.22375847876806514991 0.08077823550351340143 0.00000000099999999999 0.00000000099999999999 0.10756511083179082222
122 122 (0) 4 : 0.00000000099999999988 0.00000000099999999988 0.00000000099999999988 0.00000000099999999988 0.00000000099999999988 0.00000000099999999988 0.00000000099999999988 0.00000000099999999988 0.99999999099999992147 0.00000000099999999988
123 123 (0) 4 : 0.59601022717869267531 0.00000000099999999996 0.00000000099999999996 0.00000000099999999996 0.00000000099999999996 0.00000000099999999996 0.00000000099999999996 0.40398976482130766197 0.00000000099999999996 0.00000000099999999996
124 124 (0) 4 : 0.00000000099999999989 0.00000000099999999989 0.00000000099999999989 0.00000000099999999989 0.00000000099999999989 0.00000000099999999989 0.00000000099999999989 0.00000000099999999989 0.99999999100000003249 0.00000000099999999989
125 125 (0) 5 : 0.00000000099999999999 0.00000000099999999999 0.00000000099999999999 0.20459285724925260763 0.12336456723737980468 0.28954940343770030342 0.00000000099999999999 0.00000000099999999999 0.08477709714967394949 0.29771606992599342068
126 126 (0) 5 : 0.21297408986049223834 0.00000000099999999999 0.00000000099999999999 0.04606320471884302326 0.00000000099999999999 0.41254992614074970092 0.00000000099999999999 0.30169199683622099917 0.02671915024740360162 0.00000162819629043829
127 127 (0) 5 : 0.00000000099999999987 0.00000000099999999987 0.00000000099999999987 0.00000000099999999987 0.00000000099999999987 0.00000000099999999987 0.00000000099999999987 0.99999999099999992147 0.00000000099999999987 0.00000000099999999987
128 128 (0) 5 : 0.04513560764079364851 0.00000000100000000000 0.06369992559717903291 0.34854234937850397946 0.04891465806787930609 0.00000000100000000000 0.00000766486727705774 0.05826088309546982591 0.20551251492941252641 0.22992639442348461465
129 129 (0) 5 : 0.99999999100000014352 0.00000000099999999987 0.00000000099999999987 0.00000000099999999987 0.00000000099999999987 0.00000000099999999987 0.00000000099999999987 0.00000000099999999987 0.00000000099999999987 0.00000000099999999987
130 130 (0) 5 : 0.00000000099999999999 0.00000000099999999999 0.19292028849987100103 0.00000000099999999999 0.00000000099999999999 0.16655638449061266337 0.35906852208927120262 0.05227644067681739420 0.22917835924342774834 0.00000000099999999999
131 131 (0) 5 : 0.00000000099999999997 0.42638866169394268324 0.57361110156260941562 0.00000000099999999997 0.00000022974344792207 0.00000000099999999997 0.00000000099999999997 0.00000000099999999997 0.00000000099999999997 0.00000000099999999997
132 132 (0) 5 : 0.00000000099999999999 0.00000000099999999999 0.34162397527962706789 0.00000000099999999999 0.00000000099999999999 0.00000000099999999999 0.00000000099999999999 0.00000000099999999999 0.37795514867149643257 0.28042086904887636445
133 133 (0) 5 : 0.00000000100000000000 0.16173841960744875235 0.00000000100000000000 0.00028364127634488312 0.00000000100000000000 0.08549836030265106634 0.13851095786202421989 0.11982313020151291738 0.17778638129640078613 0.31635910645361731142
134 134 (0) 5 : 0.00000000099999999990 0.00000000099999999990 0.99999999100000003249 0.00000000099999999990 0.00000000099999999990 0.00000000099999999990 0.00000000099999999990 0.00000000099999999990 0.00000000099999999990 0.00000000099999999990
135 135 (0) 5 : 0.00330527513396136662 0.15982623725038339058 0.00000000099999999999 0.00000000099999999999 0.24043394347350507956 0.07913256590795006429 0.18055104376914904440 0.10211400470512058125 0.00000000099999999999 0.23463692675993041981
136 136 (0) 5 : 0.00000000099999999998 0.06451081649561656028 0.00000000099999999998 0.14531737619634507719 0.00000000099999999998 0.00000000099999999998 0.25178675927403504353 0.26624098752349939501 0.00000000099999999998 0.27214405551050396825
137 137 (0) 5 : 0.00000000099999999989 0.00000000099999999989 0.00000000099999999989 0.00000000099999999989 0.00000000099999999989 0.99999999100000014352 0.00000000099999999989 0.00000000099999999989 0.00000000099999999989 0.00000000099999999989
138 138 (0) 5 : 0.00000000099999999989 0.00000000099999999989 0.00000000099999999989 0.00000000099999999989 0.00000000099999999989 0.00000000099999999989 0.99999999100000003249 0.00000000099999999989 0.00000000099999999989 0.00000000099999999989
139 139 (0) 5 : 0.24875778159114339538 0.22297171721001049494 0.00000000099999999998 0.00000000099999999998 0.00000000099999999998 0.00000000099999999998 0.15072565804355680941 0.21520287136112881132 0.00000000099999999998 0.16234196679416040832
140 140 (0) 5 : 0.00000000099999999990 0.00000000099999999990 0.00000000099999999990 0.00000000099999999990 0.00000000099999999990 0.00000000099999999990 0.99999999100000003249 0.00000000099999999990 0.00000000099999999990 0.00000000099999999990
141 141 (0) 5 : 0.07514218290765460606 0.00000000099999999999 0.00000000099999999999 0.00000000099999999999 0.19101797551186011637 0.19516901095518721099 0.21649766438291070947 0.12684915027166665524 0.00000000099999999999 0.19532401197072071786
142 142 (0) 5 : 0.00000000100000000000 0.00000000100000000000 0.22191612130178850482 0.02071318594808653143 0.11959825924804763642 0.00000000100000000000 0.22868654112315811577 0.21877601741156829651 0.01086333567447507996 0.17944653629287585228
143 143 (0) 5 : 0.00000000099999999998 0.00000000099999999998 0.35424458774966199881 0.00000000099999999998 0.00000000099999999998 0.49865672631981777796 0.14709867893052008814 0.00000000099999999998 0.00000000099999999998 0.00000000099999999998
144 144 (0) 6 : 0.00000000099999999997 0.00000000099999999997 0.43781983075209363054 0.00000000099999999997 0.00000000099999999997 0.00000000099999999997 0.00000000099999999997 0.56218004789926334652 0.00000000099999999997 0.00000011434864282476
145 145 (0) 6 : 0.00000000099999999999 0.00000000099999999999 0.00000000099999999999 0.00000000099999999999 0.00000000099999999999 0.25915780414917000130 0.09073313157514911742 0.18800930451346792305 0.18954391557168048799 0.27255583919053250064
146 146 (0) 6 : 0.29469836306164776119 0.00000000099999999999 0.00000000099999999999 0.17273338109329144929 0.00000000099999999999 0.00000000099999999999 0.00000000099999999999 0.00000000099999999999 0.36035559073788364648 0.17221265910717706293
147 147 (0) 6 : 0.36202167429152376510 0.00000000099999999998 0.00000000099999999998 0.05718161806242400003 0.00000000099999999998 0.00000000099999999998 0.29200866673920033989 0.00000000099999999998 0.28462218569302288884 0.00416585021382888995
148 148 (0) 6 : 0.00000000099999999989 0.00000000099999999989 0.00000000099999999989 0.00000000099999999989 0.00000000099999999989 0.99999999100000003249 0.00000000099999999989 0.00000000099999999989 0.00000000099999999989 0.00000000099999999989
149 149 (0) 6 : 0.00000000099999999990 0.00000000099999999990 0.00000000099999999990 0.00000000099999999990 0.99999999100000014352 0.00000000099999999990 0.00000000099999999990 0.00000000099999999990 0.00000000099999999990 0.00000000099999999990
150 150 (0) 6 : 0.00000000099999999996 0.00000000099999999996 0.00000000099999999996 0.00000000099999999996 0.00000000099999999996 0.00000000099999999996 0.67311352684099790000 0.00000000099999999996 0.32688646515900210421 0.00000000099999999996
151 151 (0) 6 : 0.00000000099999999989 0.00000000099999999989 0.99999999100000003249 0.00000000099999999989 0.00000000099999999989 0.00000000099999999989 0.00000000099999999989 0.00000000099999999989 0.00000000099999999989 0.00000000099999999989
152 152 (0) 6 : 0.00000000099999999999 0.14125205813042712721 0.02722891147578897914 0.27763596510300986298 0.34486572830171197124 0.16659474250775954673 0.00000000648821018848 0.00000000099999999999 0.04242258499309243397 0.00000000099999999999
153 153 (0) 6 : 0.00000000099999999987 0.00000000099999999987 0.00000000099999999987 0.00000000099999999987 0.00000000099999999987 0.00000000099999999987 0.00000000099999999987 0.00000000099999999987 0.00000000099999999987 0.99999999100000003249
154 154 (0) 6 : 0.08298037724195153619 0.05943675273784865959 0.14757264476781295492 0.10119117055593523924 0.00000000100000000000 0.20286688431025576285 0.08067422415074508579 0.04053694342564802960 0.28474082219987950637 0.00000017960992308308
155 155 (0) 6 : 0.00000000099999999997 0.03779047473880265545 0.00000000099999999997 0.00000000099999999997 0.00000000099999999997 0.00000000099999999997 0.43010454766444250474 0.53210497059675498921 0.00000000099999999997 0.00000000099999999997
156 156 (0) 6 : 0.12012742234579089351 0.00000000099999999999 0.00000000099999999999 0.05487697918156290988 0.14425096171501231024 0.10293461897852979048 0.00000000099999999999 0.28965740962151687032 0.00000000099999999999 0.28815260415758725543
157 157 (0) 6 : 0.33661752419096041544 0.00000000100000000000 0.20208374345361396207 0.23105676530254512513 0.00000000100000000000 0.00000000100000000000 0.00000000100000000000 0.00000000100000000000 0.21117563737333211460 0.01906632467954852070
158 158 (0) 6 : 0.99999999100000025454 0.00000000099999999988 0.00000000099999999988 0.00000000099999999988 0.00000000099999999988 0.00000000099999999988 0.00000000099999999988 0.00000000099999999988 0.00000000099999999988 0.00000000099999999988
159 159 (0) 6 : 0.00000000100000000000 0.03993880022600067997 0.12659044913257624931 0.11189747984847601969 0.20086179453765273806 0.23148373169416175399 0.04553317969720838132 0.00000003755052269830 0.23815543297814584234 0.00553909333525570008
160 160 (0) 6 : 0.00000000099999999981 0.00000000099999999981 0.00000000099999999981 0.99999999100000003249 0.00000000099999999981 0.00000000099999999981 0.00000000099999999981 0.00000000099999999981 0.00000000099999999981 0.00000000099999999981
161 161 (0) 6 : 0.00000004087502312750 0.10014140908571866895 0.00000000100000000000 0.00000000100000000000 0.24151019114737989901 0.12079088926060255194 0.00255520867726496091 0.22002937832517352468 0.01677346770407951715 0.29819941292475776740
162 162 (0) 6 : 0.17294249920988058467 0.00000072756486827468 0.06475609967659556876 0.00000000099999999999 0.00000000099999999999 0.46895818939413491666 0.13435057284024926050 0.00000000099999999999 0.00000000099999999999 0.15899190731427148560
163 163 (0) 6 : 0.00000000099999999998 0.00000000099999999998 0.02045103827662080043 0.41403019841147803426 0.00000000099999999998 0.00000000099999999998 0.13465643965463924836 0.43086231765726185072 0.00000000099999999998 0.00000000099999999998
164 164 (0) 6 : 0.26088363981181894591 0.00000000099999999999 0.00000000099999999999 0.00000000099999999999 0.13736732278697161291 0.00000000099999999999 0.07390027302554345867 0.14968539765806765374 0.00000000099999999999 0.37816336171759812324
165 165 (0) 6 : 0.06767416211311202967 0.13773570613068777946 0.14956972624181108511 0.28798697245316151605 0.14022355133680536321 0.00010251930218313298 0.09895372402824099967 0.00000000100000000000 0.00000000100000000000 0.11775363639399785698
166 166 (0) 6 : 0.06166176777646261570 0.06354609871998526116 0.20382710467278397637 0.12056546554312597141 0.29485676611719241480 0.11657362446468907957 0.00000000099999999999 0.00000000099999999999 0.06259538971313395594 0.07637378099262676079
167 167 (0) 6 : 0.05985107069665719648 0.00000000099999999999 0.29877711711567456199 0.15650442883800508298 0.00000000099999999999 0.07244025782627480647 0.00000000099999999999 0.20760446218325601109 0.13098040971745372740 0.07384225062267865680
168 168 (0) 6 : 0.00000000099999999996 0.00000000099999999996 0.00000000099999999996 0.00000000099999999996 0.00000000099999999996 0.00000000099999999996 0.00000000099999999996 0.00000000099999999996 0.64681012503570556316 0.35318986696429444105
169 169 (0) 6 : 0.00000000099999999998 0.00000000099999999998 0.00000000099999999998 0.25613881012110678581 0.00000000099999999998 0.33134091236993024054 0.00000001709018706027 0.41252025441877587797 0.00000000099999999998 0.00000000099999999998
170 170 (0) 6 : 0.00000000099999999998 0.25325245944517721375 0.00000000099999999998 0.00000000099999999998 0.52907550603161279668 0.00000000099999999998 0.00000001285501628491 0.06503871443493366988 0.00000000099999999998 0.15263330223326004864
171 171 (0) 6 : 0.00000000099999999997 0.00000000099999999997 0.00000000099999999997 0.54106089894808162555 0.00000000099999999997 0.00000000099999999997 0.00000000099999999997 0.45893909305191843417 0.00000000099999999997 0.00000000099999999997
172 172 (0) 4 : 0.00000000099999999986 0.00000000099999999986 0.00000000099999999986 0.00000000099999999986 0.00000000099999999986 0.00000000099999999986 0.99999999100000003249 0.00000000099999999986 0.00000000099999999986 0.00000000099999999986
173 173 (0) 4 : 0.00000000099999999983 0.99999999100000014352 0.00000000099999999983 0.00000000099999999983 0.00000000099999999983 0.00000000099999999983 0.00000000099999999983 0.00000000099999999983 0.00000000099999999983 0.00000000099999999983
174 174 (0) 7 : 0.00000000099999999998 0.00000000099999999998 0.00000000099999999998 0.00000000099999999998 0.00000000099999999998 0.51331183638667798874 0.00000000099999999998 0.00000000099999999998 0.00000000099999999998 0.48668815561332218200
175 175 (0) 7 : 0.00000000099999999981 0.00000000099999999981 0.00000000099999999981 0.99999999100000014352 0.00000000099999999981 0.00000000099999999981 0.00000000099999999981 0.00000000099999999981 0.00000000099999999981 0.00000000099999999981
176 176 (0) 7 : 0.00000000099999999999 0.20102449784243375808 0.00000000099999999999 0.25878543807251042086 0.00000000099999999999 0.15562184081960975246 0.21032436892202771572 0.06747811052162974721 0.10676573982178864941 0.00000000099999999999
177 177 (0) 7 : 0.08375169987903691160 0.11391298762318984028 0.24385580258564179545 0.00021330771114571996 0.09266200082471347244 0.03066158151084491523 0.04818650197711561028 0.03262020582906443450 0.07770632396857760082 0.27642958809066986436
178 178 (0) 7 : 0.00000000099999999987 0.00000000099999999987 0.00000000099999999987 0.99999999100000014352 0.00000000099999999987 0.00000000099999999987 0.00000000099999999987 0.00000000099999999987 0.00000000099999999987 0.00000000099999999987
179 179 (0) 7 : 0.00000000100000000000 0.20432252029873737564 0.00000000502684676443 0.00000000100000000000 0.21834657152675501779 0.00000000100000000000 0.31925751115140710290 0.08778220683348697539 0.17029118116276675821 0.00000000100000000000
180 180 (0) 7 : 0.00000000099999999999 0.17423232367873794924 0.25139595454221552728 0.00000000099999999999 0.00000000099999999999 0.22618338620516151294 0.10316232555625372280 0.00000000099999999999 0.19994681670108338523 0.04507918931654785605
181 181 (0) 7 : 0.00000000099999999993 0.00000000099999999993 0.00000000099999999993 0.00000000099999999993 0.00000000099999999993 0.00000000099999999993 0.00000000099999999993 0.99999999100000003249 0.00000000099999999993 0.00000000099999999993
182 182 (0) 7 : 0.11499246111211640364 0.12788105331685342692 0.14051684309231277092 0.22648035537170876919 0.00000000100000000000 0.28433019628392874889 0.04133959361727159582 0.06156607155260013925 0.00000000100000000000 0.00289342365320830949
183 183 (0) 7 : 0.00000000100000000000 0.06107231566739802081 0.00000006546083751648 0.14402551457310161509 0.00000000100000000000 0.22764509479540109838 0.13138948712590770018 0.22215289334463114712 0.00079541551200470713 0.21291921152071821566
184 184 (0) 7 : 0.00000000099999999999 0.00000000099999999999 0.22858954811672232976 0.25079462004397612418 0.00000000099999999999 0.19743352229741711890 0.00000000099999999999 0.01330733016123562991 0.30987497438064875999 0.00000000099999999999
185 185 (0) 7 : 0.61565703038102370659 0.00000000099999999996 0.00000000099999999996 0.38434296161897646416 0.00000000099999999996 0.00000000099999999996 0.00000000099999999996 0.00000000099999999996 0.00000000099999999996 0.00000000099999999996
186 186 (0) 7 : 0.00000000099999999999 0.27357331468260459584 0.00000000099999999999 0.22775766595488025623 0.22781376562184227352 0.12073000589373784897 0.00000000113239997752 0.00000000099999999999 0.15012524271453511759 0.00000000099999999999
187 187 (0) 7 : 0.00000032484311712071 0.23737975624378027106 0.02500265232713071856 0.20232850276552191704 0.00000000099999999999 0.07741148266830097380 0.20654631434888534591 0.00000000099999999999 0.00000000099999999999 0.25133096380326358510
188 188 (0) 7 : 0.00000000099999999989 0.00000000099999999989 0.00000000099999999989 0.00000000099999999989 0.00000000099999999989 0.99999999100000003249 0.00000000099999999989 0.00000000099999999989 0.00000000099999999989 0.00000000099999999989
189 189 (0) 7 : 0.10124212673466351231 0.00000000099999999999 0.21826571611144496288 0.00000000099999999999 0.21048628279563830201 0.00000000099999999999 0.00000000099999999999 0.02954216628207533002 0.44046370307617788153 0.00000000099999999999
190 190 (0) 7 : 0.00000000099999999999 0.00000000099999999999 0.00000000099999999999 0.14646278181601332657 0.23332547206076981183 0.00000000099999999999 0.00000000099999999999 0.22584519565943644848 0.03496363012730559910 0.35940291533647478195
191 191 (0) 7 : 0.00000000099999999999 0.18097167735341879169 0.04130078852219443847 0.00000000099999999999 0.08198242194149758799 0.18574236440023708661 0.21965706709900978399 0.10127585632473729005 0.18906982135890484931 0.00000000099999999999
192 192 (0) 7 : 0.00000000486640734602 0.00000000099999999998 0.00000000099999999998 0.11615414651418060066 0.37910711335405694600 0.00000000099999999998 0.27497452342544020931 0.00000000099999999998 0.00000000099999999998 0.22976420683991477523
193 193 (0) 7 : 0.00788264833618239520 0.00000000099999999999 0.44615208589772442638 0.00000000099999999999 0.00000000230054282903 0.00000000099999999999 0.00000000099999999999 0.19057547527439611112 0.35538978319115405169 0.00000000099999999999
194 194 (0) 7 : 0.00000000099999999991 0.00000000099999999991 0.99999999100000014352 0.00000000099999999991 0.00000000099999999991 0.00000000099999999991 0.00000000099999999991 0.00000000099999999991 0.00000000099999999991 0.00000000099999999991
195 195 (0) 7 : 0.10787438359692104461 0.00000000100000000000 0.05154873620862649580 0.25655580749830703136 0.00000000100000000000 0.20549617742926018504 0.00000000100000000000 0.13113887656625414224 0.24735723834173511948 0.00002877735889592072
196 196 (0) 7 : 0.00000000099999999997 0.00000000099999999997 0.00000000099999999997 0.59940830371367748164 0.40059168828632263359 0.00000000099999999997 0.00000000099999999997 0.00000000099999999997 0.00000000099999999997 0.00000000099999999997
197 197 (0) 7 : 0.00000000099999999990 0.00000000099999999990 0.00000000099999999990 0.00000000099999999990 0.00000000099999999990 0.00000000099999999990 0.00000000099999999990 0.00000000099999999990 0.99999999100000003249 0.00000000099999999990
198 198 (0) 7 : 0.99999999100000014352 0.00000000099999999990 0.00000000099999999990 0.00000000099999999990 0.00000000099999999990 0.00000000099999999990 0.00000000099999999990 0.00000000099999999990 0.00000000099999999990 0.00000000099999999990
199 199 (0) 7 : 0.00000000100000000000 0.00000000100000000000 0.36147279413671157267 0.00139702386899872113 0.00000080867978074927 0.18215747343347046816 0.22953718379726711918 0.19100513200740751318 0.03442957554504087053 0.00000000653132300082
200 200 (0) 7 : 0.00000017441841301401 0.28556812421785271461 0.39505924984970058889 0.00000000099999999999 0.00000000099999999999 0.31937244551403382031 0.00000000099999999999 0.00000000099999999999 0.00000000099999999999 0.00000000099999999999
201 201 (0) 7 : 0.00000000099999999992 0.00000000099999999992 0.99999999100000003249 0.00000000099999999992 0.00000000099999999992 0.00000000099999999992 0.00000000099999999992 0.00000000099999999992 0.00000000099999999992 0.00000000099999999992
202 202 (0) 7 : 0.00000000099999999985 0.99999999100000014352 0.00000000099999999985 0.00000000099999999985 0.00000000099999999985 0.00000000099999999985 0.00000000099999999985 0.00000000099999999985 0.00000000099999999985 0.00000000099999999985
203 203 (0) 7 : 0.00000000099999999992 0.00000000099999999992 0.00000000099999999992 0.00000000099999999992 0.00000000099999999992 0.99999999100000003249 0.00000000099999999992 0.00000000099999999992 0.00000000099999999992 0.00000000099999999992
