1 1 (0) 1 : 0.31435424698480429750 0.00000000099999999999 0.00000000099999999999 0.28774845419048794559 0.00000000099999999999 0.00000001808410706731 0.14526803305414445755 0.06795045085055938239 0.07474134756186881501 0.10993744627402808611
2 2 (0) 1 : 0.00000000099999999996 0.00000000099999999996 0.24226643004215403510 0.39898742734313391578 0.00000000099999999996 0.00000000099999999996 0.00000000099999999996 0.35874613561471224710 0.00000000099999999996 0.00000000099999999996
3 3 (0) 1 : 0.00000000099999999988 0.00000000099999999988 0.00000000099999999988 0.99999999100000014352 0.00000000099999999988 0.00000000099999999988 0.00000000099999999988 0.00000000099999999988 0.00000000099999999988 0.00000000099999999988
4 4 (0) 1 : 0.00000000099999999986 0.00000000099999999986 0.99999999100000003249 0.00000000099999999986 0.00000000099999999986 0.00000000099999999986 0.00000000099999999986 0.00000000099999999986 0.00000000099999999986 0.00000000099999999986
5 5 (0) 1 : 0.00000000099999999996 0.13185583883125626126 0.00000000099999999996 0.00000000099999999996 0.00000000099999999996 0.51336355792662213826 0.35478059624212154866 0.00000000099999999996 0.00000000099999999996 0.00000000099999999996
6 6 (0) 1 : 0.00000000099999999984 0.00000000099999999984 0.00000000099999999984 0.00000000099999999984 0.00000000099999999984 0.00000000099999999984 0.00000000099999999984 0.00000000099999999984 0.99999999099999992147 0.00000000099999999984
7 7 (0) 1 : 0.00000000099999999999 0.33616357988947898061 0.29139899647238515223 0.01073510255822496956 0.00000000099999999999 0.00000000099999999999 0.10820340246739923451 0.25349891361251175592 0.00000000099999999999 0.00000000099999999999
8 8 (0) 1 : 0.00000000099999999998 0.00000000099999999998 0.00000000099999999998 0.51599522552598386937 0.00000000099999999998 0.00000000099999999998 0.00000000099999999998 0.00000000099999999998 0.00000000099999999998 0.48400476647401624586
9 9 (0) 1 : 0.00134574761676700965 0.60412600864271626122 0.00000750495925623776 0.00000000099999999999 0.00000000099999999999 0.39452073278126054134 0.00000000099999999999 0.00000000099999999999 0.00000000099999999999 0.00000000099999999999
10 10 (0) 1 : 0.00000000100000000000 0.34666910755083202300 0.55691947062162183713 0.00000000100000000000 0.09640159981925944255 0.00000951283453477141 0.00000000100000000000 0.00000000100000000000 0.00000000100000000000 0.00000030417375209346
11 11 (0) 1 : 0.00000000099999999989 0.99999999100000025454 0.00000000099999999989 0.00000000099999999989 0.00000000099999999989 0.00000000099999999989 0.00000000099999999989 0.00000000099999999989 0.00000000099999999989 0.00000000099999999989
12 12 (0) 1 : 0.00000000099999999999 0.45224778298416118405 0.47675178725944666880 0.00000000099999999999 0.00000000099999999999 0.00000000099999999999 0.07099746461931974451 0.00000000099999999999 0.00000000099999999999 0.00000295913707236936
13 13 (0) 2 : 0.46233669763970597355 0.00000000099999999999 0.00000000099999999999 0.16376400055061743344 0.16224738440051122979 0.00000000099999999999 0.00000000099999999999 0.00000000099999999999 0.21165191140916525536 0.00000000099999999999
14 14 (0) 2 : 0.00000000099999999980 0.99999999100000025454 0.00000000099999999980 0.00000000099999999980 0.00000000099999999980 0.00000000099999999980 0.00000000099999999980 0.00000000099999999980 0.00000000099999999980 0.00000000099999999980
15 15 (0) 2 : 0.32326901904504534713 0.67395020719940534892 0.00000000099999999996 0.00000000099999999996 0.00000000099999999996 0.00278076675554934493 0.00000000099999999996 0.00000000099999999996 0.00000000099999999996 0.00000000099999999996
16 16 (0) 2 : 0.99999999100000025454 0.00000000099999999985 0.00000000099999999985 0.00000000099999999985 0.00000000099999999985 0.00000000099999999985 0.00000000099999999985 0.00000000099999999985 0.00000000099999999985 0.00000000099999999985
17 17 (0) 2 : 0.00000000099999999998 0.59352429697903463790 0.00000000099999999998 0.00000000099999999998 0.00000000099999999998 0.00000000099999999998 0.00000000099999999998 0.40647569502096547733 0.00000000099999999998 0.00000000099999999998
18 18 (0) 2 : 0.00000000099999999993 0.99999999100000014352 0.00000000099999999993 0.00000000099999999993 0.00000000099999999993 0.00000000099999999993 0.00000000099999999993 0.00000000099999999993 0.00000000099999999993 0.00000000099999999993
19 19 (0) 2 : 0.46654720920192233047 0.42954632694825994887 0.00000000099999999998 0.10389643012865075467 0.00000000099999999998 0.00000000099999999998 0.00001002772116713839 0.00000000099999999998 0.00000000099999999998 0.00000000099999999998
20 20 (0) 2 : 0.16350906300990111775 0.00000000099999999997 0.00351153263627387163 0.40394960844541222267 0.00000000099999999997 0.00000000099999999997 0.00000000099999999997 0.00000000099999999997 0.00000000099999999997 0.42902978990841311724
21 21 (0) 2 : 0.00000000099999999999 0.00000000099999999999 0.00000000099999999999 0.00000000099999999999 0.61642071640065709826 0.00320744528380679898 0.00000000099999999999 0.38037183131553620186 0.00000000099999999999 0.00000000099999999999
22 22 (0) 2 : 0.14496474198966810554 0.31332447488716091977 0.00000000099999999998 0.00000000099999999998 0.00000000099999999998 0.00000000099999999998 0.16170398913562777921 0.19795514218361737191 0.16503753756964600896 0.01701411023427967795
23 23 (0) 2 : 0.38425789199991317036 0.30421360714470452313 0.00000000100000000000 0.00000009817375897218 0.00000000100000000000 0.15597335449999616408 0.00343127392907631446 0.00000000100000000000 0.15212377025255091612 0.00000000100000000000
24 24 (0) 2 : 0.00000000099999999978 0.00000000099999999978 0.00000000099999999978 0.00000000099999999978 0.00000000099999999978 0.00000000099999999978 0.00000000099999999978 0.99999999099999992147 0.00000000099999999978 0.00000000099999999978
25 25 (0) 2 : 0.00000000099999999995 0.45863303114235509650 0.00000000099999999995 0.00000000099999999995 0.00000000099999999995 0.00000000099999999995 0.00000000099999999995 0.54136696085764468567 0.00000000099999999995 0.00000000099999999995
26 26 (0) 2 : 0.00000000099999999994 0.23340817660109519638 0.00000000099999999994 0.00000000099999999994 0.00000000099999999994 0.00000000099999999994 0.00000000099999999994 0.00000000099999999994 0.01136228205050833148 0.75522953434839634745
27 27 (0) 2 : 0.15545309437155052645 0.00000000099999999998 0.00000000099999999998 0.23738220997772543908 0.09225496672881743077 0.18425033305773491632 0.09088419514597374793 0.18529426479768246194 0.00000000099999999998 0.05448093292051556930
28 28 (0) 2 : 0.00000000099999999998 0.89958196034492610149 0.10041803160252610327 0.00000000099999999998 0.00000000099999999998 0.00000000099999999998 0.00000000099999999998 0.00000000105254783417 0.00000000099999999998 0.00000000099999999998
29 29 (0) 2 : 0.00000000099999999998 0.00000000099999999998 0.00000000099999999998 0.00000000099999999998 0.00000000099999999998 0.35995085865598730468 0.37561451539135520816 0.00000000099999999998 0.00000000099999999998 0.26443461895265751860
30 30 (0) 2 : 0.36768983038638608507 0.18464842833654174226 0.06380030294989672002 0.00000000099999999999 0.00000000099999999999 0.17506127557702394482 0.20879627163921499200 0.00000388711093669262 0.00000000099999999999 0.00000000099999999999
31 31 (0) 2 : 0.00000000099999999978 0.00000000099999999978 0.00000000099999999978 0.00000000099999999978 0.00000000099999999978 0.00000000099999999978 0.99999999099999992147 0.00000000099999999978 0.00000000099999999978 0.00000000099999999978
32 32 (0) 2 : 0.00000000099999999994 0.26583345691432191948 0.73416653508567808473 0.00000000099999999994 0.00000000099999999994 0.00000000099999999994 0.00000000099999999994 0.00000000099999999994 0.00000000099999999994 0.00000000099999999994
33 33 (0) 2 : 0.99999999100000014352 0.00000000099999999972 0.00000000099999999972 0.00000000099999999972 0.00000000099999999972 0.00000000099999999972 0.00000000099999999972 0.00000000099999999972 0.00000000099999999972 0.00000000099999999972
34 34 (0) 3 : 0.00000000099999999986 0.00000000099999999986 0.00000000099999999986 0.99999999100000014352 0.00000000099999999986 0.00000000099999999986 0.00000000099999999986 0.00000000099999999986 0.00000000099999999986 0.00000000099999999986
35 35 (0) 3 : 0.00000000099999999981 0.00000000099999999981 0.00000000099999999981 0.00000000099999999981 0.00000000099999999981 0.99999999100000003249 0.00000000099999999981 0.00000000099999999981 0.00000000099999999981 0.00000000099999999981
36 36 (0) 3 : 0.00000000099999999999 0.01397689926818420324 0.17661334362401262532 0.36655374871932860925 0.00000000099999999999 0.00004146441800721318 0.13515176984567350837 0.23704096059199467050 0.07062181053279917298 0.00000000099999999999
37 37 (0) 3 : 0.00000000099999999997 0.00000000099999999997 0.00000000099999999997 0.00000000099999999997 0.00000000099999999997 0.00000000099999999997 0.00000000099999999997 0.00000000099999999997 0.33768899797433993282 0.66231099402566007139
38 38 (0) 3 : 0.00000000099999999982 0.00000000099999999982 0.00000000099999999982 0.00000000099999999982 0.00000000099999999982 0.00000000099999999982 0.00000000099999999982 0.00000000099999999982 0.00000000099999999982 0.99999999100000003249
39 39 (0) 3 : 0.00000000099999999996 0.00000000099999999996 0.00000000099999999996 0.00000000099999999996 0.46055032065287460075 0.00000000099999999996 0.00000000099999999996 0.00000000099999999996 0.19232798679940429909 0.34712168554772110385
40 40 (0) 3 : 0.00000000099999999998 0.00000000099999999998 0.00000000099999999998 0.00000000099999999998 0.39532111972476902118 0.00000000099999999998 0.00000000099999999998 0.36280002554394313874 0.24187884773128770499 0.00000000099999999998
41 41 (0) 3 : 0.16598707966961531723 0.00000000099999999998 0.40939481876854627584 0.25866875059956495608 0.00000000099999999998 0.00146525411948718451 0.00000000099999999998 0.16448409184278645068 0.00000000099999999998 0.00000000099999999998
42 42 (0) 3 : 0.27230428088252334184 0.00000000099999999998 0.00000000099999999998 0.30222258873781321364 0.00000000099999999998 0.42547312337966342044 0.00000000099999999998 0.00000000099999999998 0.00000000099999999998 0.00000000099999999998
43 43 (0) 3 : 0.00000000099999999992 0.00000000099999999992 0.00000000099999999992 0.00000000099999999992 0.00000000099999999992 0.51853342907368960013 0.00000000099999999992 0.48146656292631045959 0.00000000099999999992 0.00000000099999999992
44 44 (0) 3 : 0.05287038175796617695 0.00000000099999999998 0.00000000099999999998 0.00000000099999999998 0.08800159852857170062 0.35951124349326285534 0.00000000099999999998 0.13297408590996243061 0.07948027411329819381 0.28716241219693855458
45 45 (0) 3 : 0.00000000099999999984 0.00000000099999999984 0.00000000099999999984 0.00000000099999999984 0.00000000099999999984 0.00000000099999999984 0.00000000099999999984 0.99999999100000003249 0.00000000099999999984 0.00000000099999999984
46 46 (0) 3 : 0.00000000099999999996 0.00000000099999999996 0.44430321801822625361 0.00000000099999999996 0.38593690914264761060 0.00000000099999999996 0.00000000099999999996 0.00000000099999999996 0.00000000099999999996 0.16975986583912625050
47 47 (0) 3 : 0.24728485508032921336 0.00000000099999999999 0.00463154891555164500 0.14334026463130963847 0.00000000099999999999 0.15805656345755011993 0.00000000099999999999 0.18964403454602277166 0.25704246137409719752 0.00000026899513948312
48 48 (0) 3 : 0.00000000099999999976 0.00000000099999999976 0.00000000099999999976 0.00000000099999999976 0.00000000099999999976 0.00000000099999999976 0.00000000099999999976 0.00000000099999999976 0.99999999100000003249 0.00000000099999999976
49 49 (0) 3 : 0.00000000099999999987 0.00000000099999999987 0.99999999100000003249 0.00000000099999999987 0.00000000099999999987 0.00000000099999999987 0.00000000099999999987 0.00000000099999999987 0.00000000099999999987 0.00000000099999999987
50 50 (0) 3 : 0.00000000099999999996 0.00000000099999999996 0.00000000099999999996 0.00000000099999999996 0.00000000099999999996 0.00000000099999999996 0.00000000099999999996 0.51943775216670506900 0.48056223983329487970 0.00000000099999999996
51 51 (0) 3 : 0.03168228680530375818 0.00000000099999999994 0.57199526269899125808 0.00000000099999999994 0.00000000099999999994 0.00000000099999999994 0.00000000099999999994 0.00000000099999999994 0.39632244349570516784 0.00000000099999999994
52 52 (0) 3 : 0.00000000099999999997 0.26157742499670666447 0.00000000099999999997 0.00000000099999999997 0.00000000099999999997 0.00000000099999999997 0.00000000099999999997 0.40923451066858046454 0.00000000099999999997 0.32918805733471284691
53 53 (0) 3 : 0.12343072268836127736 0.00000000099999999997 0.00000000099999999997 0.00000000099999999997 0.00000000099999999997 0.63216708253159925590 0.00000000099999999997 0.00000000099999999997 0.24440218778003955369 0.00000000099999999997
54 54 (0) 3 : 0.00000000099999999983 0.00000000099999999983 0.00000000099999999983 0.00000000099999999983 0.99999999100000014352 0.00000000099999999983 0.00000000099999999983 0.00000000099999999983 0.00000000099999999983 0.00000000099999999983
55 55 (0) 3 : 0.00000000099999999998 0.12216151912042251537 0.00000000099999999998 0.18225578913568790673 0.00000000123587790097 0.00006750000057064542 0.00000000099999999998 0.00000000099999999998 0.20803188216980780800 0.48748330433763314984
56 56 (0) 3 : 0.00000000099999999987 0.00000000099999999987 0.00000000099999999987 0.00000000099999999987 0.99999999100000003249 0.00000000099999999987 0.00000000099999999987 0.00000000099999999987 0.00000000099999999987 0.00000000099999999987
57 57 (0) 3 : 0.00000000099999999993 0.00000000099999999993 0.50247088460892752604 0.00000000099999999993 0.00000000099999999993 0.00000000099999999993 0.00000000099999999993 0.00000000099999999993 0.49752910739107247817 0.00000000099999999993
58 58 (0) 3 : 0.00000000099999999994 0.00000000099999999994 0.00000000099999999994 0.29148918091827474841 0.42949199854449920943 0.00000000099999999994 0.00000000099999999994 0.27901881353722607360 0.00000000099999999994 0.00000000099999999994
59 59 (0) 3 : 0.00000000099999999982 0.00000000099999999982 0.00000000099999999982 0.00000000099999999982 0.00000000099999999982 0.00000000099999999982 0.00000000099999999982 0.00000000099999999982 0.99999999099999992147 0.00000000099999999982
60 60 (0) 4 : 0.64902107710768119908 0.00000000099999999996 0.00109093550108304150 0.00000000099999999996 0.00000000099999999996 0.00000000099999999996 0.00000000099999999996 0.00000000099999999996 0.00000000099999999996 0.34988798039123586436
61 61 (0) 4 : 0.78715873836694461030 0.00000000099999999996 0.00000000148131693626 0.00000000099999999996 0.00000000099999999996 0.00000000099999999996 0.00000000099999999996 0.21284125315173871296 0.00000000099999999996 0.00000000099999999996
62 62 (0) 4 : 0.21310488244005190706 0.00000000099999999998 0.00000000099999999998 0.00000000099999999998 0.21893406118203795341 0.00000000099999999998 0.00000000208726752707 0.20328946785289178645 0.36467158143775080248 0.00000000099999999998
63 63 (0) 4 : 0.00000000099999999998 0.00000000099999999998 0.00000000099999999998 0.00000000099999999998 0.00000000633118360508 0.36035492837218213724 0.30107724206186903260 0.00000000099999999998 0.00000000099999999998 0.33856781723476514490
64 64 (0) 4 : 0.05034032164325196596 0.09324368930013600398 0.12891258222210671969 0.00000000099999999998 0.17406945811037541350 0.29844311467940426441 0.00000000099999999998 0.25499083004472561376 0.00000000099999999998 0.00000000099999999998
65 65 (0) 4 : 0.00000000099999999980 0.00000000099999999980 0.00000000099999999980 0.00000000099999999980 0.00000000099999999980 0.00000000099999999980 0.00000000099999999980 0.00000000099999999980 0.99999999100000003249 0.00000000099999999980
66 66 (0) 4 : 0.05629255220179212732 0.00000000099999999998 0.26850314516595530367 0.00000000099999999998 0.13896648153881188681 0.11463954255458350118 0.00000000099999999998 0.07693105786544426894 0.34466721667341293500 0.00000000099999999998
67 67 (0) 4 : 0.00000220271023259827 0.26714783267356434493 0.23190968722597229967 0.00000000099999999998 0.13820553123650555771 0.00000000099999999998 0.00000000099999999998 0.24071566058315957415 0.00000000099999999998 0.12201908157056572113
68 68 (0) 4 : 0.00000000099999999995 0.00000000099999999995 0.00000000099999999995 0.00000000099999999995 0.00000000099999999995 0.00000000099999999995 0.54874280811621012344 0.00000000099999999995 0.00000000099999999995 0.45125718388378993629
69 69 (0) 4 : 0.00000000099999999975 0.00000000099999999975 0.00000000099999999975 0.00000000099999999975 0.00000000099999999975 0.00000000099999999975 0.99999999100000003249 0.00000000099999999975 0.00000000099999999975 0.00000000099999999975
70 70 (0) 4 : 0.31523719458262161597 0.29185542198386910107 0.00000000099999999998 0.07532998428697970650 0.15901790413821118020 0.00000000099999999998 0.00000000099999999998 0.15855949000831848217 0.00000000099999999998 0.00000000099999999998
71 71 (0) 4 : 0.00000000099999999998 0.00000000099999999998 0.00000000099999999998 0.15277104312819611565 0.17885355936183999770 0.00000000099999999998 0.23205240135294244452 0.08605063976894958278 0.35027235138807183423 0.00000000099999999998
72 72 (0) 4 : 0.00000000099999999996 0.60617006747324719829 0.00000000099999999996 0.00000000099999999996 0.00000000099999999996 0.00000000099999999996 0.00000000099999999996 0.39382992452675291695 0.00000000099999999996 0.00000000099999999996
73 73 (0) 4 : 0.00000000099999999999 0.01030288041160470035 0.00000869587572030131 0.11215640478262980939 0.00000452437223318492 0.31316581720994818294 0.00000000099999999999 0.18302599078076595140 0.07923778390985591891 0.30209790065724190233
74 74 (0) 4 : 0.00000000099999999998 0.00000000099999999998 0.00000000099999999998 0.44935928293891136409 0.00000000099999999998 0.55064070906108864012 0.00000000099999999998 0.00000000099999999998 0.00000000099999999998 0.00000000099999999998
75 75 (0) 4 : 0.00000000099999999984 0.00000000099999999984 0.00000000099999999984 0.00000000099999999984 0.00000000099999999984 0.99999999100000003249 0.00000000099999999984 0.00000000099999999984 0.00000000099999999984 0.00000000099999999984
76 76 (0) 4 : 0.00000000099999999997 0.00000000099999999997 0.00000000099999999997 0.12302385286764561112 0.00000000099999999997 0.29577405472460482905 0.40332141882929040122 0.17788066757845924504 0.00000000099999999997 0.00000000099999999997
77 77 (0) 4 : 0.00000000099999999999 0.06458322495952115161 0.00000000099999999999 0.00001474359201313622 0.21444362841712880097 0.33917515813518950285 0.38178323989614748601 0.00000000099999999999 0.00000000099999999999 0.00000000099999999999
78 78 (0) 4 : 0.00000000099999999994 0.00000504623302240106 0.00000000099999999994 0.60459203670123728980 0.39540291006574024291 0.00000000099999999994 0.00000000099999999994 0.00000000099999999994 0.00000000099999999994 0.00000000099999999994
79 79 (0) 4 : 0.00000000099999999995 0.00000000099999999995 0.00000000099999999995 0.66161670039523579057 0.00000000099999999995 0.33838329160476432467 0.00000000099999999995 0.00000000099999999995 0.00000000099999999995 0.00000000099999999995
80 80 (0) 4 : 0.00000000099999999998 0.00000000099999999998 0.30235929635662195381 0.00000000099999999998 0.00000000099999999998 0.09208634654445248258 0.28738235990687854837 0.20278303419236667904 0.11538895799968029721 0.00000000099999999998
81 81 (0) 4 : 0.29453990354776671268 0.37133836204754899768 0.01826327778862536777 0.10012725465876315400 0.00000000099999999999 0.06967979019449248301 0.00000000099999999999 0.00000000099999999999 0.11143693235863828817 0.03461447640416516480
82 82 (0) 4 : 0.00000000099999999998 0.00000000099999999998 0.00000000099999999998 0.99999999100000003249 0.00000000099999999998 0.00000000099999999998 0.00000000099999999998 0.00000000099999999998 0.00000000099999999998 0.00000000099999999998
83 83 (0) 4 : 0.00000000099999999998 0.00000000099999999998 0.40931997976812239948 0.28616416803065891639 0.06465612704708252612 0.00000000099999999998 0.00000000099999999998 0.00000000099999999998 0.23985971915413620281 0.00000000099999999998
84 84 (0) 4 : 0.00368136966966388802 0.07159269883447984262 0.32564383245201766748 0.00000008260400445022 0.00000000099999999998 0.00000000099999999998 0.00000000099999999998 0.14828689284971505180 0.29611688930916474360 0.15467823128095412044
85 85 (0) 4 : 0.00000000099999999997 0.59207743615597874243 0.16086211060162264319 0.00000000099999999997 0.00000000099999999997 0.13322905075546045972 0.00000000099999999997 0.11383139648693851864 0.00000000099999999997 0.00000000099999999997
86 86 (0) 5 : 0.00000000099999999999 0.10486939417243126837 0.16730432730671104813 0.25132515933345878079 0.33242332800966711837 0.00000000099999999999 0.00806111264629220600 0.00000000099999999999 0.00000000099999999999 0.13601667453143972963
87 87 (0) 5 : 0.00000000099999999990 0.03509919207562403609 0.00000000099999999990 0.00000000099999999990 0.00000000099999999990 0.96490079992437616241 0.00000000099999999990 0.00000000099999999990 0.00000000099999999990 0.00000000099999999990
88 88 (0) 5 : 0.00000000099999999984 0.00000000099999999984 0.00000000099999999984 0.00000000099999999984 0.00000000099999999984 0.00000000099999999984 0.00000000099999999984 0.00000000099999999984 0.00000000099999999984 0.99999999099999992147
89 89 (0) 5 : 0.00000000099999999998 0.00000000099999999998 0.00000000099999999998 0.34660376624405703216 0.00000000099999999998 0.00000000099999999998 0.37053252199969788361 0.00000000099999999998 0.00000000099999999998 0.28286370475624500465
90 90 (0) 5 : 0.00163092002820285813 0.00021568376158151968 0.63836417631113984150 0.31907998760812977812 0.04070922729094615666 0.00000000099999999998 0.00000000099999999998 0.00000000099999999998 0.00000000099999999998 0.00000000099999999998
91 91 (0) 5 : 0.08914531916274237577 0.00000000099999999997 0.00000000099999999997 0.00000000099999999997 0.53800290383360593882 0.00000000099999999997 0.00000000099999999997 0.00000000099999999997 0.00000000099999999997 0.37285177000365166133
92 92 (0) 5 : 0.00000000099999999996 0.00000000099999999996 0.52653077762140987339 0.00000000099999999996 0.00000000099999999996 0.47346921437859013082 0.00000000099999999996 0.00000000099999999996 0.00000000099999999996 0.00000000099999999996
93 93 (0) 5 : 0.00000000099999999993 0.00000000099999999993 0.48112630311861859234 0.00000000099999999993 0.00000000099999999993 0.00000000099999999993 0.00000000099999999993 0.00000000099999999993 0.00000000099999999993 0.51887368888138118983
94 94 (0) 5 : 0.08332844321177221292 0.00000000099999999999 0.26044183819535127178 0.00000000099999999999 0.29034507876736331822 0.08209893461941548953 0.01331561616294491164 0.12895439078609172157 0.14151569525706106378 0.00000000099999999999
95 95 (0) 5 : 0.08247068102835104775 0.38803873465591975922 0.00000000099999999997 0.00000000099999999997 0.07255427040188214272 0.00000000099999999997 0.12275554662902658787 0.00000000099999999997 0.00000000099999999997 0.33418076228482046508
96 96 (0) 5 : 0.00000000099999999997 0.00000000099999999997 0.08594641503989657039 0.12397618855386777215 0.40051844397028601996 0.00000000099999999997 0.06938573861384027264 0.32017320882210936750 0.00000000099999999997 0.00000000099999999997
97 97 (0) 5 : 0.00000000099999999997 0.19068752698322191663 0.40596241157800355692 0.00000000099999999997 0.00000000099999999997 0.00000000099999999997 0.40335005443877458564 0.00000000099999999997 0.00000000099999999997 0.00000000099999999997
98 98 (0) 5 : 0.17274776606239314325 0.00000000099999999998 0.00000000099999999998 0.53781951006878592203 0.00000000099999999998 0.00000000099999999998 0.00000000099999999998 0.28943271686882099392 0.00000000099999999998 0.00000000099999999998
99 99 (0) 5 : 0.00000000099999999991 0.00000000099999999991 0.00000000099999999991 0.00000000099999999991 0.00000000099999999991 0.00000000099999999991 0.00000000099999999991 0.99999999099999992147 0.00000000099999999991 0.00000000099999999991
100 100 (0) 5 : 0.00000000099999999985 0.00000000099999999985 0.00000000099999999985 0.00000000099999999985 0.00000000099999999985 0.00000000099999999985 0.00000000099999999985 0.99999999100000003249 0.00000000099999999985 0.00000000099999999985
101 101 (0) 5 : 0.00000000099999999995 0.00000000099999999995 0.00000000099999999995 0.00000000099999999995 0.68581284691966515332 0.00000000099999999995 0.00000000099999999995 0.00000000099999999995 0.31418714508033490640 0.00000000099999999995
102 102 (0) 5 : 0.00000000099999999998 0.00000000099999999998 0.10722839220380976644 0.00000000099999999998 0.14816745668912403855 0.39913379521706737751 0.22655564390452240242 0.00000000099999999998 0.11891470573322407422 0.00000000225225239555
103 103 (0) 5 : 0.00000000099999999998 0.00000000099999999998 0.00000000099999999998 0.00000000099999999998 0.28117217662853866145 0.00000000099999999998 0.00000000099999999998 0.30321378401670034952 0.41561403235476090945 0.00000000099999999998
104 104 (0) 5 : 0.01113519872490812725 0.16472036193802694348 0.00000000100000000000 0.20620613857340983066 0.00000005129818846823 0.12598463303492068999 0.17729651587207034824 0.31465681291658120777 0.00000000933776428997 0.00000027730413008520
105 105 (0) 5 : 0.00000000099999999995 0.00000000099999999995 0.65373151261136741574 0.00000000099999999995 0.00000000099999999995 0.34626847938863253296 0.00000000099999999995 0.00000000099999999995 0.00000000099999999995 0.00000000099999999995
106 106 (0) 5 : 0.00000000099999999993 0.00000004347584433308 0.00000000099999999993 0.99999994852415585722 0.00000000099999999993 0.00000000099999999993 0.00000000099999999993 0.00000000099999999993 0.00000000099999999993 0.00000000099999999993
107 107 (0) 5 : 0.00000000099999999987 0.00000000099999999987 0.00000000099999999987 0.00000000099999999987 0.99999999100000003249 0.00000000099999999987 0.00000000099999999987 0.00000000099999999987 0.00000000099999999987 0.00000000099999999987
108 108 (0) 5 : 0.19833851022568049771 0.00000000099999999998 0.24225411115017311814 0.26530570817116749804 0.00000000099999999998 0.00000000099999999998 0.00000000099999999998 0.17420733177132766145 0.11989433368165128280 0.00000000099999999998
109 109 (0) 5 : 0.13173102309554984846 0.16271740379324678427 0.36370244566235054862 0.34184912144885309937 0.00000000099999999998 0.00000000099999999998 0.00000000099999999998 0.00000000099999999998 0.00000000099999999998 0.00000000099999999998
110 110 (0) 5 : 0.09174223076142976052 0.00000000099999999999 0.00000000099999999999 0.00015750642677544763 0.00000000099999999999 0.00000000099999999999 0.16163972603723850141 0.08345468482371980190 0.00000000099999999999 0.66300584695083653042
111 111 (0) 5 : 0.00000000099999999990 0.00000000099999999990 0.00000000099999999990 0.00000000099999999990 0.00000000099999999990 0.99999999100000003249 0.00000000099999999990 0.00000000099999999990 0.00000000099999999990 0.00000000099999999990
112 112 (0) 5 : 0.00000000099999999996 0.00000000099999999996 0.00044185109013333075 0.33819406700140819400 0.06036988880060919355 0.00000000099999999996 0.08716693752080327540 0.28272595669494510195 0.23110129489210093356 0.00000000099999999996
113 113 (0) 4 : 0.00000000099999999998 0.00000000099999999998 0.00000000099999999998 0.00000000099999999998 0.00000000099999999998 0.26031037739283063859 0.16945913572570320271 0.25467639174660777757 0.00692376942190359342 0.30863032071295476433
114 114 (0) 6 : 0.00000000099999999999 0.07937072064193888277 0.00000000099999999999 0.22883359292292795861 0.00000000099999999999 0.13712279200606980467 0.17104215893673621607 0.22724038087174686096 0.00000000099999999999 0.15639035062058020964
115 115 (0) 6 : 0.00000000099999999997 0.34425099659682201203 0.50621831128236172148 0.00000000099999999997 0.00000000099999999997 0.00000000099999999997 0.00000000099999999997 0.00000000099999999997 0.14953068512081627017 0.00000000099999999997
116 116 (0) 6 : 0.44204904723189070159 0.00000000099999999991 0.00000000099999999991 0.00000000099999999991 0.00000000099999999991 0.00000000099999999991 0.55795094476810913608 0.00000000099999999991 0.00000000099999999991 0.00000000099999999991
117 117 (0) 6 : 0.00000000099999999990 0.63589733067036624536 0.00000000099999999990 0.00000000099999999990 0.00000000099999999990 0.00000000099999999990 0.00000000099999999990 0.00000000099999999990 0.00000000099999999990 0.36410266132963409191
118 118 (0) 6 : 0.00000000099999999998 0.45576824991679437682 0.16185508611301469006 0.01581778383449352829 0.00000000099999999998 0.25787163055749812157 0.00000000099999999998 0.00000000099999999998 0.00000000099999999998 0.10868724457819931017
119 119 (0) 6 : 0.43410798645208853452 0.40506136394489755670 0.00000000099999999993 0.16083064260301410675 0.00000000099999999993 0.00000000099999999993 0.00000000099999999993 0.00000000099999999993 0.00000000099999999993 0.00000000099999999993
120 120 (0) 6 : 0.00000000099999999986 0.00000000099999999986 0.00000000099999999986 0.00000000099999999986 0.00000000099999999986 0.99999999100000003249 0.00000000099999999986 0.00000000099999999986 0.00000000099999999986 0.00000000099999999986
121 121 (0) 6 : 0.17517863539892267188 0.00000000099999999998 0.31945181409396566918 0.00000000099999999998 0.00000000099999999998 0.50536954350711171813 0.00000000099999999998 0.00000000099999999998 0.00000000099999999998 0.00000000099999999998
122 122 (0) 6 : 0.00000000099999999997 0.00000000099999999997 0.26654985367974981525 0.12390892683601824331 0.00000000099999999997 0.16546008687291069439 0.00000000099999999997 0.00000000099999999997 0.31560284706182289982 0.12847828054949833598
123 123 (0) 6 : 0.00000000099999999997 0.34269587923109312566 0.36847631411922332489 0.00000000099999999997 0.00000000099999999997 0.00000000099999999997 0.13788810181024432899 0.15093969883943936239 0.00000000099999999997 0.00000000099999999997
124 124 (0) 6 : 0.00000000099999999997 0.00000000099999999997 0.07770680124299424174 0.25196194333669608145 0.23583302452336271648 0.19172488275741381147 0.24277334313953319311 0.00000000099999999997 0.00000000099999999997 0.00000000099999999997
125 125 (0) 6 : 0.00000000099999999999 0.10267322583752619414 0.32270569809180477128 0.23841476359547217334 0.04707610709568740143 0.26990782694599058100 0.01922237443351912725 0.00000000099999999999 0.00000000099999999999 0.00000000099999999999
126 126 (0) 6 : 0.00000000099999999990 0.00000000099999999990 0.00000000099999999990 0.99999999100000014352 0.00000000099999999990 0.00000000099999999990 0.00000000099999999990 0.00000000099999999990 0.00000000099999999990 0.00000000099999999990
127 127 (0) 6 : 0.35196436384363904981 0.15179035371786228636 0.00000000099999999997 0.00000000099999999997 0.00000000099999999997 0.00000000099999999997 0.00000000099999999997 0.00000000099999999997 0.10885153893422241933 0.38739373750427635867
128 128 (0) 6 : 0.00000000099999999996 0.00000000099999999996 0.19041314856209332063 0.00005258544875768897 0.00000000099999999996 0.00000000099999999996 0.00000000099999999996 0.00000128986909701135 0.32162680019389916497 0.48790617092615284900
129 129 (0) 6 : 0.00000000099999999993 0.00000000099999999993 0.66283655648653094783 0.00000000099999999993 0.00000000099999999993 0.00000000099999999993 0.33716343551346916740 0.00000000099999999993 0.00000000099999999993 0.00000000099999999993
130 130 (0) 6 : 0.17898466565162729491 0.06158899566870437714 0.00000000099999999999 0.20434356206836620795 0.00000000099999999999 0.00002391040986666104 0.08725126308835338962 0.20997044711150517071 0.25783715300157677985 0.00000000099999999999
131 131 (0) 6 : 0.26292888969781857966 0.30332795911872945105 0.00000000099999999999 0.27388635434195490737 0.00000000099999999999 0.01443129093839744595 0.00000000099999999999 0.02788488735844939573 0.00000000099999999999 0.11754061454465025705
132 132 (0) 6 : 0.03462865922942380548 0.00000000099999999999 0.07355667594902802475 0.19047670365278704385 0.09884977577144063443 0.00000000099999999999 0.14576303871854812133 0.12647298434680251389 0.33025215933196971907 0.00000000099999999999
133 133 (0) 6 : 0.00000000099999999994 0.00000000099999999994 0.00000000099999999994 0.99999999100000014352 0.00000000099999999994 0.00000000099999999994 0.00000000099999999994 0.00000000099999999994 0.00000000099999999994 0.00000000099999999994
134 134 (0) 6 : 0.13100383771918538978 0.00000000099999999998 0.00000000099999999998 0.00000000099999999998 0.23457559545492712161 0.27299187134794905552 0.00000000099999999998 0.00000000099999999998 0.11691866421876358217 0.24451002625917492295
135 135 (0) 6 : 0.99999999100000025454 0.00000000099999999993 0.00000000099999999993 0.00000000099999999993 0.00000000099999999993 0.00000000099999999993 0.00000000099999999993 0.00000000099999999993 0.00000000099999999993 0.00000000099999999993
136 136 (0) 6 : 0.10976343729352672218 0.05814325504618607365 0.66586926712336858003 0.00000000099999999998 0.00000000099999999998 0.16622402835672586696 0.00000000099999999998 0.00000000718019283351 0.00000000099999999998 0.00000000099999999998
137 137 (0) 6 : 0.00000000099999999989 0.00000000099999999989 0.00000000099999999989 0.00000000099999999989 0.00000000099999999989 0.00000000099999999989 0.00000000099999999989 0.00000000099999999989 0.00000000099999999989 0.99999999099999992147
138 138 (0) 6 : 0.00000000099999999988 0.00000000099999999988 0.00000000099999999988 0.99999999100000014352 0.00000000099999999988 0.00000000099999999988 0.00000000099999999988 0.00000000099999999988 0.00000000099999999988 0.00000000099999999988
139 139 (0) 6 : 0.00000000099999999998 0.00000000099999999998 0.00000003659598742090 0.00000000099999999998 0.00000547189334297801 0.00000000099999999998 0.21587780134231021600 0.00000000099999999998 0.43939680111647189120 0.34471988405188747073
140 140 (0) 6 : 0.45423140337709522196 0.00000000099999999998 0.00000000099999999998 0.00000000099999999998 0.00000000099999999998 0.00000000099999999998 0.12058584483850232072 0.22636039538147575967 0.19882234891516833986 0.00000000248775813215
141 141 (0) 6 : 0.26598201172331120690 0.00000000099999999997 0.00000000099999999997 0.39026469944409730717 0.11072332242556819082 0.00000000099999999997 0.23302996040702317337 0.00000000099999999997 0.00000000099999999997 0.00000000099999999997
142 142 (0) 7 : 0.00000000099999999994 0.00000000099999999994 0.00000000099999999994 0.54172720356044923307 0.00000000099999999994 0.00000000099999999994 0.00000000099999999994 0.00000000099999999994 0.45827278843955082666 0.00000000099999999994
143 143 (0) 7 : 0.99999999100000014352 0.00000000099999999982 0.00000000099999999982 0.00000000099999999982 0.00000000099999999982 0.00000000099999999982 0.00000000099999999982 0.00000000099999999982 0.00000000099999999982 0.00000000099999999982
144 144 (0) 7 : 0.00000000099999999998 0.13208434897908866157 0.33755520839277486367 0.15222227613687280834 0.15014813933027876258 0.16466767606894827658 0.00000000099999999998 0.06332234709203668488 0.00000000099999999998 0.00000000099999999998
145 145 (0) 7 : 0.05608469216490480358 0.00000000099999999999 0.25153641846519037006 0.24050836436087896786 0.00000000099999999999 0.17709405007185313741 0.00000000099999999999 0.06499943357820493761 0.20977703735896779946 0.00000000099999999999
146 146 (0) 7 : 0.00000000099999999998 0.28627707034884408710 0.00000000099999999998 0.00000000099999999998 0.33252134032346913894 0.19702980517268545158 0.18417177815500127003 0.00000000099999999998 0.00000000099999999998 0.00000000099999999998
147 147 (0) 7 : 0.00000000099999999980 0.00000000099999999980 0.00000000099999999980 0.00000000099999999980 0.99999999100000014352 0.00000000099999999980 0.00000000099999999980 0.00000000099999999980 0.00000000099999999980 0.00000000099999999980
148 148 (0) 7 : 0.00000000099999999995 0.00000000099999999995 0.00000000099999999995 0.20638483525280726383 0.00000000099999999995 0.06958356517818942155 0.08688958160371379469 0.00000000099999999995 0.29109203692345336778 0.34604997604183612703
149 149 (0) 7 : 0.36108673672725449810 0.34469140530218383978 0.00000000099999999998 0.00000000099999999998 0.12135123749114583303 0.00000000099999999998 0.00000000099999999998 0.00000000099999999998 0.17287061447941598491 0.00000000099999999998
150 150 (0) 7 : 0.00000000099999999974 0.00000000099999999974 0.00000000099999999974 0.00000000099999999974 0.00000000099999999974 0.00000000099999999974 0.99999999099999992147 0.00000000099999999974 0.00000000099999999974 0.00000000099999999974
151 151 (0) 7 : 0.26406894972949662703 0.31019424492926928050 0.15772795981625087336 0.00000000099999999999 0.00000000099999999999 0.01821197347614660761 0.24979686704883669046 0.00000000099999999999 0.00000000099999999999 0.00000000099999999999
152 152 (0) 7 : 0.00000000099999999999 0.00000000099999999999 0.00000000099999999999 0.00000000099999999999 0.17486061386898726910 0.34604299610255706554 0.00000000099999999999 0.31748866340670012232 0.00000000099999999999 0.16160772062175549069
153 153 (0) 7 : 0.00000000099999999976 0.99999999100000014352 0.00000000099999999976 0.00000000099999999976 0.00000000099999999976 0.00000000099999999976 0.00000000099999999976 0.00000000099999999976 0.00000000099999999976 0.00000000099999999976
154 154 (0) 7 : 0.00000000099999999985 0.00000000099999999985 0.00000000099999999985 0.00000000099999999985 0.00000000099999999985 0.00000000099999999985 0.00000000099999999985 0.99999999100000003249 0.00000000099999999985 0.00000000099999999985
155 155 (0) 7 : 0.23549614995925274852 0.33062284966307353695 0.00000000099999999998 0.00008278021508295826 0.00000000099999999998 0.00000000099999999998 0.27667940694695930537 0.00000000099999999998 0.00000000099999999998 0.15711880821563140032
156 156 (0) 7 : 0.00000000099999999982 0.00000000099999999982 0.99999999100000003249 0.00000000099999999982 0.00000000099999999982 0.00000000099999999982 0.00000000099999999982 0.00000000099999999982 0.00000000099999999982 0.00000000099999999982
157 157 (0) 7 : 0.00000000099999999980 0.00000000099999999980 0.00000000099999999980 0.00000000099999999980 0.99999999100000014352 0.00000000099999999980 0.00000000099999999980 0.00000000099999999980 0.00000000099999999980 0.00000000099999999980
158 158 (0) 7 : 0.00000000099999999997 0.00000000099999999997 0.00000000099999999997 0.00000000099999999997 0.00000000099999999997 0.34672752557702202214 0.00000000099999999997 0.00000000099999999997 0.00000000099999999997 0.65327246642297776003
159 159 (0) 7 : 0.25908367851130142956 0.45265303040208387797 0.00000000099999999999 0.20864893548644511401 0.00000000099999999999 0.00000000099999999999 0.00000000099999999999 0.00000000099999999999 0.00000345159610429793 0.07961089900406548292
160 160 (0) 7 : 0.09431525884284519545 0.22930724646291097968 0.00000000099999999998 0.00000000099999999998 0.22465446957083623492 0.00000000099999999998 0.00000000099999999998 0.08617917823711068737 0.03068704219491743407 0.33485680069137946369
161 161 (0) 7 : 0.80269273989959499804 0.00000000099999999991 0.00000000099999999991 0.00000000099999999991 0.00000000099999999991 0.00000000099999999991 0.00000000099999999991 0.00000000099999999991 0.00000000099999999991 0.19730725210040522821
162 162 (0) 7 : 0.00000000099999999998 0.12772464816694936718 0.00000000099999999998 0.05375367369883789909 0.20147665692210320332 0.33159127024311846332 0.21427347180516914671 0.07118027516382188780 0.00000000099999999998 0.00000000099999999998
163 163 (0) 7 : 0.00000000099999999999 0.00000000099999999999 0.33240225271351542258 0.02475586840172238831 0.07650143208913641468 0.27311183862014121182 0.01422376680301885854 0.00000000099999999999 0.14080086330664992600 0.13820397506581588720
164 164 (0) 7 : 0.00000000099999999999 0.33080727151059874380 0.00000000099999999999 0.34967521761619330123 0.06457121934031230526 0.00000005384821478045 0.00000000099999999999 0.16897320088242062663 0.08597303280226016586 0.00000000099999999999
165 165 (0) 7 : 0.00000000099999999996 0.40748640067079289206 0.00000000099999999996 0.59251358745452764598 0.00000000099999999996 0.00000000487467939069 0.00000000099999999996 0.00000000099999999996 0.00000000099999999996 0.00000000099999999996
166 166 (0) 7 : 0.00000000099999999998 0.20340935251835834396 0.08025416019956917169 0.00000000099999999998 0.00000000099999999998 0.18352015019689829622 0.16234886721955041344 0.26580813859316182457 0.10465932727246181344 0.00000000099999999998
167 167 (0) 7 : 0.00000000099999999998 0.00000000099999999998 0.00000000099999999998 0.14464193091611912689 0.31712845111836801548 0.14665476302041072221 0.00000000099999999998 0.16037419183705120540 0.09789786191208467436 0.13330279719596638266
168 168 (0) 7 : 0.10931631419249962511 0.02344193960367347077 0.10030656594835019035 0.00000000099999999999 0.16827406750331475038 0.19698786542428359247 0.00000000099999999999 0.28323184592025446582 0.11844139840762393789 0.00000000099999999999
169 169 (0) 7 : 0.35110298131151579382 0.40938794763948965771 0.00000000099999999998 0.12552501941615729075 0.00000000099999999998 0.00000000099999999998 0.00000000099999999998 0.00000000099999999998 0.11398404563283742741 0.00000000099999999998
1 1 (0) 1 : 0.31435424698480429750 0.00000000099999999999 0.00000000099999999999 0.28774845419048794559 0.00000000099999999999 0.00000001808410706731 0.14526803305414445755 0.06795045085055938239 0.07474134756186881501 0.10993744627402808611
2 2 (0) 1 : 0.00000000099999999996 0.00000000099999999996 0.24226643004215403510 0.39898742734313391578 0.00000000099999999996 0.00000000099999999996 0.00000000099999999996 0.35874613561471224710 0.00000000099999999996 0.00000000099999999996
3 3 (0) 1 : 0.00000000099999999988 0.00000000099999999988 0.00000000099999999988 0.99999999100000014352 0.00000000099999999988 0.00000000099999999988 0.00000000099999999988 0.00000000099999999988 0.00000000099999999988 0.00000000099999999988
4 4 (0) 1 : 0.00000000099999999986 0.00000000099999999986 0.99999999100000003249 0.00000000099999999986 0.00000000099999999986 0.00000000099999999986 0.00000000099999999986 0.00000000099999999986 0.00000000099999999986 0.00000000099999999986
5 5 (0) 1 : 0.00000000099999999996 0.13185583883125626126 0.00000000099999999996 0.00000000099999999996 0.00000000099999999996 0.51336355792662213826 0.35478059624212154866 0.00000000099999999996 0.00000000099999999996 0.00000000099999999996
6 6 (0) 1 : 0.00000000099999999984 0.00000000099999999984 0.00000000099999999984 0.00000000099999999984 0.00000000099999999984 0.00000000099999999984 0.00000000099999999984 0.00000000099999999984 0.99999999099999992147 0.00000000099999999984
7 7 (0) 1 : 0.00000000099999999999 0.33616357988947898061 0.29139899647238515223 0.01073510255822496956 0.00000000099999999999 0.00000000099999999999 0.10820340246739923451 0.25349891361251175592 0.00000000099999999999 0.00000000099999999999
8 8 (0) 1 : 0.00000000099999999998 0.00000000099999999998 0.00000000099999999998 0.51599522552598386937 0.00000000099999999998 0.00000000099999999998 0.00000000099999999998 0.00000000099999999998 0.00000000099999999998 0.48400476647401624586
9 9 (0) 1 : 0.00134574761676700965 0.60412600864271626122 0.00000750495925623776 0.00000000099999999999 0.00000000099999999999 0.39452073278126054134 0.00000000099999999999 0.00000000099999999999 0.00000000099999999999 0.00000000099999999999
10 10 (0) 1 : 0.00000000100000000000 0.34666910755083202300 0.55691947062162183713 0.00000000100000000000 0.09640159981925944255 0.00000951283453477141 0.00000000100000000000 0.00000000100000000000 0.00000000100000000000 0.00000030417375209346
11 11 (0) 1 : 0.00000000099999999989 0.99999999100000025454 0.00000000099999999989 0.00000000099999999989 0.00000000099999999989 0.00000000099999999989 0.00000000099999999989 0.00000000099999999989 0.00000000099999999989 0.00000000099999999989
12 12 (0) 1 : 0.00000000099999999999 0.45224778298416118405 0.47675178725944666880 0.00000000099999999999 0.00000000099999999999 0.00000000099999999999 0.07099746461931974451 0.00000000099999999999 0.00000000099999999999 0.00000295913707236936
13 13 (0) 2 : 0.46233669763970597355 0.00000000099999999999 0.00000000099999999999 0.16376400055061743344 0.16224738440051122979 0.00000000099999999999 0.00000000099999999999 0.00000000099999999999 0.21165191140916525536 0.00000000099999999999
14 14 (0) 2 : 0.00000000099999999980 0.99999999100000025454 0.00000000099999999980 0.00000000099999999980 0.00000000099999999980 0.00000000099999999980 0.00000000099999999980 0.00000000099999999980 0.00000000099999999980 0.00000000099999999980
15 15 (0) 2 : 0.32326901904504534713 0.67395020719940534892 0.00000000099999999996 0.00000000099999999996 0.00000000099999999996 0.00278076675554934493 0.00000000099999999996 0.00000000099999999996 0.00000000099999999996 0.00000000099999999996
16 16 (0) 2 : 0.99999999100000025454 0.00000000099999999985 0.00000000099999999985 0.00000000099999999985 0.00000000099999999985 0.00000000099999999985 0.00000000099999999985 0.00000000099999999985 0.00000000099999999985 0.00000000099999999985
17 17 (0) 2 : 0.00000000099999999998 0.59352429697903463790 0.00000000099999999998 0.00000000099999999998 0.00000000099999999998 0.00000000099999999998 0.00000000099999999998 0.40647569502096547733 0.00000000099999999998 0.00000000099999999998
18 18 (0) 2 : 0.00000000099999999993 0.99999999100000014352 0.00000000099999999993 0.00000000099999999993 0.00000000099999999993 0.00000000099999999993 0.00000000099999999993 0.00000000099999999993 0.00000000099999999993 0.00000000099999999993
19 19 (0) 2 : 0.46654720920192233047 0.42954632694825994887 0.00000000099999999998 0.10389643012865075467 0.00000000099999999998 0.00000000099999999998 0.00001002772116713839 0.00000000099999999998 0.00000000099999999998 0.00000000099999999998
20 20 (0) 2 : 0.16350906300990111775 0.00000000099999999997 0.00351153263627387163 0.40394960844541222267 0.00000000099999999997 0.00000000099999999997 0.00000000099999999997 0.00000000099999999997 0.00000000099999999997 0.42902978990841311724
21 21 (0) 2 : 0.00000000099999999999 0.00000000099999999999 0.00000000099999999999 0.00000000099999999999 0.61642071640065709826 0.00320744528380679898 0.00000000099999999999 0.38037183131553620186 0.00000000099999999999 0.00000000099999999999
22 22 (0) 2 : 0.14496474198966810554 0.31332447488716091977 0.00000000099999999998 0.00000000099999999998 0.00000000099999999998 0.00000000099999999998 0.16170398913562777921 0.19795514218361737191 0.16503753756964600896 0.01701411023427967795
23 23 (0) 2 : 0.38425789199991317036 0.30421360714470452313 0.00000000100000000000 0.00000009817375897218 0.00000000100000000000 0.15597335449999616408 0.00343127392907631446 0.00000000100000000000 0.15212377025255091612 0.00000000100000000000
24 24 (0) 2 : 0.00000000099999999978 0.00000000099999999978 0.00000000099999999978 0.00000000099999999978 0.00000000099999999978 0.00000000099999999978 0.00000000099999999978 0.99999999099999992147 0.00000000099999999978 0.00000000099999999978
25 25 (0) 2 : 0.00000000099999999995 0.45863303114235509650 0.00000000099999999995 0.00000000099999999995 0.00000000099999999995 0.00000000099999999995 0.00000000099999999995 0.54136696085764468567 0.00000000099999999995 0.00000000099999999995
26 26 (0) 2 : 0.00000000099999999994 0.23340817660109519638 0.00000000099999999994 0.00000000099999999994 0.00000000099999999994 0.00000000099999999994 0.00000000099999999994 0.00000000099999999994 0.01136228205050833148 0.75522953434839634745
27 27 (0) 2 : 0.15545309437155052645 0.00000000099999999998 0.00000000099999999998 0.23738220997772543908 0.09225496672881743077 0.18425033305773491632 0.09088419514597374793 0.18529426479768246194 0.00000000099999999998 0.05448093292051556930
28 28 (0) 2 : 0.00000000099999999998 0.89958196034492610149 0.10041803160252610327 0.00000000099999999998 0.00000000099999999998 0.00000000099999999998 0.00000000099999999998 0.00000000105254783417 0.00000000099999999998 0.00000000099999999998
29 29 (0) 2 : 0.00000000099999999998 0.00000000099999999998 0.00000000099999999998 0.00000000099999999998 0.00000000099999999998 0.35995085865598730468 0.37561451539135520816 0.00000000099999999998 0.00000000099999999998 0.26443461895265751860
30 30 (0) 2 : 0.36768983038638608507 0.18464842833654174226 0.06380030294989672002 0.00000000099999999999 0.00000000099999999999 0.17506127557702394482 0.20879627163921499200 0.00000388711093669262 0.00000000099999999999 0.00000000099999999999
31 31 (0) 2 : 0.00000000099999999978 0.00000000099999999978 0.00000000099999999978 0.00000000099999999978 0.00000000099999999978 0.00000000099999999978 0.99999999099999992147 0.00000000099999999978 0.00000000099999999978 0.00000000099999999978
32 32 (0) 2 : 0.00000000099999999994 0.26583345691432191948 0.73416653508567808473 0.00000000099999999994 0.00000000099999999994 0.00000000099999999994 0.00000000099999999994 0.00000000099999999994 0.00000000099999999994 0.00000000099999999994
33 33 (0) 2 : 0.99999999100000014352 0.00000000099999999972 0.00000000099999999972 0.00000000099999999972 0.00000000099999999972 0.00000000099999999972 0.00000000099999999972 0.00000000099999999972 0.00000000099999999972 0.00000000099999999972
34 34 (0) 3 : 0.00000000099999999986 0.00000000099999999986 0.00000000099999999986 0.99999999100000014352 0.00000000099999999986 0.00000000099999999986 0.00000000099999999986 0.00000000099999999986 0.00000000099999999986 0.00000000099999999986
35 35 (0) 3 : 0.00000000099999999981 0.00000000099999999981 0.00000000099999999981 0.00000000099999999981 0.00000000099999999981 0.99999999100000003249 0.00000000099999999981 0.00000000099999999981 0.00000000099999999981 0.00000000099999999981
36 36 (0) 3 : 0.00000000099999999999 0.01397689926818420324 0.17661334362401262532 0.36655374871932860925 0.00000000099999999999 0.00004146441800721318 0.13515176984567350837 0.23704096059199467050 0.07062181053279917298 0.00000000099999999999
37 37 (0) 3 : 0.00000000099999999997 0.00000000099999999997 0.00000000099999999997 0.00000000099999999997 0.00000000099999999997 0.00000000099999999997 0.00000000099999999997 0.00000000099999999997 0.33768899797433993282 0.66231099402566007139
38 38 (0) 3 : 0.00000000099999999982 0.00000000099999999982 0.00000000099999999982 0.00000000099999999982 0.00000000099999999982 0.00000000099999999982 0.00000000099999999982 0.00000000099999999982 0.00000000099999999982 0.99999999100000003249
39 39 (0) 3 : 0.00000000099999999996 0.00000000099999999996 0.00000000099999999996 0.00000000099999999996 0.46055032065287460075 0.00000000099999999996 0.00000000099999999996 0.00000000099999999996 0.19232798679940429909 0.34712168554772110385
40 40 (0) 3 : 0.00000000099999999998 0.00000000099999999998 0.00000000099999999998 0.00000000099999999998 0.39532111972476902118 0.00000000099999999998 0.00000000099999999998 0.36280002554394313874 0.24187884773128770499 0.00000000099999999998
41 41 (0) 3 : 0.16598707966961531723 0.00000000099999999998 0.40939481876854627584 0.25866875059956495608 0.00000000099999999998 0.00146525411948718451 0.00000000099999999998 0.16448409184278645068 0.00000000099999999998 0.00000000099999999998
42 42 (0) 3 : 0.27230428088252334184 0.00000000099999999998 0.00000000099999999998 0.30222258873781321364 0.00000000099999999998 0.42547312337966342044 0.00000000099999999998 0.00000000099999999998 0.00000000099999999998 0.00000000099999999998
43 43 (0) 3 : 0.00000000099999999992 0.00000000099999999992 0.00000000099999999992 0.00000000099999999992 0.00000000099999999992 0.51853342907368960013 0.00000000099999999992 0.48146656292631045959 0.00000000099999999992 0.00000000099999999992
44 44 (0) 3 : 0.05287038175796617695 0.00000000099999999998 0.00000000099999999998 0.00000000099999999998 0.08800159852857170062 0.35951124349326285534 0.00000000099999999998 0.13297408590996243061 0.07948027411329819381 0.28716241219693855458
45 45 (0) 3 : 0.00000000099999999984 0.00000000099999999984 0.00000000099999999984 0.00000000099999999984 0.00000000099999999984 0.00000000099999999984 0.00000000099999999984 0.99999999100000003249 0.00000000099999999984 0.00000000099999999984
46 46 (0) 3 : 0.00000000099999999996 0.00000000099999999996 0.44430321801822625361 0.00000000099999999996 0.38593690914264761060 0.00000000099999999996 0.00000000099999999996 0.00000000099999999996 0.00000000099999999996 0.16975986583912625050
47 47 (0) 3 : 0.24728485508032921336 0.00000000099999999999 0.00463154891555164500 0.14334026463130963847 0.00000000099999999999 0.15805656345755011993 0.00000000099999999999 0.18964403454602277166 0.25704246137409719752 0.00000026899513948312
48 48 (0) 3 : 0.00000000099999999976 0.00000000099999999976 0.00000000099999999976 0.00000000099999999976 0.00000000099999999976 0.00000000099999999976 0.00000000099999999976 0.00000000099999999976 0.99999999100000003249 0.00000000099999999976
49 49 (0) 3 : 0.00000000099999999987 0.00000000099999999987 0.99999999100000003249 0.00000000099999999987 0.00000000099999999987 0.00000000099999999987 0.00000000099999999987 0.00000000099999999987 0.00000000099999999987 0.00000000099999999987
50 50 (0) 3 : 0.00000000099999999996 0.00000000099999999996 0.00000000099999999996 0.00000000099999999996 0.00000000099999999996 0.00000000099999999996 0.00000000099999999996 0.51943775216670506900 0.48056223983329487970 0.00000000099999999996
51 51 (0) 3 : 0.03168228680530375818 0.00000000099999999994 0.57199526269899125808 0.00000000099999999994 0.00000000099999999994 0.00000000099999999994 0.00000000099999999994 0.00000000099999999994 0.39632244349570516784 0.00000000099999999994
52 52 (0) 3 : 0.00000000099999999997 0.26157742499670666447 0.00000000099999999997 0.00000000099999999997 0.00000000099999999997 0.00000000099999999997 0.00000000099999999997 0.40923451066858046454 0.00000000099999999997 0.32918805733471284691
53 53 (0) 3 : 0.12343072268836127736 0.00000000099999999997 0.00000000099999999997 0.00000000099999999997 0.00000000099999999997 0.63216708253159925590 0.00000000099999999997 0.00000000099999999997 0.24440218778003955369 0.00000000099999999997
54 54 (0) 3 : 0.00000000099999999983 0.00000000099999999983 0.00000000099999999983 0.00000000099999999983 0.99999999100000014352 0.00000000099999999983 0.00000000099999999983 0.00000000099999999983 0.00000000099999999983 0.00000000099999999983
55 55 (0) 3 : 0.00000000099999999998 0.12216151912042251537 0.00000000099999999998 0.18225578913568790673 0.00000000123587790097 0.00006750000057064542 0.00000000099999999998 0.00000000099999999998 0.20803188216980780800 0.48748330433763314984
56 56 (0) 3 : 0.00000000099999999987 0.00000000099999999987 0.00000000099999999987 0.00000000099999999987 0.99999999100000003249 0.00000000099999999987 0.00000000099999999987 0.00000000099999999987 0.00000000099999999987 0.00000000099999999987
57 57 (0) 3 : 0.00000000099999999993 0.00000000099999999993 0.50247088460892752604 0.00000000099999999993 0.00000000099999999993 0.00000000099999999993 0.00000000099999999993 0.00000000099999999993 0.49752910739107247817 0.00000000099999999993
58 58 (0) 3 : 0.00000000099999999994 0.00000000099999999994 0.00000000099999999994 0.29148918091827474841 0.42949199854449920943 0.00000000099999999994 0.00000000099999999994 0.27901881353722607360 0.00000000099999999994 0.00000000099999999994
59 59 (0) 3 : 0.00000000099999999982 0.00000000099999999982 0.00000000099999999982 0.00000000099999999982 0.00000000099999999982 0.00000000099999999982 0.00000000099999999982 0.00000000099999999982 0.99999999099999992147 0.00000000099999999982
60 60 (0) 4 : 0.64902107710768119908 0.00000000099999999996 0.00109093550108304150 0.00000000099999999996 0.00000000099999999996 0.00000000099999999996 0.00000000099999999996 0.00000000099999999996 0.00000000099999999996 0.34988798039123586436
61 61 (0) 4 : 0.78715873836694461030 0.00000000099999999996 0.00000000148131693626 0.00000000099999999996 0.00000000099999999996 0.00000000099999999996 0.00000000099999999996 0.21284125315173871296 0.00000000099999999996 0.00000000099999999996
62 62 (0) 4 : 0.21310488244005190706 0.00000000099999999998 0.00000000099999999998 0.00000000099999999998 0.21893406118203795341 0.00000000099999999998 0.00000000208726752707 0.20328946785289178645 0.36467158143775080248 0.00000000099999999998
63 63 (0) 4 : 0.00000000099999999998 0.00000000099999999998 0.00000000099999999998 0.00000000099999999998 0.00000000633118360508 0.36035492837218213724 0.30107724206186903260 0.00000000099999999998 0.00000000099999999998 0.33856781723476514490
64 64 (0) 4 : 0.05034032164325196596 0.09324368930013600398 0.12891258222210671969 0.00000000099999999998 0.17406945811037541350 0.29844311467940426441 0.00000000099999999998 0.25499083004472561376 0.00000000099999999998 0.00000000099999999998
65 65 (0) 4 : 0.00000000099999999980 0.00000000099999999980 0.00000000099999999980 0.00000000099999999980 0.00000000099999999980 0.00000000099999999980 0.00000000099999999980 0.00000000099999999980 0.99999999100000003249 0.00000000099999999980
66 66 (0) 4 : 0.05629255220179212732 0.00000000099999999998 0.26850314516595530367 0.00000000099999999998 0.13896648153881188681 0.11463954255458350118 0.00000000099999999998 0.07693105786544426894 0.34466721667341293500 0.00000000099999999998
67 67 (0) 4 : 0.00000220271023259827 0.26714783267356434493 0.23190968722597229967 0.00000000099999999998 0.13820553123650555771 0.00000000099999999998 0.00000000099999999998 0.24071566058315957415 0.00000000099999999998 0.12201908157056572113
68 68 (0) 4 : 0.00000000099999999995 0.00000000099999999995 0.00000000099999999995 0.00000000099999999995 0.00000000099999999995 0.00000000099999999995 0.54874280811621012344 0.00000000099999999995 0.00000000099999999995 0.45125718388378993629
69 69 (0) 4 : 0.00000000099999999975 0.00000000099999999975 0.00000000099999999975 0.00000000099999999975 0.00000000099999999975 0.00000000099999999975 0.99999999100000003249 0.00000000099999999975 0.00000000099999999975 0.00000000099999999975
70 70 (0) 4 : 0.31523719458262161597 0.29185542198386910107 0.00000000099999999998 0.07532998428697970650 0.15901790413821118020 0.00000000099999999998 0.00000000099999999998 0.15855949000831848217 0.00000000099999999998 0.00000000099999999998
71 71 (0) 4 : 0.00000000099999999998 0.00000000099999999998 0.00000000099999999998 0.15277104312819611565 0.17885355936183999770 0.00000000099999999998 0.23205240135294244452 0.08605063976894958278 0.35027235138807183423 0.00000000099999999998
72 72 (0) 4 : 0.00000000099999999996 0.60617006747324719829 0.00000000099999999996 0.00000000099999999996 0.00000000099999999996 0.00000000099999999996 0.00000000099999999996 0.39382992452675291695 0.00000000099999999996 0.00000000099999999996
73 73 (0) 4 : 0.00000000099999999999 0.01030288041160470035 0.00000869587572030131 0.11215640478262980939 0.00000452437223318492 0.31316581720994818294 0.00000000099999999999 0.18302599078076595140 0.07923778390985591891 0.30209790065724190233
74 74 (0) 4 : 0.00000000099999999998 0.00000000099999999998 0.00000000099999999998 0.44935928293891136409 0.00000000099999999998 0.55064070906108864012 0.00000000099999999998 0.00000000099999999998 0.00000000099999999998 0.00000000099999999998
75 75 (0) 4 : 0.00000000099999999984 0.00000000099999999984 0.00000000099999999984 0.00000000099999999984 0.00000000099999999984 0.99999999100000003249 0.00000000099999999984 0.00000000099999999984 0.00000000099999999984 0.00000000099999999984
76 76 (0) 4 : 0.00000000099999999997 0.00000000099999999997 0.00000000099999999997 0.12302385286764561112 0.00000000099999999997 0.29577405472460482905 0.40332141882929040122 0.17788066757845924504 0.00000000099999999997 0.00000000099999999997
77 77 (0) 4 : 0.00000000099999999999 0.06458322495952115161 0.00000000099999999999 0.00001474359201313622 0.21444362841712880097 0.33917515813518950285 0.38178323989614748601 0.00000000099999999999 0.00000000099999999999 0.00000000099999999999
78 78 (0) 4 : 0.00000000099999999994 0.00000504623302240106 0.00000000099999999994 0.60459203670123728980 0.39540291006574024291 0.00000000099999999994 0.00000000099999999994 0.00000000099999999994 0.00000000099999999994 0.00000000099999999994
79 79 (0) 4 : 0.00000000099999999995 0.00000000099999999995 0.00000000099999999995 0.66161670039523579057 0.00000000099999999995 0.33838329160476432467 0.00000000099999999995 0.00000000099999999995 0.00000000099999999995 0.00000000099999999995
80 80 (0) 4 : 0.00000000099999999998 0.00000000099999999998 0.30235929635662195381 0.00000000099999999998 0.00000000099999999998 0.09208634654445248258 0.28738235990687854837 0.20278303419236667904 0.11538895799968029721 0.00000000099999999998
81 81 (0) 4 : 0.29453990354776671268 0.37133836204754899768 0.01826327778862536777 0.10012725465876315400 0.00000000099999999999 0.06967979019449248301 0.00000000099999999999 0.00000000099999999999 0.11143693235863828817 0.03461447640416516480
82 82 (0) 4 : 0.00000000099999999998 0.00000000099999999998 0.00000000099999999998 0.99999999100000003249 0.00000000099999999998 0.00000000099999999998 0.00000000099999999998 0.00000000099999999998 0.00000000099999999998 0.00000000099999999998
83 83 (0) 4 : 0.00000000099999999998 0.00000000099999999998 0.40931997976812239948 0.28616416803065891639 0.06465612704708252612 0.00000000099999999998 0.00000000099999999998 0.00000000099999999998 0.23985971915413620281 0.00000000099999999998
84 84 (0) 4 : 0.00368136966966388802 0.07159269883447984262 0.32564383245201766748 0.00000008260400445022 0.00000000099999999998 0.00000000099999999998 0.00000000099999999998 0.14828689284971505180 0.29611688930916474360 0.15467823128095412044
85 85 (0) 4 : 0.00000000099999999997 0.59207743615597874243 0.16086211060162264319 0.00000000099999999997 0.00000000099999999997 0.13322905075546045972 0.00000000099999999997 0.11383139648693851864 0.00000000099999999997 0.00000000099999999997
86 86 (0) 5 : 0.00000000099999999999 0.10486939417243126837 0.16730432730671104813 0.25132515933345878079 0.33242332800966711837 0.00000000099999999999 0.00806111264629220600 0.00000000099999999999 0.00000000099999999999 0.13601667453143972963
87 87 (0) 5 : 0.00000000099999999990 0.03509919207562403609 0.00000000099999999990 0.00000000099999999990 0.00000000099999999990 0.96490079992437616241 0.00000000099999999990 0.00000000099999999990 0.00000000099999999990 0.00000000099999999990
88 88 (0) 5 : 0.00000000099999999984 0.00000000099999999984 0.00000000099999999984 0.00000000099999999984 0.00000000099999999984 0.00000000099999999984 0.00000000099999999984 0.00000000099999999984 0.00000000099999999984 0.99999999099999992147
89 89 (0) 5 : 0.00000000099999999998 0.00000000099999999998 0.00000000099999999998 0.34660376624405703216 0.00000000099999999998 0.00000000099999999998 0.37053252199969788361 0.00000000099999999998 0.00000000099999999998 0.28286370475624500465
90 90 (0) 5 : 0.00163092002820285813 0.00021568376158151968 0.63836417631113984150 0.31907998760812977812 0.04070922729094615666 0.00000000099999999998 0.00000000099999999998 0.00000000099999999998 0.00000000099999999998 0.00000000099999999998
91 91 (0) 5 : 0.08914531916274237577 0.00000000099999999997 0.00000000099999999997 0.00000000099999999997 0.53800290383360593882 0.00000000099999999997 0.00000000099999999997 0.00000000099999999997 0.00000000099999999997 0.37285177000365166133
92 92 (0) 5 : 0.00000000099999999996 0.00000000099999999996 0.52653077762140987339 0.00000000099999999996 0.00000000099999999996 0.47346921437859013082 0.00000000099999999996 0.00000000099999999996 0.00000000099999999996 0.00000000099999999996
93 93 (0) 5 : 0.00000000099999999993 0.00000000099999999993 0.48112630311861859234 0.00000000099999999993 0.00000000099999999993 0.00000000099999999993 0.00000000099999999993 0.00000000099999999993 0.00000000099999999993 0.51887368888138118983
94 94 (0) 5 : 0.08332844321177221292 0.00000000099999999999 0.26044183819535127178 0.00000000099999999999 0.29034507876736331822 0.08209893461941548953 0.01331561616294491164 0.12895439078609172157 0.14151569525706106378 0.00000000099999999999
95 95 (0) 5 : 0.08247068102835104775 0.38803873465591975922 0.00000000099999999997 0.00000000099999999997 0.07255427040188214272 0.00000000099999999997 0.12275554662902658787 0.00000000099999999997 0.00000000099999999997 0.33418076228482046508
96 96 (0) 5 : 0.00000000099999999997 0.00000000099999999997 0.08594641503989657039 0.12397618855386777215 0.40051844397028601996 0.00000000099999999997 0.06938573861384027264 0.32017320882210936750 0.00000000099999999997 0.00000000099999999997
97 97 (0) 5 : 0.00000000099999999997 0.19068752698322191663 0.40596241157800355692 0.00000000099999999997 0.00000000099999999997 0.00000000099999999997 0.40335005443877458564 0.00000000099999999997 0.00000000099999999997 0.00000000099999999997
98 98 (0) 5 : 0.17274776606239314325 0.00000000099999999998 0.00000000099999999998 0.53781951006878592203 0.00000000099999999998 0.00000000099999999998 0.00000000099999999998 0.28943271686882099392 0.00000000099999999998 0.00000000099999999998
99 99 (0) 5 : 0.00000000099999999991 0.00000000099999999991 0.00000000099999999991 0.00000000099999999991 0.00000000099999999991 0.00000000099999999991 0.00000000099999999991 0.99999999099999992147 0.00000000099999999991 0.00000000099999999991
100 100 (0) 5 : 0.00000000099999999985 0.00000000099999999985 0.00000000099999999985 0.00000000099999999985 0.00000000099999999985 0.00000000099999999985 0.00000000099999999985 0.99999999100000003249 0.00000000099999999985 0.00000000099999999985
101 101 (0) 5 : 0.00000000099999999995 0.00000000099999999995 0.00000000099999999995 0.00000000099999999995 0.68581284691966515332 0.00000000099999999995 0.00000000099999999995 0.00000000099999999995 0.31418714508033490640 0.00000000099999999995
102 102 (0) 5 : 0.00000000099999999998 0.00000000099999999998 0.10722839220380976644 0.00000000099999999998 0.14816745668912403855 0.39913379521706737751 0.22655564390452240242 0.00000000099999999998 0.11891470573322407422 0.00000000225225239555
103 103 (0) 5 : 0.00000000099999999998 0.00000000099999999998 0.00000000099999999998 0.00000000099999999998 0.28117217662853866145 0.00000000099999999998 0.00000000099999999998 0.30321378401670034952 0.41561403235476090945 0.00000000099999999998
104 104 (0) 5 : 0.01113519872490812725 0.16472036193802694348 0.00000000100000000000 0.20620613857340983066 0.00000005129818846823 0.12598463303492068999 0.17729651587207034824 0.31465681291658120777 0.00000000933776428997 0.00000027730413008520
105 105 (0) 5 : 0.00000000099999999995 0.00000000099999999995 0.65373151261136741574 0.00000000099999999995 0.00000000099999999995 0.34626847938863253296 0.00000000099999999995 0.00000000099999999995 0.00000000099999999995 0.00000000099999999995
106 106 (0) 5 : 0.00000000099999999993 0.00000004347584433308 0.00000000099999999993 0.99999994852415585722 0.00000000099999999993 0.00000000099999999993 0.00000000099999999993 0.00000000099999999993 0.00000000099999999993 0.00000000099999999993
107 107 (0) 5 : 0.00000000099999999987 0.00000000099999999987 0.00000000099999999987 0.00000000099999999987 0.99999999100000003249 0.00000000099999999987 0.00000000099999999987 0.00000000099999999987 0.00000000099999999987 0.00000000099999999987
108 108 (0) 5 : 0.19833851022568049771 0.00000000099999999998 0.24225411115017311814 0.26530570817116749804 0.00000000099999999998 0.00000000099999999998 0.00000000099999999998 0.17420733177132766145 0.11989433368165128280 0.00000000099999999998
109 109 (0) 5 : 0.13173102309554984846 0.16271740379324678427 0.36370244566235054862 0.34184912144885309937 0.00000000099999999998 0.00000000099999999998 0.00000000099999999998 0.00000000099999999998 0.00000000099999999998 0.00000000099999999998
110 110 (0) 5 : 0.09174223076142976052 0.00000000099999999999 0.00000000099999999999 0.00015750642677544763 0.00000000099999999999 0.00000000099999999999 0.16163972603723850141 0.08345468482371980190 0.00000000099999999999 0.66300584695083653042
111 111 (0) 5 : 0.00000000099999999990 0.00000000099999999990 0.00000000099999999990 0.00000000099999999990 0.00000000099999999990 0.99999999100000003249 0.00000000099999999990 0.00000000099999999990 0.00000000099999999990 0.00000000099999999990
112 112 (0) 5 : 0.00000000099999999996 0.00000000099999999996 0.00044185109013333075 0.33819406700140819400 0.06036988880060919355 0.00000000099999999996 0.08716693752080327540 0.28272595669494510195 0.23110129489210093356 0.00000000099999999996
113 113 (0) 4 : 0.00000000099999999998 0.00000000099999999998 0.00000000099999999998 0.00000000099999999998 0.00000000099999999998 0.26031037739283063859 0.16945913572570320271 0.25467639174660777757 0.00692376942190359342 0.30863032071295476433
114 114 (0) 6 : 0.00000000099999999999 0.07937072064193888277 0.00000000099999999999 0.22883359292292795861 0.00000000099999999999 0.13712279200606980467 0.17104215893673621607 0.22724038087174686096 0.00000000099999999999 0.15639035062058020964
115 115 (0) 6 : 0.00000000099999999997 0.34425099659682201203 0.50621831128236172148 0.00000000099999999997 0.00000000099999999997 0.00000000099999999997 0.00000000099999999997 0.00000000099999999997 0.14953068512081627017 0.00000000099999999997
116 116 (0) 6 : 0.44204904723189070159 0.00000000099999999991 0.00000000099999999991 0.00000000099999999991 0.00000000099999999991 0.00000000099999999991 0.55795094476810913608 0.00000000099999999991 0.00000000099999999991 0.00000000099999999991
117 117 (0) 6 : 0.00000000099999999990 0.63589733067036624536 0.00000000099999999990 0.00000000099999999990 0.00000000099999999990 0.00000000099999999990 0.00000000099999999990 0.00000000099999999990 0.00000000099999999990 0.36410266132963409191
118 118 (0) 6 : 0.00000000099999999998 0.45576824991679437682 0.16185508611301469006 0.01581778383449352829 0.00000000099999999998 0.25787163055749812157 0.00000000099999999998 0.00000000099999999998 0.00000000099999999998 0.10868724457819931017
119 119 (0) 6 : 0.43410798645208853452 0.40506136394489755670 0.00000000099999999993 0.16083064260301410675 0.00000000099999999993 0.00000000099999999993 0.00000000099999999993 0.00000000099999999993 0.00000000099999999993 0.00000000099999999993
120 120 (0) 6 : 0.00000000099999999986 0.00000000099999999986 0.00000000099999999986 0.00000000099999999986 0.00000000099999999986 0.99999999100000003249 0.00000000099999999986 0.00000000099999999986 0.00000000099999999986 0.00000000099999999986
121 121 (0) 6 : 0.17517863539892267188 0.00000000099999999998 0.31945181409396566918 0.00000000099999999998 0.00000000099999999998 0.50536954350711171813 0.00000000099999999998 0.00000000099999999998 0.00000000099999999998 0.00000000099999999998
122 122 (0) 6 : 0.00000000099999999997 0.00000000099999999997 0.26654985367974981525 0.12390892683601824331 0.00000000099999999997 0.16546008687291069439 0.00000000099999999997 0.00000000099999999997 0.31560284706182289982 0.12847828054949833598
123 123 (0) 6 : 0.00000000099999999997 0.34269587923109312566 0.36847631411922332489 0.00000000099999999997 0.00000000099999999997 0.00000000099999999997 0.13788810181024432899 0.15093969883943936239 0.00000000099999999997 0.00000000099999999997
124 124 (0) 6 : 0.00000000099999999997 0.00000000099999999997 0.07770680124299424174 0.25196194333669608145 0.23583302452336271648 0.19172488275741381147 0.24277334313953319311 0.00000000099999999997 0.00000000099999999997 0.00000000099999999997
125 125 (0) 6 : 0.00000000099999999999 0.10267322583752619414 0.32270569809180477128 0.23841476359547217334 0.04707610709568740143 0.26990782694599058100 0.01922237443351912725 0.00000000099999999999 0.00000000099999999999 0.00000000099999999999
126 126 (0) 6 : 0.00000000099999999990 0.00000000099999999990 0.00000000099999999990 0.99999999100000014352 0.00000000099999999990 0.00000000099999999990 0.00000000099999999990 0.00000000099999999990 0.00000000099999999990 0.00000000099999999990
127 127 (0) 6 : 0.35196436384363904981 0.15179035371786228636 0.00000000099999999997 0.00000000099999999997 0.00000000099999999997 0.00000000099999999997 0.00000000099999999997 0.00000000099999999997 0.10885153893422241933 0.38739373750427635867
128 128 (0) 6 : 0.00000000099999999996 0.00000000099999999996 0.19041314856209332063 0.00005258544875768897 0.00000000099999999996 0.00000000099999999996 0.00000000099999999996 0.00000128986909701135 0.32162680019389916497 0.48790617092615284900
129 129 (0) 6 : 0.00000000099999999993 0.00000000099999999993 0.66283655648653094783 0.00000000099999999993 0.00000000099999999993 0.00000000099999999993 0.33716343551346916740 0.00000000099999999993 0.00000000099999999993 0.00000000099999999993
130 130 (0) 6 : 0.17898466565162729491 0.06158899566870437714 0.00000000099999999999 0.20434356206836620795 0.00000000099999999999 0.00002391040986666104 0.08725126308835338962 0.20997044711150517071 0.25783715300157677985 0.00000000099999999999
131 131 (0) 6 : 0.26292888969781857966 0.30332795911872945105 0.00000000099999999999 0.27388635434195490737 0.00000000099999999999 0.01443129093839744595 0.00000000099999999999 0.02788488735844939573 0.00000000099999999999 0.11754061454465025705
132 132 (0) 6 : 0.03462865922942380548 0.00000000099999999999 0.07355667594902802475 0.19047670365278704385 0.09884977577144063443 0.00000000099999999999 0.14576303871854812133 0.12647298434680251389 0.33025215933196971907 0.00000000099999999999
133 133 (0) 6 : 0.00000000099999999994 0.00000000099999999994 0.00000000099999999994 0.99999999100000014352 0.00000000099999999994 0.00000000099999999994 0.00000000099999999994 0.00000000099999999994 0.00000000099999999994 0.00000000099999999994
134 134 (0) 6 : 0.13100383771918538978 0.00000000099999999998 0.00000000099999999998 0.00000000099999999998 0.23457559545492712161 0.27299187134794905552 0.00000000099999999998 0.00000000099999999998 0.11691866421876358217 0.24451002625917492295
135 135 (0) 6 : 0.99999999100000025454 0.00000000099999999993 0.00000000099999999993 0.00000000099999999993 0.00000000099999999993 0.00000000099999999993 0.00000000099999999993 0.00000000099999999993 0.00000000099999999993 0.00000000099999999993
136 136 (0) 6 : 0.10976343729352672218 0.05814325504618607365 0.66586926712336858003 0.00000000099999999998 0.00000000099999999998 0.16622402835672586696 0.00000000099999999998 0.00000000718019283351 0.00000000099999999998 0.00000000099999999998
137 137 (0) 6 : 0.00000000099999999989 0.00000000099999999989 0.00000000099999999989 0.00000000099999999989 0.00000000099999999989 0.00000000099999999989 0.00000000099999999989 0.00000000099999999989 0.00000000099999999989 0.99999999099999992147
138 138 (0) 6 : 0.00000000099999999988 0.00000000099999999988 0.00000000099999999988 0.99999999100000014352 0.00000000099999999988 0.00000000099999999988 0.00000000099999999988 0.00000000099999999988 0.00000000099999999988 0.00000000099999999988
139 139 (0) 6 : 0.00000000099999999998 0.00000000099999999998 0.00000003659598742090 0.00000000099999999998 0.00000547189334297801 0.00000000099999999998 0.21587780134231021600 0.00000000099999999998 0.43939680111647189120 0.34471988405188747073
140 140 (0) 6 : 0.45423140337709522196 0.00000000099999999998 0.00000000099999999998 0.00000000099999999998 0.00000000099999999998 0.00000000099999999998 0.12058584483850232072 0.22636039538147575967 0.19882234891516833986 0.00000000248775813215
141 141 (0) 6 : 0.26598201172331120690 0.00000000099999999997 0.00000000099999999997 0.39026469944409730717 0.11072332242556819082 0.00000000099999999997 0.23302996040702317337 0.00000000099999999997 0.00000000099999999997 0.00000000099999999997
142 142 (0) 7 : 0.00000000099999999994 0.00000000099999999994 0.00000000099999999994 0.54172720356044923307 0.00000000099999999994 0.00000000099999999994 0.00000000099999999994 0.00000000099999999994 0.45827278843955082666 0.00000000099999999994
143 143 (0) 7 : 0.99999999100000014352 0.00000000099999999982 0.00000000099999999982 0.00000000099999999982 0.00000000099999999982 0.00000000099999999982 0.00000000099999999982 0.00000000099999999982 0.00000000099999999982 0.00000000099999999982
144 144 (0) 7 : 0.00000000099999999998 0.13208434897908866157 0.33755520839277486367 0.15222227613687280834 0.15014813933027876258 0.16466767606894827658 0.00000000099999999998 0.06332234709203668488 0.00000000099999999998 0.00000000099999999998
145 145 (0) 7 : 0.05608469216490480358 0.00000000099999999999 0.25153641846519037006 0.24050836436087896786 0.00000000099999999999 0.17709405007185313741 0.00000000099999999999 0.06499943357820493761 0.20977703735896779946 0.00000000099999999999
146 146 (0) 7 : 0.00000000099999999998 0.28627707034884408710 0.00000000099999999998 0.00000000099999999998 0.33252134032346913894 0.19702980517268545158 0.18417177815500127003 0.00000000099999999998 0.00000000099999999998 0.00000000099999999998
147 147 (0) 7 : 0.00000000099999999980 0.00000000099999999980 0.00000000099999999980 0.00000000099999999980 0.99999999100000014352 0.00000000099999999980 0.00000000099999999980 0.00000000099999999980 0.00000000099999999980 0.00000000099999999980
148 148 (0) 7 : 0.00000000099999999995 0.00000000099999999995 0.00000000099999999995 0.20638483525280726383 0.00000000099999999995 0.06958356517818942155 0.08688958160371379469 0.00000000099999999995 0.29109203692345336778 0.34604997604183612703
149 149 (0) 7 : 0.36108673672725449810 0.34469140530218383978 0.00000000099999999998 0.00000000099999999998 0.12135123749114583303 0.00000000099999999998 0.00000000099999999998 0.00000000099999999998 0.17287061447941598491 0.00000000099999999998
150 150 (0) 7 : 0.00000000099999999974 0.00000000099999999974 0.00000000099999999974 0.00000000099999999974 0.00000000099999999974 0.00000000099999999974 0.99999999099999992147 0.00000000099999999974 0.00000000099999999974 0.00000000099999999974
151 151 (0) 7 : 0.26406894972949662703 0.31019424492926928050 0.15772795981625087336 0.00000000099999999999 0.00000000099999999999 0.01821197347614660761 0.24979686704883669046 0.00000000099999999999 0.00000000099999999999 0.00000000099999999999
152 152 (0) 7 : 0.00000000099999999999 0.00000000099999999999 0.00000000099999999999 0.00000000099999999999 0.17486061386898726910 0.34604299610255706554 0.00000000099999999999 0.31748866340670012232 0.00000000099999999999 0.16160772062175549069
153 153 (0) 7 : 0.00000000099999999976 0.99999999100000014352 0.00000000099999999976 0.00000000099999999976 0.00000000099999999976 0.00000000099999999976 0.00000000099999999976 0.00000000099999999976 0.00000000099999999976 0.00000000099999999976
154 154 (0) 7 : 0.00000000099999999985 0.00000000099999999985 0.00000000099999999985 0.00000000099999999985 0.00000000099999999985 0.00000000099999999985 0.00000000099999999985 0.99999999100000003249 0.00000000099999999985 0.00000000099999999985
155 155 (0) 7 : 0.23549614995925274852 0.33062284966307353695 0.00000000099999999998 0.00008278021508295826 0.00000000099999999998 0.00000000099999999998 0.27667940694695930537 0.00000000099999999998 0.00000000099999999998 0.15711880821563140032
156 156 (0) 7 : 0.00000000099999999982 0.00000000099999999982 0.99999999100000003249 0.00000000099999999982 0.00000000099999999982 0.00000000099999999982 0.00000000099999999982 0.00000000099999999982 0.00000000099999999982 0.00000000099999999982
157 157 (0) 7 : 0.00000000099999999980 0.00000000099999999980 0.00000000099999999980 0.00000000099999999980 0.99999999100000014352 0.00000000099999999980 0.00000000099999999980 0.00000000099999999980 0.00000000099999999980 0.00000000099999999980
158 158 (0) 7 : 0.00000000099999999997 0.00000000099999999997 0.00000000099999999997 0.00000000099999999997 0.00000000099999999997 0.34672752557702202214 0.00000000099999999997 0.00000000099999999997 0.00000000099999999997 0.65327246642297776003
159 159 (0) 7 : 0.25908367851130142956 0.45265303040208387797 0.00000000099999999999 0.20864893548644511401 0.00000000099999999999 0.00000000099999999999 0.00000000099999999999 0.00000000099999999999 0.00000345159610429793 0.07961089900406548292
160 160 (0) 7 : 0.09431525884284519545 0.22930724646291097968 0.00000000099999999998 0.00000000099999999998 0.22465446957083623492 0.00000000099999999998 0.00000000099999999998 0.08617917823711068737 0.03068704219491743407 0.33485680069137946369
161 161 (0) 7 : 0.80269273989959499804 0.00000000099999999991 0.00000000099999999991 0.00000000099999999991 0.00000000099999999991 0.00000000099999999991 0.00000000099999999991 0.00000000099999999991 0.00000000099999999991 0.19730725210040522821
162 162 (0) 7 : 0.00000000099999999998 0.12772464816694936718 0.00000000099999999998 0.05375367369883789909 0.20147665692210320332 0.33159127024311846332 0.21427347180516914671 0.07118027516382188780 0.00000000099999999998 0.00000000099999999998
163 163 (0) 7 : 0.00000000099999999999 0.00000000099999999999 0.33240225271351542258 0.02475586840172238831 0.07650143208913641468 0.27311183862014121182 0.01422376680301885854 0.00000000099999999999 0.14080086330664992600 0.13820397506581588720
164 164 (0) 7 : 0.00000000099999999999 0.33080727151059874380 0.00000000099999999999 0.34967521761619330123 0.06457121934031230526 0.00000005384821478045 0.00000000099999999999 0.16897320088242062663 0.08597303280226016586 0.00000000099999999999
165 165 (0) 7 : 0.00000000099999999996 0.40748640067079289206 0.00000000099999999996 0.59251358745452764598 0.00000000099999999996 0.00000000487467939069 0.00000000099999999996 0.00000000099999999996 0.00000000099999999996 0.00000000099999999996
166 166 (0) 7 : 0.00000000099999999998 0.20340935251835834396 0.08025416019956917169 0.00000000099999999998 0.00000000099999999998 0.18352015019689829622 0.16234886721955041344 0.26580813859316182457 0.10465932727246181344 0.00000000099999999998
167 167 (0) 7 : 0.00000000099999999998 0.00000000099999999998 0.00000000099999999998 0.14464193091611912689 0.31712845111836801548 0.14665476302041072221 0.00000000099999999998 0.16037419183705120540 0.09789786191208467436 0.13330279719596638266
168 168 (0) 7 : 0.10931631419249962511 0.02344193960367347077 0.10030656594835019035 0.00000000099999999999 0.16827406750331475038 0.19698786542428359247 0.00000000099999999999 0.28323184592025446582 0.11844139840762393789 0.00000000099999999999
169 169 (0) 7 : 0.35110298131151579382 0.40938794763948965771 0.00000000099999999998 0.12552501941615729075 0.00000000099999999998 0.00000000099999999998 0.00000000099999999998 0.00000000099999999998 0.11398404563283742741 0.00000000099999999998
