1 1 (0) 1 : 0.04637239544909883826 0.91651874982492143040 0.00000000099999999997 0.03710885272597968382 0.00000000099999999997
2 2 (0) 1 : 0.00000000099999999996 0.85333601620450516556 0.00000000099999999996 0.14666398079549478051 0.00000000099999999996
3 3 (0) 1 : 0.00000000099999999972 0.00000000099999999972 0.00000000099999999972 0.99999999599999989108 0.00000000099999999972
4 4 (0) 1 : 0.00000000099999999995 0.92965282117669001405 0.00000000099999999995 0.07034717582330997365 0.00000000099999999995
5 5 (0) 1 : 0.00000000099999999991 0.99999999600000000211 0.00000000099999999991 0.00000000099999999991 0.00000000099999999991
6 6 (0) 1 : 0.14974560461663263822 0.77917607727338922263 0.00000000099999999992 0.07107831610997808469 0.00000000099999999992
7 7 (0) 1 : 0.00000000099999999989 0.99999999600000011313 0.00000000099999999989 0.00000000099999999989 0.00000000099999999989
8 8 (0) 1 : 0.00000000099999999990 0.98550337971451429375 0.00000000099999999990 0.01449661728548562456 0.00000000099999999990
9 9 (0) 1 : 0.00000000099999999972 0.00000000099999999972 0.00000000099999999972 0.99999999599999989108 0.00000000099999999972
10 10 (0) 1 : 0.02250772684068992613 0.92207126289970531285 0.00000000099999999993 0.05542100825960476901 0.00000000099999999993
11 11 (0) 1 : 0.04743785986672726523 0.95256213713327275716 0.00000000099999999995 0.00000000099999999995 0.00000000099999999995
12 12 (0) 1 : 0.00000000099999999990 0.99999999600000011313 0.00000000099999999990 0.00000000099999999990 0.00000000099999999990
13 13 (0) 1 : 0.00000000099999999992 0.93014011429343235182 0.00000000099999999992 0.06985988270656759425 0.00000000099999999992
14 14 (0) 1 : 0.00000000099999999990 0.99722133171257998363 0.00000000099999999990 0.00277866528742005611 0.00000000099999999990
15 15 (0) 2 : 0.00000000099999999990 0.99999999600000000211 0.00000000099999999990 0.00000000099999999990 0.00000000099999999990
16 16 (0) 2 : 0.00000000099999999988 0.00000000099999999988 0.05581408641678870658 0.00000000099999999988 0.94418591058321121867
17 17 (0) 2 : 0.00000000099999999995 0.00000000099999999995 0.01965919399494855599 0.00000000099999999995 0.98034080300505144212
18 18 (0) 2 : 0.00000000099999999983 0.00000000099999999983 0.13354927980619141215 0.00000000099999999983 0.86645071719380861719
19 19 (0) 2 : 0.00000000099999999985 0.00000000099999999985 0.08442872802766264451 0.00000000099999999985 0.91557126897233731544
20 20 (0) 2 : 0.00000000099999999998 0.00000000099999999998 0.19365327617728861354 0.00000000099999999998 0.80634672082271141580
21 21 (0) 2 : 0.00000000099999999984 0.00000000099999999984 0.04299156661063615464 0.00000000099999999984 0.95700843038936378449
22 22 (0) 2 : 0.00000000099999999992 0.00000000099999999992 0.20722142417145128501 0.00000000099999999992 0.79277857282854868881
23 23 (0) 1 : 0.02917790207238564471 0.94313963713429227465 0.02768245879332209211 0.00000000099999999998 0.00000000099999999998
24 24 (0) 1 : 0.00000000099999999999 0.90137326126424310857 0.00000000099999999999 0.06849451108239663910 0.03013222565336023256
25 25 (0) 1 : 0.99999999600000011313 0.00000000099999999989 0.00000000099999999989 0.00000000099999999989 0.00000000099999999989
26 26 (0) 1 : 0.03468282441976928976 0.96531717258023064243 0.00000000099999999991 0.00000000099999999991 0.00000000099999999991
27 27 (0) 2 : 0.00000000099999999954 0.00000000099999999954 0.99999999599999989108 0.00000000099999999954 0.00000000099999999954
28 28 (0) 2 : 0.00000000099999999982 0.00000000099999999982 0.00000000099999999982 0.00000000099999999982 0.99999999600000000211
29 29 (0) 2 : 0.00000000099999999984 0.00000000099999999984 0.16779521588691126421 0.00000000099999999984 0.83220478111308882063
30 30 (0) 2 : 0.00000000099999999990 0.00000000099999999990 0.00000000099999999990 0.00000000099999999990 0.99999999600000000211
31 31 (0) 2 : 0.00000000099999999998 0.05608336467060870412 0.00001024382764863784 0.00000000099999999998 0.94390638950174254873
32 32 (0) 2 : 0.00000000099999999999 0.00000000099999999999 0.12327054392845686326 0.14031903972546044823 0.73641041434608278671
33 33 (0) 2 : 0.00000000099999999983 0.00000000099999999983 0.08755692637711930126 0.00000000099999999983 0.91244307062288065868
34 34 (0) 1 : 0.00000000099999999994 0.95136573678551006328 0.00000000099999999994 0.04863426021448991055 0.00000000099999999994
35 35 (0) 2 : 0.00000000099999999989 0.00000000099999999989 0.00110580941773704604 0.00000000099999999989 0.99889418758226300454
36 36 (0) 2 : 0.00000000099999999987 0.00000000099999999987 0.03411559005857490307 0.00000000099999999987 0.96588440694142507770
37 37 (0) 2 : 0.00000000099999999992 0.00000000099999999992 0.20411082913764744262 0.00000000099999999992 0.79588916786235253120
38 38 (0) 2 : 0.00000000099999999992 0.00000000099999999992 0.00000000099999999992 0.00000000099999999992 0.99999999599999989108
39 39 (0) 2 : 0.00000006578643711029 0.96290920566888360543 0.00000000099999999992 0.03709072654467928526 0.00000000099999999992
40 40 (0) 2 : 0.04255533612135467547 0.95744466087864532611 0.00000000099999999990 0.00000000099999999990 0.00000000099999999990
41 41 (0) 2 : 0.01343911016954128096 0.98656088683045861654 0.00000000099999999993 0.00000000099999999993 0.00000000099999999993
42 42 (0) 2 : 0.00000000099999999994 0.96509149196806398585 0.00000000099999999994 0.03490850503193614757 0.00000000099999999994
43 43 (0) 2 : 0.00000000099999999992 0.97167822098364109440 0.00000000099999999992 0.02832177601635891759 0.00000000099999999992
44 44 (0) 2 : 0.00000000099999999983 0.00000000099999999983 0.00000000099999999983 0.00000000099999999983 0.99999999600000000211
45 45 (0) 2 : 0.00000000099999999999 0.04641812547464067157 0.02603453004825689171 0.00000000099999999999 0.92754734247710246553
46 46 (0) 2 : 0.00000000099999999992 0.00000000099999999992 0.00000000099999999992 0.00000000099999999992 0.99999999599999989108
47 47 (0) 2 : 0.04185721050398220205 0.95814278649601791749 0.00000000099999999995 0.00000000099999999995 0.00000000099999999995
48 48 (0) 2 : 0.00000000099999999986 0.00000000099999999986 0.05730665109313431982 0.00000000099999999986 0.94269334590686570952
49 49 (0) 1 : 0.04442174980717338018 0.95557824719282669079 0.00000000099999999996 0.00000000099999999996 0.00000000099999999996
50 50 (0) 1 : 0.02243844979324572178 0.97756154720675436653 0.00000000099999999990 0.00000000099999999990 0.00000000099999999990
51 51 (0) 1 : 0.00000000099999999991 0.99999999600000000211 0.00000000099999999991 0.00000000099999999991 0.00000000099999999991
52 52 (0) 1 : 0.00000000099999999988 0.98835962749850803100 0.00000000099999999988 0.01164036950149189599 0.00000000099999999988
53 53 (0) 1 : 0.00000000099999999991 0.89939012687886632502 0.00000000099999999991 0.10060987012113363492 0.00000000099999999991
54 54 (0) 1 : 0.00000000099999999993 0.95356933076713035202 0.00000000099999999993 0.04643066623286974670 0.00000000099999999993
55 55 (0) 1 : 0.00012795313908281272 0.97118087648196738115 0.00000000099999999998 0.02869116837894979816 0.00000000099999999998
56 56 (0) 3 : 0.00000000099999999988 0.00000000099999999988 0.18861762333560452842 0.00000000099999999988 0.81138237366439547316
57 57 (0) 3 : 0.00000000099999999983 0.00000000099999999983 0.04788938671104343153 0.00000000099999999983 0.95211061028895660474
58 58 (0) 3 : 0.00000000099999999986 0.00000000099999999986 0.00000000099999999986 0.00000000099999999986 0.99999999599999989108
59 59 (0) 3 : 0.00000000099999999988 0.00000000099999999988 0.09558198897230031632 0.00000000099999999988 0.90441800802769956036
60 60 (0) 3 : 0.00000000099999999989 0.00000000099999999989 0.15501639060117722302 0.00000000099999999989 0.84498360639882286183
61 61 (0) 3 : 0.00000000099999999999 0.00000000099999999999 0.00000000099999999999 0.00001236489540410135 0.99998763210459595818
62 62 (0) 3 : 0.00000000099999999988 0.00000000099999999988 0.00000000099999999988 0.00000000099999999988 0.99999999600000000211
63 63 (0) 4 : 0.99999999600000011313 0.00000000099999999974 0.00000000099999999974 0.00000000099999999974 0.00000000099999999974
64 64 (0) 4 : 0.00000000099999999992 0.99999999600000011313 0.00000000099999999992 0.00000000099999999992 0.00000000099999999992
65 65 (0) 4 : 0.05139747504147902657 0.94860252195852101664 0.00000000099999999991 0.00000000099999999991 0.00000000099999999991
66 66 (0) 3 : 0.00000000099999999984 0.00000000099999999984 0.00000000099999999984 0.00000000099999999984 0.99999999600000000211
67 67 (0) 3 : 0.00000000099999999990 0.00000000099999999990 0.02576925356117577143 0.00000000099999999990 0.97423074343882432036
68 68 (0) 3 : 0.00000000099999999954 0.00000000099999999954 0.99999999600000000211 0.00000000099999999954 0.00000000099999999954
69 69 (0) 3 : 0.00000000099999999988 0.00000000099999999988 0.16582194148463499928 0.00000000099999999988 0.83417805551536505781
70 70 (0) 3 : 0.00000000099999999983 0.00000000099999999983 0.00000000099999999983 0.00000000099999999983 0.99999999600000000211
71 71 (0) 3 : 0.00000000099999999989 0.00000000099999999989 0.17675903062966213941 0.00000000099999999989 0.82324096637033794543
72 72 (0) 4 : 0.00000000099999999999 0.91709580435440862800 0.01532757823473445205 0.06757661541085678569 0.00000000099999999999
73 73 (0) 4 : 0.00000000100000000000 0.93456581552196027474 0.00403439022652606148 0.00000000100000000000 0.06139979225151378367
74 74 (0) 4 : 0.00000000099999999990 0.97360945385949482223 0.00000000099999999990 0.02639054314050506486 0.00000000099999999990
75 75 (0) 4 : 0.05943576445013589588 0.94056423254986420979 0.00000000099999999995 0.00000000099999999995 0.00000000099999999995
76 76 (0) 4 : 0.00000000099999999990 0.92401294124037569588 0.00000000099999999990 0.07598705575962437508 0.00000000099999999990
77 77 (0) 4 : 0.00000000099999999991 0.99453240795958164355 0.00000000099999999991 0.00546758904041840139 0.00000000099999999991
78 78 (0) 4 : 0.00000000099999999990 0.99802164130632897709 0.00000000099999999990 0.00197835569367091737 0.00000000099999999990
79 79 (0) 3 : 0.00000000099999999988 0.99999999600000000211 0.00000000099999999988 0.00000000099999999988 0.00000000099999999988
80 80 (0) 3 : 0.00000000099999999993 0.00000000099999999993 0.02207923845287499548 0.00000000099999999993 0.97792075854712501304
81 81 (0) 3 : 0.00000000099999999998 0.00000000099999999998 0.00000000099999999998 0.01341891867327650242 0.98658107832672348181
82 82 (0) 3 : 0.00000000099999999986 0.00000000099999999986 0.08647020240756285447 0.00000000099999999986 0.91352979459243710547
83 83 (0) 3 : 0.00000000099999999990 0.96846763192605600512 0.00000000099999999990 0.03153236507394398952 0.00000000099999999990
84 84 (0) 3 : 0.00000000099999999990 0.95814158462958387563 0.00000000099999999990 0.04185841237041611207 0.00000000099999999990
85 85 (0) 3 : 0.00000000099999999985 0.00000000099999999985 0.00000000099999999985 0.00000000099999999985 0.99999999600000000211
86 86 (0) 3 : 0.00000000099999999987 0.00000000099999999987 0.00000000099999999987 0.00000000099999999987 0.99999999600000000211
87 87 (0) 3 : 0.00941868282449092632 0.04972869052537134266 0.08029318927249570748 0.00000000099999999999 0.86055943637764198417
88 88 (0) 3 : 0.00000000099999999985 0.00000000099999999985 0.00000000099999999985 0.00000000099999999985 0.99999999599999989108
89 89 (0) 4 : 0.08994644503546417313 0.87574717998443996070 0.00909364329302369753 0.00000000100000000000 0.02521273068707232182
90 90 (0) 3 : 0.00000000099999999987 0.00000000099999999987 0.00000000099999999987 0.00000000099999999987 0.99999999599999989108
91 91 (0) 3 : 0.00000000099999999990 0.00000000099999999990 0.02999556076863843512 0.00000000099999999990 0.97000443623136156646
92 92 (0) 3 : 0.00000000099999999985 0.00000000099999999985 0.23690095701121374749 0.00000000099999999985 0.76309903998878625409
93 93 (0) 3 : 0.00000000099999999993 0.00000000099999999993 0.16516864152894220052 0.00000000099999999993 0.83483135547105780105
94 94 (0) 3 : 0.00901710617398534565 0.18083561390369429223 0.00000000099999999999 0.00000000099999999999 0.81014727792232033021
95 95 (0) 4 : 0.00000075513054637492 0.84025152822498583305 0.00993978804362537736 0.04120938466455949245 0.10859854393628293190
96 96 (0) 4 : 0.00000000099999999990 0.99999999600000011313 0.00000000099999999990 0.00000000099999999990 0.00000000099999999990
97 97 (0) 4 : 0.00000000099999999997 0.99999999600000011313 0.00000000099999999997 0.00000000099999999997 0.00000000099999999997
98 98 (0) 4 : 0.12884131014070523968 0.83830339070449244598 0.00000000099999999998 0.00000000099999999998 0.03285529715480224600
99 99 (0) 4 : 0.02571995735997310503 0.91738902967221502838 0.00000000099999999997 0.05689101096781202377 0.00000000099999999997
100 100 (0) 4 : 0.05590390573451471667 0.94409609126548532654 0.00000000099999999989 0.00000000099999999989 0.00000000099999999989
101 101 (0) 4 : 0.00000000099999999991 0.99999999600000011313 0.00000000099999999991 0.00000000099999999991 0.00000000099999999991
102 102 (0) 4 : 0.00000000099999999988 0.99999999600000000211 0.00000000099999999988 0.00000000099999999988 0.00000000099999999988
103 103 (0) 4 : 0.00000000099999999972 0.00000000099999999972 0.00000000099999999972 0.99999999599999989108 0.00000000099999999972
104 104 (0) 4 : 0.09762919575800604877 0.90237080124199409159 0.00000000099999999997 0.00000000099999999997 0.00000000099999999997
105 105 (0) 4 : 0.07559627435133238482 0.92440372264866765839 0.00000000099999999996 0.00000000099999999996 0.00000000099999999996
106 106 (0) 4 : 0.00228807656525883106 0.93862173225415068689 0.00000000100000000000 0.03142475062158796989 0.02766543955900258381
107 107 (0) 4 : 0.17190236630728414347 0.82809763069271580260 0.00000000099999999997 0.00000000099999999997 0.00000000099999999997
108 108 (0) 4 : 0.00000000099999999993 0.95806688754995439350 0.00000000099999999993 0.04193310945004564971 0.00000000099999999993
109 109 (0) 4 : 0.00000000099999999991 0.95546926381639207815 0.00000000099999999991 0.04453073318360785404 0.00000000099999999991
110 110 (0) 4 : 0.00000000099999999994 0.86477452567743962053 0.00000000099999999994 0.13522547132256046432 0.00000000099999999994
111 111 (0) 4 : 0.99999999600000011313 0.00000000099999999970 0.00000000099999999970 0.00000000099999999970 0.00000000099999999970
112 112 (0) 4 : 0.69689132948857435146 0.00000000099999999989 0.00000000099999999989 0.30310866751142556685 0.00000000099999999989
113 113 (0) 4 : 0.00000000099999999986 0.00000000099999999986 0.03804056842895742890 0.00000000099999999986 0.96195942857104255186
114 114 (0) 4 : 0.00000000099999999998 0.95981000127826310298 0.00000000099999999998 0.04018999572173692636 0.00000000099999999998
115 115 (0) 4 : 0.01978221540350670257 0.98013046110836954394 0.00000000099999999991 0.00008732148812372259 0.00000000099999999991
116 116 (0) 4 : 0.00000000099999999993 0.97038248129174031753 0.00000000099999999993 0.02961751570825981242 0.00000000099999999993
1 1 (0) 1 : 0.00000000099999999996 0.06945327683172614064 0.00000000099999999996 0.16252692949949909540 0.76801979166877465399
2 2 (0) 1 : 0.00000000099999999999 0.06762104796946229179 0.00000000099999999999 0.24354194626407102420 0.68883700376646661567
3 3 (0) 1 : 0.00000000099999999979 0.99999999600000000211 0.00000000099999999979 0.00000000099999999979 0.00000000099999999979
4 4 (0) 1 : 0.00000000099999999994 0.02643072650792657047 0.00000000099999999994 0.00000000099999999994 0.97356927049207342417
5 5 (0) 1 : 0.00000000099999999992 0.00000000099999999992 0.00000000099999999992 0.24667377488522682083 0.75332622211477318075
6 6 (0) 1 : 0.00000000099999999991 0.22011467907937631860 0.00000000099999999991 0.00000000099999999991 0.77988531792062365522
7 7 (0) 1 : 0.00000000099999999987 0.00000000099999999987 0.00000000099999999987 0.00000000099999999987 0.99999999600000000211
8 8 (0) 1 : 0.00000000099999999989 0.00000000099999999989 0.00000000099999999989 0.00000000099999999989 0.99999999600000000211
9 9 (0) 1 : 0.00000000099999999978 0.99999999600000000211 0.00000000099999999978 0.00000000099999999978 0.00000000099999999978
10 10 (0) 1 : 0.00000000099999999993 0.06195487592724083920 0.00000000099999999993 0.32567762316978643433 0.61236749890297270671
11 11 (0) 1 : 0.00000000099999999996 0.00000000099999999996 0.00000000099999999996 0.31952271819042510348 0.68047727880957487034
12 12 (0) 1 : 0.00000000099999999989 0.00000000099999999989 0.00000000099999999989 0.00001102236673186112 0.99998897463326819057
13 13 (0) 1 : 0.00000000099999999993 0.04733634128041714489 0.00000000099999999993 0.13695131090665363383 0.81571234581292917376
14 14 (0) 1 : 0.00000000099999999989 0.00000000099999999989 0.00000000099999999989 0.36293120412440921241 0.63706879287559070590
15 15 (0) 2 : 0.00000000099999999989 0.00000000099999999989 0.00000000099999999989 0.00000000099999999989 0.99999999600000000211
16 16 (0) 2 : 0.99999999600000011313 0.00000000099999999986 0.00000000099999999986 0.00000000099999999986 0.00000000099999999986
17 17 (0) 2 : 0.00000000099999999980 0.00000000099999999980 0.99999999599999989108 0.00000000099999999980 0.00000000099999999980
18 18 (0) 2 : 0.78838763965843694503 0.00000000099999999983 0.21161235734156311206 0.00000000099999999983 0.00000000099999999983
19 19 (0) 2 : 0.64900266945150986153 0.00000000099999999983 0.35099732754849022331 0.00000000099999999983 0.00000000099999999983
20 20 (0) 2 : 0.99998495133555964642 0.00000000099999999999 0.00001504566444033167 0.00000000099999999999 0.00000000099999999999
21 21 (0) 2 : 0.69482243581594815840 0.00000000099999999983 0.30517756118405187094 0.00000000099999999983 0.00000000099999999983
22 22 (0) 2 : 0.67868560889707307826 0.00000000099999999994 0.32131438810292706210 0.00000000099999999994 0.00000000099999999994
23 23 (0) 1 : 0.00000000100000000000 0.00289279642454788643 0.02420686673098296909 0.23249223312995109803 0.74040810271451806823
24 24 (0) 1 : 0.02822964365428640154 0.04556059809646204051 0.00000002536874451607 0.25591717270597125200 0.67029256017453564542
25 25 (0) 1 : 0.00000000099999999997 0.99999999600000000211 0.00000000099999999997 0.00000000099999999997 0.00000000099999999997
26 26 (0) 1 : 0.00000000099999999991 0.00012039457111769228 0.00000000099999999991 0.34576730551898132715 0.65411229790990099708
27 27 (0) 2 : 0.00000000099999999967 0.00000000099999999967 0.99999999599999989108 0.00000000099999999967 0.00000000099999999967
28 28 (0) 2 : 0.99999999600000000211 0.00000000099999999978 0.00000000099999999978 0.00000000099999999978 0.00000000099999999978
29 29 (0) 2 : 0.60079143958873015841 0.00000000099999999982 0.39920855741126987093 0.00000000099999999982 0.00000000099999999982
30 30 (0) 2 : 0.99999999600000000211 0.00000000099999999990 0.00000000099999999990 0.00000000099999999990 0.00000000099999999990
31 31 (0) 2 : 0.90548633459278082825 0.00000000099999999999 0.03652754440472365249 0.00000000099999999999 0.05798611900249547174
32 32 (0) 2 : 0.55969794821734608625 0.13841616293514885649 0.30188588684750500279 0.00000000099999999999 0.00000000099999999999
33 33 (0) 2 : 0.64203811834517410251 0.00000000099999999982 0.35796187865482603785 0.00000000099999999982 0.00000000099999999982
34 34 (0) 1 : 0.00000000099999999989 0.00000000099999999989 0.00000000099999999989 0.99999999600000000211 0.00000000099999999989
35 35 (0) 2 : 0.73931183516537257727 0.00000000099999999990 0.26068816183462739655 0.00000000099999999990 0.00000000099999999990
36 36 (0) 2 : 0.99999999600000011313 0.00000000099999999984 0.00000000099999999984 0.00000000099999999984 0.00000000099999999984
37 37 (0) 2 : 0.68043255671151137154 0.00000000099999999994 0.31956744028848865780 0.00000000099999999994 0.00000000099999999994
38 38 (0) 2 : 0.00000000099999999978 0.00000000099999999978 0.99999999600000000211 0.00000000099999999978 0.00000000099999999978
39 39 (0) 2 : 0.00000000099999999990 0.00000000099999999990 0.00000000099999999990 0.00000000099999999990 0.99999999600000000211
40 40 (0) 2 : 0.00000000099999999991 0.00000000099999999991 0.00000000099999999991 0.35515078096379798511 0.64484921603620193320
41 41 (0) 2 : 0.00000000099999999991 0.00000000099999999991 0.00000000099999999991 0.00000000622439836952 0.99999999077560153271
42 42 (0) 2 : 0.00000000099999999993 0.00051297753776213557 0.00000000099999999993 0.32063876039232136472 0.67884826006991660918
43 43 (0) 2 : 0.00000000099999999992 0.00000000099999999992 0.00000000099999999992 0.33885183142636726705 0.66114816557363276228
44 44 (0) 2 : 0.99999999600000011313 0.00000000099999999980 0.00000000099999999980 0.00000000099999999980 0.00000000099999999980
45 45 (0) 2 : 0.66060686444047922450 0.00000000099999999999 0.29285327283485884653 0.04653986072466183288 0.00000000099999999999
46 46 (0) 2 : 0.99999999600000011313 0.00000000099999999989 0.00000000099999999989 0.00000000099999999989 0.00000000099999999989
47 47 (0) 2 : 0.00000000099999999995 0.00000000099999999995 0.00000000099999999995 0.32621585951162856976 0.67378413748837129305
48 48 (0) 2 : 0.83036121197772694291 0.00000000099999999985 0.16963878502227303091 0.00000000099999999985 0.00000000099999999985
49 49 (0) 1 : 0.00000000099999999995 0.02438457763867357339 0.00000000099999999995 0.00000825376974977076 0.97560716659157653563
50 50 (0) 1 : 0.00000000099999999989 0.00000000099999999989 0.00000000099999999989 0.00000000099999999989 0.99999999599999989108
51 51 (0) 1 : 0.00000000099999999990 0.00000000099999999990 0.00000000099999999990 0.41191656777303670145 0.58808342922696332788
52 52 (0) 1 : 0.00000000099999999989 0.00000000099999999989 0.00000000099999999989 0.32062847700703328568 0.67937151999296663263
53 53 (0) 1 : 0.00000000099999999990 0.04942148989483838295 0.00000000099999999990 0.54707937578755039265 0.40349913231761125321
54 54 (0) 1 : 0.00000000099999999986 0.00000000099999999986 0.00000000099999999986 0.99999999600000000211 0.00000000099999999986
55 55 (0) 1 : 0.00000000099999999996 0.00314625248522174342 0.00000000099999999996 0.00000000099999999996 0.99685374451477826163
56 56 (0) 3 : 0.60135694532414263325 0.00000000099999999986 0.39864305167585734058 0.00000000099999999986 0.00000000099999999986
57 57 (0) 3 : 0.95807496622625742955 0.00000000099999999980 0.04192503077374261367 0.00000000099999999980 0.00000000099999999980
58 58 (0) 3 : 0.99999999600000011313 0.00000000099999999983 0.00000000099999999983 0.00000000099999999983 0.00000000099999999983
59 59 (0) 3 : 0.99994056823210120122 0.00000000099999999986 0.00005942876789885898 0.00000000099999999986 0.00000000099999999986
60 60 (0) 3 : 0.64073432401446295259 0.00000000099999999988 0.35926567298553702123 0.00000000099999999988 0.00000000099999999988
61 61 (0) 3 : 0.99999999547128159971 0.00000000099999999998 0.00000000152871833031 0.00000000099999999998 0.00000000099999999998
62 62 (0) 3 : 0.83268132060068089650 0.00000000099999999988 0.16731867639931902181 0.00000000099999999988 0.00000000099999999988
63 63 (0) 4 : 0.00000000099999999984 0.99999999600000011313 0.00000000099999999984 0.00000000099999999984 0.00000000099999999984
64 64 (0) 4 : 0.00000000099999999991 0.00000000099999999991 0.00000000099999999991 0.34320492568976063152 0.65679507131023917577
65 65 (0) 4 : 0.00000000099999999985 0.00000000099999999985 0.00000000099999999985 0.99999999600000000211 0.00000000099999999985
66 66 (0) 3 : 0.99999999600000000211 0.00000000099999999983 0.00000000099999999983 0.00000000099999999983 0.00000000099999999983
67 67 (0) 3 : 0.88204028602760498057 0.00000000099999999989 0.11795971097239515979 0.00000000099999999989 0.00000000099999999989
68 68 (0) 3 : 0.00000000099999999965 0.00000000099999999965 0.99999999599999989108 0.00000000099999999965 0.00000000099999999965
69 69 (0) 3 : 0.67973553592704527571 0.00000000099999999987 0.32026446107295464261 0.00000000099999999987 0.00000000099999999987
70 70 (0) 3 : 0.99999999600000011313 0.00000000099999999980 0.00000000099999999980 0.00000000099999999980 0.00000000099999999980
71 71 (0) 3 : 0.63603077432868615482 0.00000000099999999987 0.36396922267131398554 0.00000000099999999987 0.00000000099999999987
72 72 (0) 4 : 0.00010450976751627306 0.04144571267999784536 0.00927281928142618776 0.21353747299019629202 0.73563948528086342549
73 73 (0) 4 : 0.06354934852684289426 0.00000000099999999999 0.00000000099999999999 0.00000001519997244572 0.93645063427318464555
74 74 (0) 4 : 0.00000000099999999990 0.00000000099999999990 0.00000000099999999990 0.00000000099999999990 0.99999999599999989108
75 75 (0) 4 : 0.00000000099999999994 0.00993656408915616178 0.00000000099999999994 0.44509355867887118174 0.54496987523197248926
76 76 (0) 4 : 0.00000000099999999990 0.00486981955065602604 0.00000000099999999990 0.00000000099999999990 0.99513017744934395559
77 77 (0) 4 : 0.00000000099999999989 0.00000000099999999989 0.00000000099999999989 0.00000000099999999989 0.99999999599999989108
78 78 (0) 4 : 0.00000000099999999989 0.00000000099999999989 0.00000000099999999989 0.29023412743487714271 0.70976586956512288662
79 79 (0) 3 : 0.00000000099999999987 0.00000000099999999987 0.00000000099999999987 0.51643375196186402931 0.48356624503813577798
80 80 (0) 3 : 0.99999999600000011313 0.00000000099999999989 0.00000000099999999989 0.00000000099999999989 0.00000000099999999989
81 81 (0) 3 : 0.99999999600000011313 0.00000000099999999996 0.00000000099999999996 0.00000000099999999996 0.00000000099999999996
82 82 (0) 3 : 0.61533411397614123928 0.00000000099999999984 0.38466588302385895659 0.00000000099999999984 0.00000000099999999984
83 83 (0) 3 : 0.00000000099999999990 0.00000000131688753625 0.00000000099999999990 0.00000000099999999990 0.99999999568311248588
84 84 (0) 3 : 0.00000000099999999981 0.00000000099999999981 0.00000000099999999981 0.99999999600000000211 0.00000000099999999981
85 85 (0) 3 : 0.99999999600000000211 0.00000000099999999981 0.00000000099999999981 0.00000000099999999981 0.00000000099999999981
86 86 (0) 3 : 0.81858973037587645649 0.00000000099999999988 0.18141026662412365611 0.00000000099999999988 0.00000000099999999988
87 87 (0) 3 : 0.80872271475867407720 0.00000000099999999999 0.13042824867739447048 0.06084903456393161297 0.00000000099999999999
88 88 (0) 3 : 0.82728070948354037739 0.00000000099999999985 0.17271928751645962419 0.00000000099999999985 0.00000000099999999985
89 89 (0) 4 : 0.00000000099999999996 0.00000000099999999996 0.00000000099999999996 0.99999999599999989108 0.00000000099999999996
90 90 (0) 3 : 0.91582019991064345099 0.00000000099999999987 0.08417979708935670324 0.00000000099999999987 0.00000000099999999987
91 91 (0) 3 : 0.98999290159555164426 0.00000000099999999988 0.01000709540444852212 0.00000000099999999988 0.00000000099999999988
92 92 (0) 3 : 0.65766951192818823291 0.00000000099999999985 0.34233048507181185194 0.00000000099999999985 0.00000000099999999985
93 93 (0) 3 : 0.66568750356021011427 0.00000000099999999992 0.33431249343979002608 0.00000000099999999992 0.00000000099999999992
94 94 (0) 3 : 0.80542892117730091606 0.00000000099999999998 0.00000000099999999998 0.19457107582269916879 0.00000000099999999998
95 95 (0) 4 : 0.11646281979896166980 0.01377183623363744877 0.00001501641067100211 0.27818488480669528728 0.59156544275003453137
96 96 (0) 4 : 0.00000000099999999989 0.00000000099999999989 0.00000000099999999989 0.00000000099999999989 0.99999999599999989108
97 97 (0) 4 : 0.00000000099999999996 0.00000000099999999996 0.00000000099999999996 0.18761757566715930867 0.81238242133284055413
98 98 (0) 4 : 0.04007327373100157131 0.06020366140397240273 0.00000512438606908131 0.24119639802622308555 0.65852154245273375466
99 99 (0) 4 : 0.00000000099999999995 0.03428427171207956703 0.00000000099999999995 0.50775808457137827645 0.45795764171654218533
100 100 (0) 4 : 0.00000000099999999990 0.01727191695864327414 0.00000000099999999990 0.23934384185113480314 0.74338423919022189601
101 101 (0) 4 : 0.00000000099999999991 0.00000000099999999991 0.00000000099999999991 0.33277636205256505564 0.66722363494743486267
102 102 (0) 4 : 0.00000000099999999986 0.00000000099999999986 0.00000000099999999986 0.00000000099999999986 0.99999999600000000211
103 103 (0) 4 : 0.00000000099999999977 0.99999999600000011313 0.00000000099999999977 0.00000000099999999977 0.00000000099999999977
104 104 (0) 4 : 0.00000000099999999998 0.08558891940709315027 0.00000000099999999998 0.00000000732591008890 0.91441107126699672225
105 105 (0) 4 : 0.00000000099999999997 0.01273120977426678811 0.00000000099999999997 0.31520335959782858071 0.67206542862790452642
106 106 (0) 4 : 0.00000000099999999997 0.00000000099999999997 0.00000000099999999997 0.99999999600000000211 0.00000000099999999997
107 107 (0) 4 : 0.00000000099999999998 0.06654507141142014526 0.00000000099999999998 0.04010760428486860596 0.89334732230371127759
108 108 (0) 4 : 0.00000000099999999983 0.00000000099999999983 0.00000000099999999983 0.99999999600000000211 0.00000000099999999983
109 109 (0) 4 : 0.00000000099999999991 0.00973527572839907006 0.00000000099999999991 0.16856999642662004457 0.82169472584498093326
110 110 (0) 4 : 0.00000000099999999995 0.10384656716700277346 0.00000000099999999995 0.33237590198886157733 0.56377752884413556700
111 111 (0) 4 : 0.00000000099999999978 0.99999999600000011313 0.00000000099999999978 0.00000000099999999978 0.00000000099999999978
112 112 (0) 4 : 0.00000000099999999987 0.99999999600000011313 0.00000000099999999987 0.00000000099999999987 0.00000000099999999987
113 113 (0) 4 : 0.85128640967059310274 0.00000000099999999985 0.14871358732940684333 0.00000000099999999985 0.00000000099999999985
114 114 (0) 4 : 0.00000000099999999998 0.00673976378327226233 0.00000000099999999998 0.33095957334277675832 0.66230066087395100816
115 115 (0) 4 : 0.00000000099999999990 0.00000000099999999990 0.00000000099999999990 0.36515236741678919197 0.63484762958321061532
116 116 (0) 4 : 0.00000000099999999992 0.00000196821481112141 0.00000000099999999992 0.44597619700201818205 0.55402183278317074233
1 1 (0) 1 : 0.27405247120214709655 0.00000000099999999996 0.06320516215086452450 0.66274236464698821347 0.00000000099999999996
2 2 (0) 1 : 0.29843129076490831908 0.00000003144252876711 0.06816403821447039602 0.63340463857809248260 0.00000000099999999999
3 3 (0) 1 : 0.00000000099999999979 0.00000000099999999979 0.99999999600000000211 0.00000000099999999979 0.00000000099999999979
4 4 (0) 1 : 0.00000000099999999992 0.00000000099999999992 0.02176511621808857599 0.97823488078191145334 0.00000000099999999992
5 5 (0) 1 : 0.21714175494035806158 0.00000000099999999992 0.00000000099999999992 0.78285824205964194000 0.00000000099999999992
6 6 (0) 1 : 0.19527264199014202073 0.00000000099999999991 0.20369962641344863119 0.60102772959640926587 0.00000000099999999991
7 7 (0) 1 : 0.32269783899160098262 0.00000000099999999988 0.00000000099999999988 0.67730215800839899121 0.00000000099999999988
8 8 (0) 1 : 0.00000000099999999987 0.00000000099999999987 0.00000000099999999987 0.99999999600000000211 0.00000000099999999987
9 9 (0) 1 : 0.00000000099999999978 0.00000000099999999978 0.99999999600000000211 0.00000000099999999978 0.00000000099999999978
10 10 (0) 1 : 0.32311331695520950635 0.00000000099999999993 0.06541871675740078274 0.61146796428738969809 0.00000000099999999993
11 11 (0) 1 : 0.46754397453977664112 0.00000000099999999996 0.00000000099999999996 0.53245602246022316617 0.00000000099999999996
12 12 (0) 1 : 0.36091560381542597824 0.00000000099999999990 0.00000000099999999990 0.63908439318457399558 0.00000000099999999990
13 13 (0) 1 : 0.27548823934553318127 0.00000000099999999993 0.03981721303523289707 0.68469454561923370761 0.00000000099999999993
14 14 (0) 1 : 0.55908262361139704488 0.00000000099999999989 0.00000000099999999989 0.44091737338860292894 0.00000000099999999989
15 15 (0) 2 : 0.00000000099999999987 0.00000000099999999987 0.00000000099999999987 0.99999999599999989108 0.00000000099999999987
16 16 (0) 2 : 0.00000000099999999983 0.00000000099999999983 0.00000000099999999983 0.00000000099999999983 0.99999999600000000211
17 17 (0) 2 : 0.00000000099999999986 0.99999999600000011313 0.00000000099999999986 0.00000000099999999986 0.00000000099999999986
18 18 (0) 2 : 0.00000000099999999983 0.20506820740488748700 0.00000000099999999983 0.00000000099999999983 0.79493178959511245907
19 19 (0) 2 : 0.00000000099999999981 0.99999999600000000211 0.00000000099999999981 0.00000000099999999981 0.00000000099999999981
20 20 (0) 2 : 0.00000000099999999999 0.27430596710702409569 0.00000000099999999999 0.00000000099999999999 0.72569402989297582263
21 21 (0) 2 : 0.00000000099999999982 0.67377539181684464875 0.00000000099999999982 0.00000000099999999982 0.32622460518315532507
22 22 (0) 2 : 0.00000000099999999995 0.30598076532955026385 0.00000000099999999995 0.00000000099999999995 0.69401923167044965446
23 23 (0) 1 : 0.29031261830576526872 0.02355091875507898946 0.00044015511950229013 0.68569630681965343388 0.00000000100000000000
24 24 (0) 1 : 0.31001187261972051878 0.02801217446887777768 0.04532432502107047040 0.61665162689033126142 0.00000000100000000000
25 25 (0) 1 : 0.00000000099999999997 0.00000000099999999997 0.99999999600000000211 0.00000000099999999997 0.00000000099999999997
26 26 (0) 1 : 0.48814366402861053551 0.00000000099999999991 0.00000000099999999991 0.51185633297138943831 0.00000000099999999991
27 27 (0) 2 : 0.00000000099999999976 0.99999999600000000211 0.00000000099999999976 0.00000000099999999976 0.00000000099999999976
28 28 (0) 2 : 0.00000000099999999977 0.00000000099999999977 0.00000000099999999977 0.00000000099999999977 0.99999999600000000211
29 29 (0) 2 : 0.00000000099999999978 0.99999999600000011313 0.00000000099999999978 0.00000000099999999978 0.00000000099999999978
30 30 (0) 2 : 0.00000000099999999988 0.00000000099999999988 0.00000000099999999988 0.00000000099999999988 0.99999999599999989108
31 31 (0) 2 : 0.00000000099999999999 0.00562349132852979668 0.00000000099999999999 0.04226069489185360628 0.95211581177961657207
32 32 (0) 2 : 0.00000000099999999999 0.41622942034573978676 0.13999377589179148873 0.00000000099999999999 0.44377680176246869781
33 33 (0) 2 : 0.00000000099999999979 0.99999999600000011313 0.00000000099999999979 0.00000000099999999979 0.00000000099999999979
34 34 (0) 1 : 0.65893186957010985161 0.00000000099999999994 0.01427017556298457515 0.32679795286690538347 0.00000000099999999994
35 35 (0) 2 : 0.00000000099999999989 0.54214980006482471619 0.00000000099999999989 0.00000000099999999989 0.45785019693517542416
36 36 (0) 2 : 0.00000000099999999986 0.36671438735812789123 0.00000000099999999986 0.00000000099999999986 0.63328560964187197158
37 37 (0) 2 : 0.00000000099999999995 0.52995671157929402639 0.00000000099999999995 0.00000000099999999995 0.47004328542070611396
38 38 (0) 2 : 0.00000000099999999989 0.75180125221704940941 0.00000000099999999989 0.00000000099999999989 0.24819874478295075870
39 39 (0) 2 : 0.00000000099999999989 0.00000000099999999989 0.00000000099999999989 0.99999999599999989108 0.00000000099999999989
40 40 (0) 2 : 0.33699926902313204202 0.00000000099999999991 0.00000000099999999991 0.66300072797686770976 0.00000000099999999991
41 41 (0) 2 : 0.30951115226419834148 0.00000000099999999991 0.00000000099999999991 0.69048884473580152132 0.00000000099999999991
42 42 (0) 2 : 0.36032457234231934917 0.00000000099999999994 0.00140364040443242250 0.63827178525324812508 0.00000000099999999994
43 43 (0) 2 : 0.42364765989934188850 0.00000000099999999992 0.00000000099999999992 0.57635233710065802981 0.00000000099999999992
44 44 (0) 2 : 0.00000000099999999977 0.00000000099999999977 0.00000000099999999977 0.00000000099999999977 0.99999999599999989108
45 45 (0) 2 : 0.04605031819237846019 0.50184680260834346743 0.00000000099999999999 0.00000000099999999999 0.45210287719927799710
46 46 (0) 2 : 0.00000000099999999988 0.00000000099999999988 0.00000000099999999988 0.00000000099999999988 0.99999999600000000211
47 47 (0) 2 : 0.28365449207642023932 0.00000000099999999995 0.00000000099999999995 0.71634550492357962348 0.00000000099999999995
48 48 (0) 2 : 0.00000000099999999985 0.34616607270482202541 0.00000000099999999985 0.00000000099999999985 0.65383392429517772637
49 49 (0) 1 : 0.14443672994061540482 0.00000000099999999995 0.01617912021119841462 0.83938414784818615733 0.00000000099999999995
50 50 (0) 1 : 0.00000000099999999988 0.00000000099999999988 0.00000000099999999988 0.99999999600000000211 0.00000000099999999988
51 51 (0) 1 : 0.42131324446439866183 0.00000000099999999991 0.00000000099999999991 0.57868675253560120098 0.00000000099999999991
52 52 (0) 1 : 0.99999999600000000211 0.00000000099999999985 0.00000000099999999985 0.00000000099999999985 0.00000000099999999985
53 53 (0) 1 : 0.99999999600000011313 0.00000000099999999987 0.00000000099999999987 0.00000000099999999987 0.00000000099999999987
54 54 (0) 1 : 0.42800340907194628359 0.00000000099999999993 0.02045169041984341157 0.55154489850821009078 0.00000000099999999993
55 55 (0) 1 : 0.28681125863847350965 0.00000000099999999997 0.00955798771762033164 0.70363075164390609384 0.00000000099999999997
56 56 (0) 3 : 0.00000000099999999982 0.99999999600000011313 0.00000000099999999982 0.00000000099999999982 0.00000000099999999982
57 57 (0) 3 : 0.00000000099999999981 0.27048417186142847957 0.00000000099999999981 0.00000000099999999981 0.72951582513857138323
58 58 (0) 3 : 0.00000000099999999981 0.00000000099999999981 0.00000000099999999981 0.00000000099999999981 0.99999999599999989108
59 59 (0) 3 : 0.00000000099999999986 0.21405226365119414678 0.00000000099999999986 0.00000000099999999986 0.78594773334880596583
60 60 (0) 3 : 0.00000000099999999989 0.59021501262956510558 0.00000000099999999989 0.00000000099999999989 0.40978498437043486824
61 61 (0) 3 : 0.00000000099999999998 0.00000924523230558163 0.00000000099999999998 0.00000000099999999998 0.99999075176769436357
62 62 (0) 3 : 0.00000000099999999988 0.42972652019696794268 0.00000000099999999988 0.00000000099999999988 0.57027347680303186461
63 63 (0) 4 : 0.00000000099999999984 0.00000000099999999984 0.99999999600000000211 0.00000000099999999984 0.00000000099999999984
64 64 (0) 4 : 0.31822305318376487016 0.00000000099999999992 0.00000000099999999992 0.68177694381623499265 0.00000000099999999992
65 65 (0) 4 : 0.99999999600000011313 0.00000000099999999988 0.00000000099999999988 0.00000000099999999988 0.00000000099999999988
66 66 (0) 3 : 0.00000000099999999982 0.00000058375663091631 0.00000000099999999982 0.00000000099999999982 0.99999941324336905080
67 67 (0) 3 : 0.00000000099999999989 0.53349530969841874040 0.00000000099999999989 0.00000000099999999989 0.46650468730158139996
68 68 (0) 3 : 0.00000000099999999974 0.99999999600000000211 0.00000000099999999974 0.00000000099999999974 0.00000000099999999974
69 69 (0) 3 : 0.00000000099999999987 0.65196596029392694938 0.00000000099999999987 0.00000000099999999987 0.34803403670607307996
70 70 (0) 3 : 0.00000000099999999980 0.00000000099999999980 0.00000000099999999980 0.00000000099999999980 0.99999999600000000211
71 71 (0) 3 : 0.00000000099999999988 0.60033531549562513252 0.00000000099999999988 0.00000000099999999988 0.39966468150437489681
72 72 (0) 4 : 0.25285435952075790977 0.00000000100000000000 0.04273861718704438650 0.69636532127462702491 0.00804170101757051455
73 73 (0) 4 : 0.00000000099999999998 0.00000000099999999998 0.00000000099999999998 0.94306538969188868915 0.05693460730811126386
74 74 (0) 4 : 0.17086678327766394170 0.00000000099999999991 0.00000000099999999991 0.82913321372233605988 0.00000000099999999991
75 75 (0) 4 : 0.63547059538900585451 0.00000000099999999994 0.00353085582208761180 0.36099854678890658244 0.00000000099999999994
76 76 (0) 4 : 0.00000000099999999989 0.00000000099999999989 0.00000020085859434204 0.99999979614140566131 0.00000000099999999989
77 77 (0) 4 : 0.20887825195676978929 0.00000000099999999989 0.00000000099999999989 0.79112174504323018454 0.00000000099999999989
78 78 (0) 4 : 0.37514043235716132418 0.00000000099999999989 0.00000000099999999989 0.62485956464283864964 0.00000000099999999989
79 79 (0) 3 : 0.99999999600000000211 0.00000000099999999984 0.00000000099999999984 0.00000000099999999984 0.00000000099999999984
80 80 (0) 3 : 0.00000000099999999990 0.51746001449854939214 0.00000000099999999990 0.00000000099999999990 0.48253998250145074822
81 81 (0) 3 : 0.00000000099999999992 0.00000000099999999992 0.00000000099999999992 0.00000000099999999992 0.99999999600000000211
82 82 (0) 3 : 0.00000000099999999982 0.99999985180343531344 0.00000000099999999982 0.00000000099999999982 0.00000014519656466738
83 83 (0) 3 : 0.00000000099999999988 0.00000000099999999988 0.00000000099999999988 0.99999999599999989108 0.00000000099999999988
84 84 (0) 3 : 0.99999999600000000211 0.00000000099999999983 0.00000000099999999983 0.00000000099999999983 0.00000000099999999983
85 85 (0) 3 : 0.00000000099999999980 0.00000000099999999980 0.00000000099999999980 0.00000000099999999980 0.99999999600000000211
86 86 (0) 3 : 0.00000000099999999987 0.31722973640139973117 0.00000000099999999987 0.00000000099999999987 0.68277026059860013163
87 87 (0) 3 : 0.05169924316613116327 0.16634642316439460230 0.00000000099999999998 0.00000000099999999998 0.78195433166947425629
88 88 (0) 3 : 0.00000000099999999984 0.58002938032694761894 0.00000000099999999984 0.00000000099999999984 0.41997061667305246591
89 89 (0) 4 : 0.38916976871233766033 0.00000000100000000000 0.04818916928815552420 0.52389303101196027512 0.03874802998754653394
90 90 (0) 3 : 0.00000000099999999986 0.32195954262460296791 0.00000000099999999986 0.00000000099999999986 0.67804045437539683938
91 91 (0) 3 : 0.00000000099999999984 0.00000000099999999984 0.00000000099999999984 0.00000000099999999984 0.99999999599999989108
92 92 (0) 3 : 0.00000000099999999984 0.65194638865463117039 0.00000000099999999984 0.00000000099999999984 0.34805360834536885895
93 93 (0) 3 : 0.00000000099999999987 0.99999999600000011313 0.00000000099999999987 0.00000000099999999987 0.00000000099999999987
94 94 (0) 3 : 0.19120916944572660667 0.14992264326831886145 0.00000000099999999998 0.00000000099999999998 0.65886818528595447741
95 95 (0) 4 : 0.28713070461309109227 0.00048557992595516176 0.01389014221297687340 0.58130134134795663492 0.11719223190002041324
96 96 (0) 4 : 0.22755623355524789986 0.00000000099999999989 0.00000000099999999989 0.77244376344475207397 0.00000000099999999989
97 97 (0) 4 : 0.00000000099999999993 0.00000000099999999993 0.00000000099999999993 0.99999999600000000211 0.00000000099999999993
98 98 (0) 4 : 0.49296698636268487803 0.00000000100000000000 0.05722726103115852864 0.40874766563486097937 0.04105808597129564225
99 99 (0) 4 : 0.56049332074177071750 0.00000000099999999996 0.04067692169752404330 0.39882975556070521250 0.00000000099999999996
100 100 (0) 4 : 0.30652693483240489591 0.00000000099999999990 0.01299905931731511893 0.68047400385028000702 0.00000000099999999990
101 101 (0) 4 : 0.46046472336783145218 0.00000000099999999991 0.00000000099999999991 0.53953527363216857715 0.00000000099999999991
102 102 (0) 4 : 0.00000000099999999985 0.00000000099999999985 0.00000000099999999985 0.99999999599999989108 0.00000000099999999985
103 103 (0) 4 : 0.00000000099999999977 0.00000000099999999977 0.99999999599999989108 0.00000000099999999977 0.00000000099999999977
104 104 (0) 4 : 0.30040416020502319627 0.00000000099999999998 0.06891233869406143686 0.63068349910091536792 0.00000000099999999998
105 105 (0) 4 : 0.32888822437532333476 0.00000000099999999997 0.01661330808990522587 0.65449846553477142308 0.00000000099999999997
106 106 (0) 4 : 0.57741453167377665423 0.02101877305479868049 0.02418402695654533335 0.37738266731487940531 0.00000000100000000000
107 107 (0) 4 : 0.00000000099999999998 0.00000000099999999998 0.05317339440649481580 0.94682660259350515108 0.00000000099999999998
108 108 (0) 4 : 0.99999999600000011313 0.00000000099999999986 0.00000000099999999986 0.00000000099999999986 0.00000000099999999986
109 109 (0) 4 : 0.47999538289969273519 0.00000000099999999991 0.00000031637360903229 0.52000429872669806652 0.00000000099999999991
110 110 (0) 4 : 0.48965929087627763083 0.00000000099999999995 0.10503348848455466846 0.40530721863916752135 0.00000000099999999995
111 111 (0) 4 : 0.00000000099999999979 0.00000000099999999979 0.99999999600000000211 0.00000000099999999979 0.00000000099999999979
112 112 (0) 4 : 0.00000000099999999987 0.00000000099999999987 0.99999999600000000211 0.00000000099999999987 0.00000000099999999987
113 113 (0) 4 : 0.00000000099999999985 0.38714683767461699482 0.00000000099999999985 0.00000000099999999985 0.61285315932538286798
114 114 (0) 4 : 0.43002569793738115722 0.00000000099999999998 0.01095756934393857240 0.55901673071868029918 0.00000000099999999998
115 115 (0) 4 : 0.99999999600000011313 0.00000000099999999985 0.00000000099999999985 0.00000000099999999985 0.00000000099999999985
116 116 (0) 4 : 0.56253178671917547504 0.00000000099999999993 0.00000000099999999993 0.43746821028082460980 0.00000000099999999993
1 1 (0) 1 : 0.27405247120214709655 0.00000000099999999996 0.06320516215086452450 0.66274236464698821347 0.00000000099999999996
2 2 (0) 1 : 0.29843129076490831908 0.00000003144252876711 0.06816403821447039602 0.63340463857809248260 0.00000000099999999999
3 3 (0) 1 : 0.00000000099999999979 0.00000000099999999979 0.99999999600000000211 0.00000000099999999979 0.00000000099999999979
4 4 (0) 1 : 0.00000000099999999992 0.00000000099999999992 0.02176511621808857599 0.97823488078191145334 0.00000000099999999992
5 5 (0) 1 : 0.21714175494035806158 0.00000000099999999992 0.00000000099999999992 0.78285824205964194000 0.00000000099999999992
6 6 (0) 1 : 0.19527264199014202073 0.00000000099999999991 0.20369962641344863119 0.60102772959640926587 0.00000000099999999991
7 7 (0) 1 : 0.32269783899160098262 0.00000000099999999988 0.00000000099999999988 0.67730215800839899121 0.00000000099999999988
8 8 (0) 1 : 0.00000000099999999987 0.00000000099999999987 0.00000000099999999987 0.99999999600000000211 0.00000000099999999987
9 9 (0) 1 : 0.00000000099999999978 0.00000000099999999978 0.99999999600000000211 0.00000000099999999978 0.00000000099999999978
10 10 (0) 1 : 0.32311331695520950635 0.00000000099999999993 0.06541871675740078274 0.61146796428738969809 0.00000000099999999993
11 11 (0) 1 : 0.46754397453977664112 0.00000000099999999996 0.00000000099999999996 0.53245602246022316617 0.00000000099999999996
12 12 (0) 1 : 0.36091560381542597824 0.00000000099999999990 0.00000000099999999990 0.63908439318457399558 0.00000000099999999990
13 13 (0) 1 : 0.27548823934553318127 0.00000000099999999993 0.03981721303523289707 0.68469454561923370761 0.00000000099999999993
14 14 (0) 1 : 0.55908262361139704488 0.00000000099999999989 0.00000000099999999989 0.44091737338860292894 0.00000000099999999989
15 15 (0) 2 : 0.00000000099999999987 0.00000000099999999987 0.00000000099999999987 0.99999999599999989108 0.00000000099999999987
16 16 (0) 2 : 0.00000000099999999983 0.00000000099999999983 0.00000000099999999983 0.00000000099999999983 0.99999999600000000211
17 17 (0) 2 : 0.00000000099999999986 0.99999999600000011313 0.00000000099999999986 0.00000000099999999986 0.00000000099999999986
18 18 (0) 2 : 0.00000000099999999983 0.20506820740488748700 0.00000000099999999983 0.00000000099999999983 0.79493178959511245907
19 19 (0) 2 : 0.00000000099999999981 0.99999999600000000211 0.00000000099999999981 0.00000000099999999981 0.00000000099999999981
20 20 (0) 2 : 0.00000000099999999999 0.27430596710702409569 0.00000000099999999999 0.00000000099999999999 0.72569402989297582263
21 21 (0) 2 : 0.00000000099999999982 0.67377539181684464875 0.00000000099999999982 0.00000000099999999982 0.32622460518315532507
22 22 (0) 2 : 0.00000000099999999995 0.30598076532955026385 0.00000000099999999995 0.00000000099999999995 0.69401923167044965446
23 23 (0) 1 : 0.29031261830576526872 0.02355091875507898946 0.00044015511950229013 0.68569630681965343388 0.00000000100000000000
24 24 (0) 1 : 0.31001187261972051878 0.02801217446887777768 0.04532432502107047040 0.61665162689033126142 0.00000000100000000000
25 25 (0) 1 : 0.00000000099999999997 0.00000000099999999997 0.99999999600000000211 0.00000000099999999997 0.00000000099999999997
26 26 (0) 1 : 0.48814366402861053551 0.00000000099999999991 0.00000000099999999991 0.51185633297138943831 0.00000000099999999991
27 27 (0) 2 : 0.00000000099999999976 0.99999999600000000211 0.00000000099999999976 0.00000000099999999976 0.00000000099999999976
28 28 (0) 2 : 0.00000000099999999977 0.00000000099999999977 0.00000000099999999977 0.00000000099999999977 0.99999999600000000211
29 29 (0) 2 : 0.00000000099999999978 0.99999999600000011313 0.00000000099999999978 0.00000000099999999978 0.00000000099999999978
30 30 (0) 2 : 0.00000000099999999988 0.00000000099999999988 0.00000000099999999988 0.00000000099999999988 0.99999999599999989108
31 31 (0) 2 : 0.00000000099999999999 0.00562349132852979668 0.00000000099999999999 0.04226069489185360628 0.95211581177961657207
32 32 (0) 2 : 0.00000000099999999999 0.41622942034573978676 0.13999377589179148873 0.00000000099999999999 0.44377680176246869781
33 33 (0) 2 : 0.00000000099999999979 0.99999999600000011313 0.00000000099999999979 0.00000000099999999979 0.00000000099999999979
34 34 (0) 1 : 0.65893186957010985161 0.00000000099999999994 0.01427017556298457515 0.32679795286690538347 0.00000000099999999994
35 35 (0) 2 : 0.00000000099999999989 0.54214980006482471619 0.00000000099999999989 0.00000000099999999989 0.45785019693517542416
36 36 (0) 2 : 0.00000000099999999986 0.36671438735812789123 0.00000000099999999986 0.00000000099999999986 0.63328560964187197158
37 37 (0) 2 : 0.00000000099999999995 0.52995671157929402639 0.00000000099999999995 0.00000000099999999995 0.47004328542070611396
38 38 (0) 2 : 0.00000000099999999989 0.75180125221704940941 0.00000000099999999989 0.00000000099999999989 0.24819874478295075870
39 39 (0) 2 : 0.00000000099999999989 0.00000000099999999989 0.00000000099999999989 0.99999999599999989108 0.00000000099999999989
40 40 (0) 2 : 0.33699926902313204202 0.00000000099999999991 0.00000000099999999991 0.66300072797686770976 0.00000000099999999991
41 41 (0) 2 : 0.30951115226419834148 0.00000000099999999991 0.00000000099999999991 0.69048884473580152132 0.00000000099999999991
42 42 (0) 2 : 0.36032457234231934917 0.00000000099999999994 0.00140364040443242250 0.63827178525324812508 0.00000000099999999994
43 43 (0) 2 : 0.42364765989934188850 0.00000000099999999992 0.00000000099999999992 0.57635233710065802981 0.00000000099999999992
44 44 (0) 2 : 0.00000000099999999977 0.00000000099999999977 0.00000000099999999977 0.00000000099999999977 0.99999999599999989108
45 45 (0) 2 : 0.04605031819237846019 0.50184680260834346743 0.00000000099999999999 0.00000000099999999999 0.45210287719927799710
46 46 (0) 2 : 0.00000000099999999988 0.00000000099999999988 0.00000000099999999988 0.00000000099999999988 0.99999999600000000211
47 47 (0) 2 : 0.28365449207642023932 0.00000000099999999995 0.00000000099999999995 0.71634550492357962348 0.00000000099999999995
48 48 (0) 2 : 0.00000000099999999985 0.34616607270482202541 0.00000000099999999985 0.00000000099999999985 0.65383392429517772637
49 49 (0) 1 : 0.14443672994061540482 0.00000000099999999995 0.01617912021119841462 0.83938414784818615733 0.00000000099999999995
50 50 (0) 1 : 0.00000000099999999988 0.00000000099999999988 0.00000000099999999988 0.99999999600000000211 0.00000000099999999988
51 51 (0) 1 : 0.42131324446439866183 0.00000000099999999991 0.00000000099999999991 0.57868675253560120098 0.00000000099999999991
52 52 (0) 1 : 0.99999999600000000211 0.00000000099999999985 0.00000000099999999985 0.00000000099999999985 0.00000000099999999985
53 53 (0) 1 : 0.99999999600000011313 0.00000000099999999987 0.00000000099999999987 0.00000000099999999987 0.00000000099999999987
54 54 (0) 1 : 0.42800340907194628359 0.00000000099999999993 0.02045169041984341157 0.55154489850821009078 0.00000000099999999993
55 55 (0) 1 : 0.28681125863847350965 0.00000000099999999997 0.00955798771762033164 0.70363075164390609384 0.00000000099999999997
56 56 (0) 3 : 0.00000000099999999982 0.99999999600000011313 0.00000000099999999982 0.00000000099999999982 0.00000000099999999982
57 57 (0) 3 : 0.00000000099999999981 0.27048417186142847957 0.00000000099999999981 0.00000000099999999981 0.72951582513857138323
58 58 (0) 3 : 0.00000000099999999981 0.00000000099999999981 0.00000000099999999981 0.00000000099999999981 0.99999999599999989108
59 59 (0) 3 : 0.00000000099999999986 0.21405226365119414678 0.00000000099999999986 0.00000000099999999986 0.78594773334880596583
60 60 (0) 3 : 0.00000000099999999989 0.59021501262956510558 0.00000000099999999989 0.00000000099999999989 0.40978498437043486824
61 61 (0) 3 : 0.00000000099999999998 0.00000924523230558163 0.00000000099999999998 0.00000000099999999998 0.99999075176769436357
62 62 (0) 3 : 0.00000000099999999988 0.42972652019696794268 0.00000000099999999988 0.00000000099999999988 0.57027347680303186461
63 63 (0) 4 : 0.00000000099999999984 0.00000000099999999984 0.99999999600000000211 0.00000000099999999984 0.00000000099999999984
64 64 (0) 4 : 0.31822305318376487016 0.00000000099999999992 0.00000000099999999992 0.68177694381623499265 0.00000000099999999992
65 65 (0) 4 : 0.99999999600000011313 0.00000000099999999988 0.00000000099999999988 0.00000000099999999988 0.00000000099999999988
66 66 (0) 3 : 0.00000000099999999982 0.00000058375663091631 0.00000000099999999982 0.00000000099999999982 0.99999941324336905080
67 67 (0) 3 : 0.00000000099999999989 0.53349530969841874040 0.00000000099999999989 0.00000000099999999989 0.46650468730158139996
68 68 (0) 3 : 0.00000000099999999974 0.99999999600000000211 0.00000000099999999974 0.00000000099999999974 0.00000000099999999974
69 69 (0) 3 : 0.00000000099999999987 0.65196596029392694938 0.00000000099999999987 0.00000000099999999987 0.34803403670607307996
70 70 (0) 3 : 0.00000000099999999980 0.00000000099999999980 0.00000000099999999980 0.00000000099999999980 0.99999999600000000211
71 71 (0) 3 : 0.00000000099999999988 0.60033531549562513252 0.00000000099999999988 0.00000000099999999988 0.39966468150437489681
72 72 (0) 4 : 0.25285435952075790977 0.00000000100000000000 0.04273861718704438650 0.69636532127462702491 0.00804170101757051455
73 73 (0) 4 : 0.00000000099999999998 0.00000000099999999998 0.00000000099999999998 0.94306538969188868915 0.05693460730811126386
74 74 (0) 4 : 0.17086678327766394170 0.00000000099999999991 0.00000000099999999991 0.82913321372233605988 0.00000000099999999991
75 75 (0) 4 : 0.63547059538900585451 0.00000000099999999994 0.00353085582208761180 0.36099854678890658244 0.00000000099999999994
76 76 (0) 4 : 0.00000000099999999989 0.00000000099999999989 0.00000020085859434204 0.99999979614140566131 0.00000000099999999989
77 77 (0) 4 : 0.20887825195676978929 0.00000000099999999989 0.00000000099999999989 0.79112174504323018454 0.00000000099999999989
78 78 (0) 4 : 0.37514043235716132418 0.00000000099999999989 0.00000000099999999989 0.62485956464283864964 0.00000000099999999989
79 79 (0) 3 : 0.99999999600000000211 0.00000000099999999984 0.00000000099999999984 0.00000000099999999984 0.00000000099999999984
80 80 (0) 3 : 0.00000000099999999990 0.51746001449854939214 0.00000000099999999990 0.00000000099999999990 0.48253998250145074822
81 81 (0) 3 : 0.00000000099999999992 0.00000000099999999992 0.00000000099999999992 0.00000000099999999992 0.99999999600000000211
82 82 (0) 3 : 0.00000000099999999982 0.99999985180343531344 0.00000000099999999982 0.00000000099999999982 0.00000014519656466738
83 83 (0) 3 : 0.00000000099999999988 0.00000000099999999988 0.00000000099999999988 0.99999999599999989108 0.00000000099999999988
84 84 (0) 3 : 0.99999999600000000211 0.00000000099999999983 0.00000000099999999983 0.00000000099999999983 0.00000000099999999983
85 85 (0) 3 : 0.00000000099999999980 0.00000000099999999980 0.00000000099999999980 0.00000000099999999980 0.99999999600000000211
86 86 (0) 3 : 0.00000000099999999987 0.31722973640139973117 0.00000000099999999987 0.00000000099999999987 0.68277026059860013163
87 87 (0) 3 : 0.05169924316613116327 0.16634642316439460230 0.00000000099999999998 0.00000000099999999998 0.78195433166947425629
88 88 (0) 3 : 0.00000000099999999984 0.58002938032694761894 0.00000000099999999984 0.00000000099999999984 0.41997061667305246591
89 89 (0) 4 : 0.38916976871233766033 0.00000000100000000000 0.04818916928815552420 0.52389303101196027512 0.03874802998754653394
90 90 (0) 3 : 0.00000000099999999986 0.32195954262460296791 0.00000000099999999986 0.00000000099999999986 0.67804045437539683938
91 91 (0) 3 : 0.00000000099999999984 0.00000000099999999984 0.00000000099999999984 0.00000000099999999984 0.99999999599999989108
92 92 (0) 3 : 0.00000000099999999984 0.65194638865463117039 0.00000000099999999984 0.00000000099999999984 0.34805360834536885895
93 93 (0) 3 : 0.00000000099999999987 0.99999999600000011313 0.00000000099999999987 0.00000000099999999987 0.00000000099999999987
94 94 (0) 3 : 0.19120916944572660667 0.14992264326831886145 0.00000000099999999998 0.00000000099999999998 0.65886818528595447741
95 95 (0) 4 : 0.28713070461309109227 0.00048557992595516176 0.01389014221297687340 0.58130134134795663492 0.11719223190002041324
96 96 (0) 4 : 0.22755623355524789986 0.00000000099999999989 0.00000000099999999989 0.77244376344475207397 0.00000000099999999989
97 97 (0) 4 : 0.00000000099999999993 0.00000000099999999993 0.00000000099999999993 0.99999999600000000211 0.00000000099999999993
98 98 (0) 4 : 0.49296698636268487803 0.00000000100000000000 0.05722726103115852864 0.40874766563486097937 0.04105808597129564225
99 99 (0) 4 : 0.56049332074177071750 0.00000000099999999996 0.04067692169752404330 0.39882975556070521250 0.00000000099999999996
100 100 (0) 4 : 0.30652693483240489591 0.00000000099999999990 0.01299905931731511893 0.68047400385028000702 0.00000000099999999990
101 101 (0) 4 : 0.46046472336783145218 0.00000000099999999991 0.00000000099999999991 0.53953527363216857715 0.00000000099999999991
102 102 (0) 4 : 0.00000000099999999985 0.00000000099999999985 0.00000000099999999985 0.99999999599999989108 0.00000000099999999985
103 103 (0) 4 : 0.00000000099999999977 0.00000000099999999977 0.99999999599999989108 0.00000000099999999977 0.00000000099999999977
104 104 (0) 4 : 0.30040416020502319627 0.00000000099999999998 0.06891233869406143686 0.63068349910091536792 0.00000000099999999998
105 105 (0) 4 : 0.32888822437532333476 0.00000000099999999997 0.01661330808990522587 0.65449846553477142308 0.00000000099999999997
106 106 (0) 4 : 0.57741453167377665423 0.02101877305479868049 0.02418402695654533335 0.37738266731487940531 0.00000000100000000000
107 107 (0) 4 : 0.00000000099999999998 0.00000000099999999998 0.05317339440649481580 0.94682660259350515108 0.00000000099999999998
108 108 (0) 4 : 0.99999999600000011313 0.00000000099999999986 0.00000000099999999986 0.00000000099999999986 0.00000000099999999986
109 109 (0) 4 : 0.47999538289969273519 0.00000000099999999991 0.00000031637360903229 0.52000429872669806652 0.00000000099999999991
110 110 (0) 4 : 0.48965929087627763083 0.00000000099999999995 0.10503348848455466846 0.40530721863916752135 0.00000000099999999995
111 111 (0) 4 : 0.00000000099999999979 0.00000000099999999979 0.99999999600000000211 0.00000000099999999979 0.00000000099999999979
112 112 (0) 4 : 0.00000000099999999987 0.00000000099999999987 0.99999999600000000211 0.00000000099999999987 0.00000000099999999987
113 113 (0) 4 : 0.00000000099999999985 0.38714683767461699482 0.00000000099999999985 0.00000000099999999985 0.61285315932538286798
114 114 (0) 4 : 0.43002569793738115722 0.00000000099999999998 0.01095756934393857240 0.55901673071868029918 0.00000000099999999998
115 115 (0) 4 : 0.99999999600000011313 0.00000000099999999985 0.00000000099999999985 0.00000000099999999985 0.00000000099999999985
116 116 (0) 4 : 0.56253178671917547504 0.00000000099999999993 0.00000000099999999993 0.43746821028082460980 0.00000000099999999993
1 1 (0) 1 : 0.00000000099999999996 0.00000000099999999996 0.83785941268838370899 0.09372295663026228296 0.06841762868135405073
2 2 (0) 1 : 0.00000000099999999998 0.00000000099999999998 0.70772604331587918303 0.22173786344631232770 0.07053609123780839318
3 3 (0) 1 : 0.00000000099999999979 0.00000000099999999979 0.00000000099999999979 0.00000000099999999979 0.99999999599999989108
4 4 (0) 1 : 0.00000000099999999994 0.00000000099999999994 0.95112697845383664674 0.01274694728503266566 0.03612607226113061926
5 5 (0) 1 : 0.00000000099999999991 0.00000000099999999991 0.85938244703675392699 0.14061754996324601907 0.00000000099999999991
6 6 (0) 1 : 0.00000000099999999991 0.00000000099999999991 0.78898284407651586569 0.00000667967969059119 0.21101047424379348882
7 7 (0) 1 : 0.00000000099999999988 0.00000000099999999988 0.99999999599999989108 0.00000000099999999988 0.00000000099999999988
8 8 (0) 1 : 0.00000000099999999989 0.00000000099999999989 0.99999999599999989108 0.00000000099999999989 0.00000000099999999989
9 9 (0) 1 : 0.00000000099999999978 0.00000000099999999978 0.00000000099999999978 0.00000000099999999978 0.99999999600000000211
10 10 (0) 1 : 0.00000000099999999993 0.00000000099999999993 0.78892882910632167182 0.14352695033390452939 0.06754421855977382760
11 11 (0) 1 : 0.00000000099999999996 0.00000000099999999996 0.92884448723915946644 0.07115550976084028534 0.00000000099999999996
12 12 (0) 1 : 0.00000000099999999990 0.00000000099999999990 0.92657905183735955745 0.07342094516264031923 0.00000000099999999990
13 13 (0) 1 : 0.00000000099999999993 0.00000000099999999993 0.90300571159470854887 0.05516554734492380013 0.04182873906036768674
14 14 (0) 1 : 0.00000000099999999989 0.00000000099999999989 0.77854020419538505493 0.22145979280461469685 0.00000000099999999989
15 15 (0) 2 : 0.00000000099999999988 0.00000000099999999988 0.99999999600000000211 0.00000000099999999988 0.00000000099999999988
16 16 (0) 2 : 0.74975716418340909719 0.25024283281659087663 0.00000000099999999987 0.00000000099999999987 0.00000000099999999987
17 17 (0) 2 : 0.99999999600000011313 0.00000000099999999989 0.00000000099999999989 0.00000000099999999989 0.00000000099999999989
18 18 (0) 2 : 0.99999999600000000211 0.00000000099999999980 0.00000000099999999980 0.00000000099999999980 0.00000000099999999980
19 19 (0) 2 : 0.35507207828777781478 0.64492791871222210354 0.00000000099999999983 0.00000000099999999983 0.00000000099999999983
20 20 (0) 2 : 0.48077033376186889546 0.51922966323813113387 0.00000000099999999999 0.00000000099999999999 0.00000000099999999999
21 21 (0) 2 : 0.20797460473506731993 0.79202539226493273716 0.00000000099999999982 0.00000000099999999982 0.00000000099999999982
22 22 (0) 2 : 0.99999998377028676000 0.00000001322971332225 0.00000000099999999991 0.00000000099999999991 0.00000000099999999991
23 23 (0) 1 : 0.00000000099999999999 0.02532439755430338640 0.88421223478955512931 0.08788752066946246833 0.00257584598667898613
24 24 (0) 1 : 0.00000000100000000000 0.02931013207015795846 0.80763799447150241839 0.11254773665214082290 0.05050413580619890486
25 25 (0) 1 : 0.00000000099999999997 0.00000000099999999997 0.00000000099999999997 0.00000000099999999997 0.99999999600000000211
26 26 (0) 1 : 0.00000000099999999991 0.00000000099999999991 0.81055092893514391061 0.18757751903516972636 0.00187155002968634110
27 27 (0) 2 : 0.00000000099999999977 0.99999999600000000211 0.00000000099999999977 0.00000000099999999977 0.00000000099999999977
28 28 (0) 2 : 0.99999999600000011313 0.00000000099999999977 0.00000000099999999977 0.00000000099999999977 0.00000000099999999977
29 29 (0) 2 : 0.00000000099999999978 0.99999999600000000211 0.00000000099999999978 0.00000000099999999978 0.00000000099999999978
30 30 (0) 2 : 0.99999999600000000211 0.00000000099999999989 0.00000000099999999989 0.00000000099999999989 0.00000000099999999989
31 31 (0) 2 : 0.69376225098663357738 0.25062792018362128887 0.00000000099999999999 0.05560982682974514174 0.00000000099999999999
32 32 (0) 2 : 0.66853327415640739773 0.19103735754487455312 0.00000000099999999999 0.00000000099999999999 0.14042936629871807797
33 33 (0) 2 : 0.68401178951415841922 0.31598820748584166562 0.00000000099999999982 0.00000000099999999982 0.00000000099999999982
34 34 (0) 1 : 0.00000000099999999994 0.00000000099999999994 0.65992486469291944395 0.32690376058819597960 0.01317137271888450291
35 35 (0) 2 : 0.46771356595555974023 0.53228643104444028911 0.00000000099999999989 0.00000000099999999989 0.00000000099999999989
36 36 (0) 2 : 0.00000000099999999983 0.99999999600000000211 0.00000000099999999983 0.00000000099999999983 0.00000000099999999983
37 37 (0) 2 : 0.69261838987102364307 0.30738160712897644178 0.00000000099999999994 0.00000000099999999994 0.00000000099999999994
38 38 (0) 2 : 0.99999999600000011313 0.00000000099999999986 0.00000000099999999986 0.00000000099999999986 0.00000000099999999986
39 39 (0) 2 : 0.00000000099999999991 0.00000000099999999991 0.99964169582552153681 0.00000000099999999991 0.00035830117447854901
40 40 (0) 2 : 0.00000000099999999991 0.00000000099999999991 0.88735427135556921296 0.11264572564443070535 0.00000000099999999991
41 41 (0) 2 : 0.00000000099999999991 0.00000000099999999991 0.99999999600000000211 0.00000000099999999991 0.00000000099999999991
42 42 (0) 2 : 0.00000000099999999993 0.00000000099999999993 0.93719664801279467525 0.05730040561708878155 0.00550294437011655639
43 43 (0) 2 : 0.00000000099999999992 0.00000000099999999992 0.84607941602751601806 0.15296875147502347891 0.00095183049746050993
44 44 (0) 2 : 0.99999999600000011313 0.00000000099999999980 0.00000000099999999980 0.00000000099999999980 0.00000000099999999980
45 45 (0) 2 : 0.75521935869937484309 0.19618338153294170856 0.00000000099999999998 0.04859725776768341471 0.00000000099999999998
46 46 (0) 2 : 0.74966380862119508244 0.25033618837880478036 0.00000000099999999991 0.00000000099999999991 0.00000000099999999991
47 47 (0) 2 : 0.00000000099999999995 0.00000000099999999995 0.99711772786214403208 0.00288226913785601287 0.00000000099999999995
48 48 (0) 2 : 0.74604130676144464474 0.25395869023855538460 0.00000000099999999985 0.00000000099999999985 0.00000000099999999985
49 49 (0) 1 : 0.00000000099999999996 0.00000000099999999996 0.98918454208417938567 0.00174613283704352397 0.00906932307877717989
50 50 (0) 1 : 0.00000000099999999990 0.00000000099999999990 0.93838650378850974043 0.06161349321149021258 0.00000000099999999990
51 51 (0) 1 : 0.00000000099999999991 0.00000000099999999991 0.89044084713783666629 0.10955914986216316875 0.00000000099999999991
52 52 (0) 1 : 0.00000000099999999989 0.00000000099999999989 0.87992923207841711175 0.12007076492158273717 0.00000000099999999989
53 53 (0) 1 : 0.00000000099999999990 0.00000000099999999990 0.62724899692462654510 0.31952090317931736152 0.05323009789605614994
54 54 (0) 1 : 0.00000000099999999993 0.00000000099999999993 0.91907173315804835401 0.05395186978804835526 0.02697639505390314954
55 55 (0) 1 : 0.00000000099999999997 0.00000000099999999997 0.93988106994496678492 0.04879114095957425706 0.01132778709545906315
56 56 (0) 3 : 0.00000000099999999982 0.99999999600000000211 0.00000000099999999982 0.00000000099999999982 0.00000000099999999982
57 57 (0) 3 : 0.53570492629672128437 0.46429507070327868945 0.00000000099999999980 0.00000000099999999980 0.00000000099999999980
58 58 (0) 3 : 0.99999999600000011313 0.00000000099999999982 0.00000000099999999982 0.00000000099999999982 0.00000000099999999982
59 59 (0) 3 : 0.00000000099999999982 0.99999999600000011313 0.00000000099999999982 0.00000000099999999982 0.00000000099999999982
60 60 (0) 3 : 0.50108476440230009796 0.49891523259769987586 0.00000000099999999988 0.00000000099999999988 0.00000000099999999988
61 61 (0) 3 : 0.99999993826833510902 0.00000005873166481290 0.00000000099999999997 0.00000000099999999997 0.00000000099999999997
62 62 (0) 3 : 0.99999999600000011313 0.00000000099999999985 0.00000000099999999985 0.00000000099999999985 0.00000000099999999985
63 63 (0) 4 : 0.00000000099999999984 0.00000000099999999984 0.00000000099999999984 0.00000000099999999984 0.99999999599999989108
64 64 (0) 4 : 0.00000000099999999992 0.00000000099999999992 0.91475338300760877797 0.08524661399239116810 0.00000000099999999992
65 65 (0) 4 : 0.00000000099999999992 0.00000000099999999992 0.86275233034537546217 0.10532196204472435430 0.03192570560990013601
66 66 (0) 3 : 0.62813262083229515209 0.37186737616770482173 0.00000000099999999984 0.00000000099999999984 0.00000000099999999984
67 67 (0) 3 : 0.50462479298709761455 0.49537520401290241479 0.00000000099999999989 0.00000000099999999989 0.00000000099999999989
68 68 (0) 3 : 0.00000000099999999973 0.99999999600000000211 0.00000000099999999973 0.00000000099999999973 0.00000000099999999973
69 69 (0) 3 : 0.35285330208626120019 0.64714669491373888466 0.00000000099999999987 0.00000000099999999987 0.00000000099999999987
70 70 (0) 3 : 0.00000000099999999980 0.99999999600000011313 0.00000000099999999980 0.00000000099999999980 0.00000000099999999980
71 71 (0) 3 : 0.99999999600000000211 0.00000000099999999985 0.00000000099999999985 0.00000000099999999985 0.00000000099999999985
72 72 (0) 4 : 0.00000000099999999999 0.01439116419055486325 0.94937103816230350439 0.00000000099999999999 0.03623779564714171841
73 73 (0) 4 : 0.00000000099999999999 0.06518597188013010302 0.91418275785034974756 0.02063126826952019557 0.00000000099999999999
74 74 (0) 4 : 0.00000000099999999991 0.00000000099999999991 0.99999996072356744925 0.00000002656533994865 0.00000001071109265489
75 75 (0) 4 : 0.00000000099999999994 0.00000000099999999994 0.90625933342771081147 0.06916863075137325012 0.02457203382091583191
76 76 (0) 4 : 0.00000000099999999991 0.00000000099999999991 0.94621568754525575695 0.00679497233780266673 0.04698933811694167018
77 77 (0) 4 : 0.00000000099999999990 0.00000000099999999990 0.94550444331518990193 0.05449555368481000944 0.00000000099999999990
78 78 (0) 4 : 0.00000000099999999989 0.00000000099999999989 0.80029637207112824804 0.19970362492887164252 0.00000000099999999989
79 79 (0) 3 : 0.00000000099999999988 0.00000000099999999988 0.83231443558265949534 0.16768556141734042297 0.00000000099999999988
80 80 (0) 3 : 0.32768366660642689325 0.67231633039357308057 0.00000000099999999990 0.00000000099999999990 0.00000000099999999990
81 81 (0) 3 : 0.99998629687912921060 0.00001370012087087420 0.00000000099999999993 0.00000000099999999993 0.00000000099999999993
82 82 (0) 3 : 0.74843898039790002219 0.25156101660209984061 0.00000000099999999985 0.00000000099999999985 0.00000000099999999985
83 83 (0) 3 : 0.00000000099999999991 0.00000000099999999991 0.88544942755260946932 0.11455046121753549582 0.00000010922985512588
84 84 (0) 3 : 0.00000000099999999972 0.00000000099999999972 0.00000000099999999972 0.99999999600000000211 0.00000000099999999972
85 85 (0) 3 : 0.47447586296497729075 0.52552413403502273859 0.00000000099999999983 0.00000000099999999983 0.00000000099999999983
86 86 (0) 3 : 0.99999999600000011313 0.00000000099999999984 0.00000000099999999984 0.00000000099999999984 0.00000000099999999984
87 87 (0) 3 : 0.77412345469734855641 0.16439094251502389676 0.00000000099999999997 0.06148560078762747849 0.00000000099999999997
88 88 (0) 3 : 0.50431188280902849996 0.49568811419097147386 0.00000000099999999984 0.00000000099999999984 0.00000000099999999984
89 89 (0) 4 : 0.03886129937384384669 0.00000000100000000000 0.76793115492210861639 0.14055500463263032040 0.05265254007141718234
90 90 (0) 3 : 0.70949528626098368189 0.29050471073901629193 0.00000000099999999986 0.00000000099999999986 0.00000000099999999986
91 91 (0) 3 : 0.99999999600000000211 0.00000000099999999984 0.00000000099999999984 0.00000000099999999984 0.00000000099999999984
92 92 (0) 3 : 0.53239363233279435317 0.46760636466720562066 0.00000000099999999986 0.00000000099999999986 0.00000000099999999986
93 93 (0) 3 : 0.00000000099999999985 0.99999999600000011313 0.00000000099999999985 0.00000000099999999985 0.00000000099999999985
94 94 (0) 3 : 0.53420197195556051728 0.27860128053419752625 0.17424866947619155333 0.01294807703405049734 0.00000000100000000000
95 95 (0) 4 : 0.05104497704655578533 0.06946369360815267402 0.86198331831471364239 0.00000000100000000000 0.01750801003057797164
96 96 (0) 4 : 0.00000000099999999989 0.00000000099999999989 0.99999999599999989108 0.00000000099999999989 0.00000000099999999989
97 97 (0) 4 : 0.00000000099999999995 0.00000000099999999995 0.99999999600000000211 0.00000000099999999995 0.00000000099999999995
98 98 (0) 4 : 0.00000000100000000000 0.04222490194714881989 0.77398136062668654311 0.12853132762554952961 0.05526240880061502464
99 99 (0) 4 : 0.00000000099999999996 0.00000000099999999996 0.86868632926828348584 0.06862513864552312326 0.06268853008619326705
100 100 (0) 4 : 0.00000000099999999990 0.00000000099999999990 0.91411413785055062320 0.06228581219137894337 0.02360004795807035469
101 101 (0) 4 : 0.00000000099999999991 0.00000000099999999991 0.99999999599999989108 0.00000000099999999991 0.00000000099999999991
102 102 (0) 4 : 0.00000000099999999988 0.00000000099999999988 0.93077778676894407095 0.06922221023105577797 0.00000000099999999988
103 103 (0) 4 : 0.00000000099999999977 0.00000000099999999977 0.00000000099999999977 0.00000000099999999977 0.99999999600000000211
104 104 (0) 4 : 0.00000000099999999998 0.00000000099999999998 0.77928450648219182995 0.15681547179465143982 0.06390001972315668965
105 105 (0) 4 : 0.00000000099999999997 0.00000000099999999997 0.89263391542391790079 0.08763632641821536562 0.01972975615786665832
106 106 (0) 4 : 0.00000000100000000000 0.02043885062857968629 0.74959736719402192406 0.19847546023100604007 0.03148832094639238827
107 107 (0) 4 : 0.00000000099999999998 0.00000000099999999998 0.76204384072873287970 0.16439342159655490061 0.07356273567471217911
108 108 (0) 4 : 0.00000000099999999972 0.00000000099999999972 0.00000000099999999972 0.99999999600000000211 0.00000000099999999972
109 109 (0) 4 : 0.00000000099999999991 0.00000000099999999991 0.99999273661854848338 0.00000108330017771462 0.00000617808127375901
110 110 (0) 4 : 0.00000000099999999995 0.00000000099999999995 0.82215648937758811776 0.07155524278264206728 0.10628826583976981601
111 111 (0) 4 : 0.00000000099999999978 0.00000000099999999978 0.00000000099999999978 0.00000000099999999978 0.99999999600000000211
112 112 (0) 4 : 0.00000000099999999987 0.00000000099999999987 0.00000000099999999987 0.00000000099999999987 0.99999999599999989108
113 113 (0) 4 : 0.00000054120299558904 0.99999945579700444398 0.00000000099999999982 0.00000000099999999982 0.00000000099999999982
114 114 (0) 4 : 0.00000000099999999998 0.00000000099999999998 0.89691873092643936705 0.09639395294704085349 0.00668731412651979700
115 115 (0) 4 : 0.00000000099999999990 0.00000000099999999990 0.83943056023047568637 0.16056943676952425970 0.00000000099999999990
116 116 (0) 4 : 0.00000000099999999979 0.00000000099999999979 0.00000000099999999979 0.99999999599999989108 0.00000000099999999979
1 1 (0) 1 : 0.83065205400885711029 0.00000000099999999996 0.07115670191119366494 0.09819124207994919806 0.00000000099999999996
2 2 (0) 1 : 0.93439753682247739253 0.00000000099999999998 0.06560246017752259517 0.00000000099999999998 0.00000000099999999998
3 3 (0) 1 : 0.00000000099999999979 0.00000000099999999979 0.99999999600000000211 0.00000000099999999979 0.00000000099999999979
4 4 (0) 1 : 0.96791782541095017223 0.00000000099999999994 0.03208217158904989874 0.00000000099999999994 0.00000000099999999994
5 5 (0) 1 : 0.81736126398156483397 0.00000000099999999991 0.00000000099999999991 0.18263873301843527863 0.00000000099999999991
6 6 (0) 1 : 0.79461284462212422586 0.00000000099999999991 0.20538715237787588674 0.00000000099999999991 0.00000000099999999991
7 7 (0) 1 : 0.99999999600000000211 0.00000000099999999987 0.00000000099999999987 0.00000000099999999987 0.00000000099999999987
8 8 (0) 1 : 0.99999999600000011313 0.00000000099999999989 0.00000000099999999989 0.00000000099999999989 0.00000000099999999989
9 9 (0) 1 : 0.00000000099999999978 0.00000000099999999978 0.99999999599999989108 0.00000000099999999978 0.00000000099999999978
10 10 (0) 1 : 0.76450725419249210280 0.00000000099999999993 0.06543584582683149853 0.17005689798067630258 0.00000000099999999993
11 11 (0) 1 : 0.82806233109406846005 0.00000000099999999996 0.00000000099999999996 0.17193766590593156929 0.00000000099999999996
12 12 (0) 1 : 0.99999999600000000211 0.00000000099999999989 0.00000000099999999989 0.00000000099999999989 0.00000000099999999989
13 13 (0) 1 : 0.95543993612297906104 0.00000000099999999992 0.04456006087702100993 0.00000000099999999992 0.00000000099999999992
14 14 (0) 1 : 0.77416371568791986224 0.00000000099999999989 0.00000000099999999989 0.22583628131208019485 0.00000000099999999989
15 15 (0) 2 : 0.99999999600000011313 0.00000000099999999988 0.00000000099999999988 0.00000000099999999988 0.00000000099999999988
16 16 (0) 2 : 0.00000000099999999987 0.09453201452877937894 0.00000000099999999987 0.00000000099999999987 0.90546798247122062264
17 17 (0) 2 : 0.00000000099999999993 0.00000000099999999993 0.00000000099999999993 0.00000000099999999993 0.99999999599999989108
18 18 (0) 2 : 0.00000000099999999982 0.21201743929250993492 0.00000000099999999982 0.00000000099999999982 0.78798255770749003890
19 19 (0) 2 : 0.00000000099999999984 0.08090473578497867080 0.00000000099999999984 0.00000000099999999984 0.91909526121502127527
20 20 (0) 2 : 0.00000000099999999999 0.08683383317471443652 0.00000000099999999999 0.01840826251022217169 0.89475790231506335815
21 21 (0) 2 : 0.00000000099999999983 0.08846674902764153914 0.00000000099999999983 0.00000000099999999983 0.91153324797235846244
22 22 (0) 2 : 0.00000000099999999992 0.28035588066374739213 0.00000000099999999992 0.00000000099999999992 0.71964411633625247067
23 23 (0) 1 : 0.83656240545222315674 0.02837227063493622664 0.00000326679758283052 0.13506205611525784471 0.00000000099999999999
24 24 (0) 1 : 0.72989013040623207385 0.00000000100000000000 0.04716074873188746963 0.19414894354231998497 0.02880017631956062127
25 25 (0) 1 : 0.00000000099999999997 0.00000000099999999997 0.99999999599999989108 0.00000000099999999997 0.00000000099999999997
26 26 (0) 1 : 0.80984373468713211075 0.00000000099999999991 0.00847746842716403173 0.18167879488570384816 0.00000000099999999991
27 27 (0) 2 : 0.00000000099999999959 0.99999999600000011313 0.00000000099999999959 0.00000000099999999959 0.00000000099999999959
28 28 (0) 2 : 0.00000000099999999980 0.04058909025429921491 0.00000000099999999980 0.00000000099999999980 0.95941090674570073116
29 29 (0) 2 : 0.00000000099999999983 0.21051443347595980016 0.00000000099999999983 0.00000000099999999983 0.78948556352404020142
30 30 (0) 2 : 0.00000000099999999992 0.00000000099999999992 0.00000000099999999992 0.00000000099999999992 0.99999999600000000211
31 31 (0) 2 : 0.00000000099999999999 0.00000000099999999999 0.00000000099999999999 0.05232008123690377183 0.94767991576309618118
32 32 (0) 2 : 0.00000000099999999999 0.09191814178798868307 0.14108186642536163502 0.00000000099999999999 0.76699998978664962745
33 33 (0) 2 : 0.00000000099999999982 0.11830545024412277011 0.00000000099999999982 0.00000000099999999982 0.88169454675587732861
34 34 (0) 1 : 0.00000000099999999985 0.00000000099999999985 0.00000000099999999985 0.99999999600000000211 0.00000000099999999985
35 35 (0) 2 : 0.00000000099999999988 0.00000000099999999988 0.00000000099999999988 0.00000000099999999988 0.99999999600000000211
36 36 (0) 2 : 0.00000000099999999986 0.11611780497020007807 0.00000000099999999986 0.00000000099999999986 0.88388219202980000677
37 37 (0) 2 : 0.00000000099999999992 0.31065712204365059090 0.00000000099999999992 0.00000000099999999992 0.68934287495634938292
38 38 (0) 2 : 0.00000000099999999990 0.00000000099999999990 0.00000000099999999990 0.00000000099999999990 0.99999999600000000211
39 39 (0) 2 : 0.99999999600000011313 0.00000000099999999990 0.00000000099999999990 0.00000000099999999990 0.00000000099999999990
40 40 (0) 2 : 0.74167832472027106494 0.00000000099999999990 0.00000000099999999990 0.25832167227972890888 0.00000000099999999990
41 41 (0) 2 : 0.99999656740045816949 0.00000000099999999992 0.00000000099999999992 0.00000342959954188780 0.00000000099999999992
42 42 (0) 2 : 0.86649002443908518245 0.00000000099999999994 0.00729977488881300776 0.12621019867210175880 0.00000000099999999994
43 43 (0) 2 : 0.77377897780582904907 0.00000000099999999992 0.00000070799062288055 0.22622031220354815728 0.00000000099999999992
44 44 (0) 2 : 0.00000000099999999982 0.00751144935856873797 0.00000000099999999982 0.00000000099999999982 0.99248854764143135121
45 45 (0) 2 : 0.00000000099999999998 0.03344746315189009445 0.00000000099999999998 0.04751941064777517182 0.91903312420033478336
46 46 (0) 2 : 0.00000000099999999990 0.00000000099999999990 0.00000000099999999990 0.00000000099999999990 0.99999999600000000211
47 47 (0) 2 : 0.73811296936026848936 0.00000000099999999995 0.00000000099999999995 0.26188702763973159549 0.00000000099999999995
48 48 (0) 2 : 0.00000000099999999985 0.08875955305644163407 0.00000000099999999985 0.00000000099999999985 0.91124044394355840915
49 49 (0) 1 : 0.98383801411633720058 0.00000000099999999996 0.01616198288366284264 0.00000000099999999996 0.00000000099999999996
50 50 (0) 1 : 0.83805432376732014177 0.00000000099999999990 0.00000000099999999990 0.16194567323267972103 0.00000000099999999990
51 51 (0) 1 : 0.63878282927723417650 0.00000000099999999990 0.00000000099999999990 0.36121716772276579732 0.00000000099999999990
52 52 (0) 1 : 0.77747333591647693751 0.00000000099999999988 0.00000000099999999988 0.22252666108352311958 0.00000000099999999988
53 53 (0) 1 : 0.47453206116553259264 0.00000000099999999989 0.04151032830863168877 0.48395760852583558087 0.00000000099999999989
54 54 (0) 1 : 0.82879266608711488207 0.00000000099999999992 0.02904952437586620292 0.14215780753701892647 0.00000000099999999992
55 55 (0) 1 : 0.99530716690545961711 0.00000000099999999996 0.00469283009454032202 0.00000000099999999996 0.00000000099999999996
56 56 (0) 3 : 0.00000000099999999987 0.28214084326681010406 0.00000000099999999987 0.00000000099999999987 0.71785915373318964772
57 57 (0) 3 : 0.00000000099999999980 0.00000000099999999980 0.00000000099999999980 0.00000000099999999980 0.99999999599999989108
58 58 (0) 3 : 0.00000000099999999985 0.04315727699404157264 0.00000000099999999985 0.00000000099999999985 0.95684272000595838037
59 59 (0) 3 : 0.00000000099999999987 0.10745478264684750480 0.00000000099999999987 0.00000000099999999987 0.89254521435315248290
60 60 (0) 3 : 0.00000000099999999988 0.22552678098966300047 0.00000000099999999988 0.00000000099999999988 0.77447321601033691785
61 61 (0) 3 : 0.00000000099999999999 0.18727422538208843283 0.00000000099999999999 0.00000000099999999999 0.81272577161791159650
62 62 (0) 3 : 0.00000000099999999986 0.00000000099999999986 0.00000000099999999986 0.00000000099999999986 0.99999999599999989108
63 63 (0) 4 : 0.00000000099999999984 0.00000000099999999984 0.99999999600000000211 0.00000000099999999984 0.00000000099999999984
64 64 (0) 4 : 0.82815025399400532535 0.00000000099999999992 0.00000000099999999992 0.17184974300599470398 0.00000000099999999992
65 65 (0) 4 : 0.55244516911187513397 0.00000000099999999990 0.02698854883098436575 0.42056628005714041807 0.00000000099999999990
66 66 (0) 3 : 0.00000000099999999984 0.01163298221014581399 0.00000000099999999984 0.00000000099999999984 0.98836701478985422575
67 67 (0) 3 : 0.00000000099999999989 0.04442274510526342951 0.00000000099999999989 0.00000000099999999989 0.95557725189473652350
68 68 (0) 3 : 0.00000000099999999960 0.99999999600000011313 0.00000000099999999960 0.00000000099999999960 0.00000000099999999960
69 69 (0) 3 : 0.00000000099999999986 0.24889556764073611506 0.00000000099999999986 0.00000000099999999986 0.75110442935926391428
70 70 (0) 3 : 0.00000000099999999981 0.00000000099999999981 0.00000000099999999981 0.00000000099999999981 0.99999999599999989108
71 71 (0) 3 : 0.00000000099999999986 0.28878552890661324248 0.00000000099999999986 0.00000000099999999986 0.71121446809338662032
72 72 (0) 4 : 0.82318656688205893435 0.01355234483630113340 0.04150550422080928614 0.12175558306083060500 0.00000000100000000000
73 73 (0) 4 : 0.87809270976611042414 0.00012394728517014901 0.00000000100000000000 0.05897952962917208525 0.06280381231954740295
74 74 (0) 4 : 0.99999999117609850163 0.00000000099999999990 0.00000000099999999990 0.00000000582390143396 0.00000000099999999990
75 75 (0) 4 : 0.73154533755034534259 0.00000000099999999994 0.02349248578316485633 0.24496217466648967376 0.00000000099999999994
76 76 (0) 4 : 0.97600763524357858625 0.00000000099999999990 0.02399236175642143268 0.00000000099999999990 0.00000000099999999990
77 77 (0) 4 : 0.89077383581854840955 0.00000000099999999990 0.00000000099999999990 0.10922616118145167530 0.00000000099999999990
78 78 (0) 4 : 0.81980746402559345754 0.00000000099999999989 0.00000000099999999989 0.18019253297440648853 0.00000000099999999989
79 79 (0) 3 : 0.67995525210037166541 0.00000000099999999988 0.00000000099999999988 0.32004474489962819739 0.00000000099999999988
80 80 (0) 3 : 0.00000000099999999991 0.08491889706440479413 0.00000000099999999991 0.00000000099999999991 0.91508109993559527684
81 81 (0) 3 : 0.00000000099999999997 0.00000000099999999997 0.00000000099999999997 0.00000000099999999997 0.99999999600000000211
82 82 (0) 3 : 0.00000000099999999985 0.18431983282760325271 0.00000000099999999985 0.00000000099999999985 0.81568016417239674887
83 83 (0) 3 : 0.87468135405418778738 0.00000000099999999990 0.00000000099999999990 0.12531864294581221420 0.00000000099999999990
84 84 (0) 3 : 0.00000000099999999975 0.00000000099999999975 0.00000000099999999975 0.99999999600000000211 0.00000000099999999975
85 85 (0) 3 : 0.00000000099999999983 0.00000000099999999983 0.00000000099999999983 0.00000000099999999983 0.99999999599999989108
86 86 (0) 3 : 0.00000000099999999986 0.00000000099999999986 0.00000000099999999986 0.00000000099999999986 0.99999999600000000211
87 87 (0) 3 : 0.00000000099999999999 0.16411989367382626148 0.00000000099999999999 0.05853238850111969899 0.77734771582505390874
88 88 (0) 3 : 0.00000000099999999984 0.02964982665847305104 0.00000000099999999984 0.00000000099999999984 0.97035017034152692972
89 89 (0) 4 : 0.74856530537311671836 0.04096499454964611792 0.04708170221889296236 0.16338799685834415332 0.00000000100000000000
90 90 (0) 3 : 0.00000000099999999986 0.00000000099999999986 0.00000000099999999986 0.00000000099999999986 0.99999999600000000211
91 91 (0) 3 : 0.00000000099999999988 0.02160677634891738919 0.00000000099999999988 0.00000000099999999988 0.97839322065108269566
92 92 (0) 3 : 0.00000000099999999972 0.99999999600000011313 0.00000000099999999972 0.00000000099999999972 0.00000000099999999972
93 93 (0) 3 : 0.00000000099999999994 0.04490779204097435778 0.00000000099999999994 0.00000000099999999994 0.95509220495902558135
94 94 (0) 3 : 0.00000000099999999999 0.00000000099999999999 0.00000000099999999999 0.18422414193408076510 0.81577585506591920872
95 95 (0) 4 : 0.75351033459525240676 0.00000851947350391556 0.01626826501317988824 0.11122608714018385190 0.11898679377788005940
96 96 (0) 4 : 0.99999999600000000211 0.00000000099999999989 0.00000000099999999989 0.00000000099999999989 0.00000000099999999989
97 97 (0) 4 : 0.91898125257226437324 0.00000000099999999996 0.00000000099999999996 0.08101874442773568386 0.00000000099999999996
98 98 (0) 4 : 0.73748419088136929478 0.00000000099999999999 0.06166959491471910026 0.15929360015674853823 0.04155261304716326848
99 99 (0) 4 : 0.65932090954838962205 0.00000000099999999995 0.05090701642108542285 0.28977207203052490758 0.00000000099999999995
100 100 (0) 4 : 0.80679774996814734855 0.00000000099999999990 0.02059179654313146590 0.17261045148872114496 0.00000000099999999990
101 101 (0) 4 : 0.86053304352282433687 0.00000000099999999991 0.00000000099999999991 0.13946695347717560920 0.00000000099999999991
102 102 (0) 4 : 0.87467562765991302420 0.00000000099999999988 0.00000000099999999988 0.12532436934008706064 0.00000000099999999988
103 103 (0) 4 : 0.00000000099999999977 0.00000000099999999977 0.99999999599999989108 0.00000000099999999977 0.00000000099999999977
104 104 (0) 4 : 0.92776646798488004997 0.00000000099999999998 0.07223352901511990998 0.00000000099999999998 0.00000000099999999998
105 105 (0) 4 : 0.81993574590267892521 0.00000000099999999998 0.02218794026817583892 0.15787631182914532713 0.00000000099999999998
106 106 (0) 4 : 0.00000000099999999995 0.00000000099999999995 0.00000000099999999995 0.99999999600000000211 0.00000000099999999995
107 107 (0) 4 : 0.88311442918433924465 0.00000000099999999998 0.06311069859281555339 0.05377487022284521689 0.00000000099999999998
108 108 (0) 4 : 0.00000000099999999974 0.00000000099999999974 0.00000000099999999974 0.99999999600000000211 0.00000000099999999974
109 109 (0) 4 : 0.99999999600000000211 0.00000000099999999990 0.00000000099999999990 0.00000000099999999990 0.00000000099999999990
110 110 (0) 4 : 0.64508065056256314040 0.00000000099999999994 0.10663011291487761723 0.24828923452255921567 0.00000000099999999994
111 111 (0) 4 : 0.00000000099999999978 0.00000000099999999978 0.99999999599999989108 0.00000000099999999978 0.00000000099999999978
112 112 (0) 4 : 0.00000000099999999987 0.00000000099999999987 0.99999999599999989108 0.00000000099999999987 0.00000000099999999987
113 113 (0) 4 : 0.00000000099999999985 0.00001888026270056340 0.00000000099999999985 0.00000000099999999985 0.99998111673729950244
114 114 (0) 4 : 0.83390675935281188824 0.00000000099999999998 0.00653965808309436240 0.15955358056409374434 0.00000000099999999998
115 115 (0) 4 : 0.82369469874983847202 0.00000000099999999990 0.00000000099999999990 0.17630529825016147405 0.00000000099999999990
116 116 (0) 4 : 0.70192161089940707797 0.00000000099999999992 0.00005494961399029767 0.29802343748660270473 0.00000000099999999992
