1 1 (0) 1 : 0.27081375970313270596 0.21290576197627131272 0.51628047832059609235
2 2 (0) 1 : 0.38330202380785027838 0.36467084571054553255 0.25202713048160418907
3 3 (0) 2 : 0.55025161065967054252 0.00000000100000000000 0.44974838834032948576
4 4 (0) 2 : 0.40656173206626744498 0.07508518419833511148 0.51835308373539745741
5 5 (0) 2 : 0.32637146788466153691 0.50436522000687145084 0.16926331210846692898
6 6 (0) 2 : 0.46083462328999519331 0.13493117231702189684 0.40423420439298302087
7 7 (0) 2 : 0.00000000100000000000 0.99999999800000005656 0.00000000100000000000
8 8 (0) 2 : 0.47430689931772884727 0.26386385364625786210 0.26182924703601323513
9 9 (0) 2 : 0.23351128310530228083 0.76648871589469780297 0.00000000100000000000
10 10 (0) 2 : 0.29957113331505269560 0.50269300683798723295 0.19773585984696021023
11 11 (0) 2 : 0.40390517959849109308 0.38590360398295264766 0.21019121641855614824
12 12 (0) 2 : 0.49391524469981384904 0.00000000100000000000 0.50608475430018595720
13 13 (0) 2 : 0.00000000099999999999 0.99999999800000005656 0.00000000099999999999
14 14 (0) 2 : 0.44835596764357305011 0.55164403135642692266 0.00000000100000000000
15 15 (0) 2 : 0.35151945872073181443 0.49322476513545082666 0.15525577614381722014
16 16 (0) 2 : 0.00000095901052599836 0.48124812317819648522 0.51875091781127757873
17 17 (0) 2 : 0.00000000100000000000 0.73600889035086558554 0.26399110864913438723
18 18 (0) 2 : 0.28110628495437650631 0.27469206823623665281 0.44420164680938689639
19 19 (0) 2 : 0.37091489353109763361 0.52791945837299969480 0.10116564809590271323
20 20 (0) 2 : 0.00000000100000000000 0.54251981097753099181 0.45748018802246903647
21 21 (0) 2 : 0.50287823360999694966 0.49712176539000291209 0.00000000100000000000
22 22 (0) 2 : 0.28951005047393191250 0.41611850904916231064 0.29437144047690566584
23 23 (0) 2 : 0.28296916618858636294 0.71693582919290055333 0.00009500461851316664
24 24 (0) 2 : 0.31910201634997353848 0.40773933628827813136 0.27315864736174821914
25 25 (0) 2 : 0.00000000099999999999 0.00000000099999999999 0.99999999800000005656
26 26 (0) 2 : 0.34644745373588065052 0.27048600146884665962 0.38306654479527280088
27 27 (0) 2 : 0.40644292325095937590 0.22848897915205099163 0.36506809759698960471
28 28 (0) 2 : 0.51248617236714499867 0.13775310289305081612 0.34976072473980418520
29 29 (0) 2 : 0.35350456161460647175 0.37466903777901000572 0.27182640060638346702
30 30 (0) 3 : 0.47925028102589328771 0.00000000100000000000 0.52074971797410662955
31 31 (0) 3 : 0.00007811232614730730 0.99992188667385262235 0.00000000100000000000
32 32 (0) 3 : 0.36526836152496011678 0.27423553487940149909 0.36049610359563838413
33 33 (0) 3 : 0.31246911520522407946 0.32603366729682797809 0.36149721749794805348
34 34 (0) 3 : 0.22317399368764051504 0.64104836981797197470 0.13577763649438751026
35 35 (0) 3 : 0.49969329179489119230 0.21090255772456395489 0.28940415048054479730
36 36 (0) 3 : 0.56026685324924152543 0.43973314575075839183 0.00000000100000000000
37 37 (0) 3 : 0.44576809316980425812 0.36132390170014666575 0.19290800513004907613
38 38 (0) 3 : 0.00000000099999999999 0.00000000099999999999 0.99999999800000005656
39 39 (0) 3 : 0.55421035782277539017 0.24243812462630623394 0.20335151755091829262
40 40 (0) 3 : 0.16507688431133818452 0.38456995854343895003 0.45035315714522272668
41 41 (0) 3 : 0.49559133494106744067 0.00000000100000000000 0.50440866405893247659
42 42 (0) 3 : 0.60197747768504161758 0.31750405874581200116 0.08051846356914635350
43 43 (0) 3 : 0.67714663145188713766 0.11189966305295634408 0.21095370549515651826
44 44 (0) 3 : 0.31900083413177521274 0.34128442438069089837 0.33971474148753399991
45 45 (0) 3 : 0.13582082987778323901 0.32129348574345184542 0.54288568437876483230
46 46 (0) 3 : 0.27991685247852793328 0.51566092884787795292 0.20442221867359405829
47 47 (0) 3 : 0.00000000100000000000 0.99999999501191938478 0.00000000398808072120
48 48 (0) 3 : 0.28976747029646826581 0.22486193731798395645 0.48537059238554780549
49 49 (0) 3 : 0.28626337704036597387 0.21123265311016886647 0.50250396984946510415
50 50 (0) 3 : 0.99999999800000005656 0.00000000099999999999 0.00000000099999999999
51 51 (0) 3 : 0.20949859629035685882 0.56683740363359758074 0.22366400007604567146
52 52 (0) 3 : 0.42316618257268956427 0.56214808350999134756 0.01468573391731913154
53 53 (0) 3 : 0.29743315347250509628 0.25072161099841494547 0.45184523552908006927
54 54 (0) 3 : 0.31841905037391815547 0.32297456109526850865 0.35860638853081328037
55 55 (0) 3 : 0.38332842959721380449 0.37215611643371082629 0.24451545396907536922
56 56 (0) 3 : 0.35985601405080253068 0.48625499405229943850 0.15388899189689791980
57 57 (0) 3 : 0.13491074295706270703 0.48157514834114883984 0.38351410870178859192
58 58 (0) 3 : 0.44372207698561755285 0.00000114976577676466 0.55627677324860569374
59 59 (0) 3 : 0.47094966920600006555 0.00000000100000000000 0.52905032979399990722
60 60 (0) 4 : 0.15191373042803421600 0.33579310923176575177 0.51229316034020000448
61 61 (0) 4 : 0.10777406785096901864 0.48689453278737859776 0.40533139936165241135
62 62 (0) 4 : 0.35000139695197757250 0.00000000100000000000 0.64999860204802251129
63 63 (0) 4 : 0.41751568581755971188 0.34085491145439283933 0.24162940272804742103
64 64 (0) 4 : 0.00000000100000000000 0.66557646932060565703 0.33442352967939431574
65 65 (0) 4 : 0.18702614643452278309 0.70012474439513183722 0.11284910917034542133
66 66 (0) 4 : 0.28417972242918559944 0.47092279689697941203 0.24489748067383493302
67 67 (0) 4 : 0.00000000100000000000 0.57359338979027274519 0.42640660920972717207
68 68 (0) 4 : 0.26129470214871264311 0.53313376265123424425 0.20557153520005308489
69 69 (0) 4 : 0.31676838452648820033 0.43006750830177375988 0.25316410717173809530
70 70 (0) 4 : 0.99999999800000005656 0.00000000099999999999 0.00000000099999999999
71 71 (0) 1 : 0.00000000099999999999 0.99999999800000005656 0.00000000099999999999
72 72 (0) 1 : 0.30103979739841174590 0.00000000830681961676 0.69896019429476863305
73 73 (0) 1 : 0.55249454242221929245 0.12368207116292445624 0.32382338641485625130
74 74 (0) 1 : 0.58988141637016611174 0.41011858262983391654 0.00000000100000000000
75 75 (0) 1 : 0.38295500708107443888 0.45594512865796821277 0.16109986426095737611
76 76 (0) 1 : 0.57262549029857201521 0.18056249268589244505 0.24681201701553556749
77 77 (0) 1 : 0.00000000099999999999 0.00000000099999999999 0.99999999799999994554
78 78 (0) 1 : 0.49411119773782274933 0.22110417221875922067 0.28478463004341808551
79 79 (0) 1 : 0.21662856802541829992 0.36548285067099534063 0.41788858130358647047
80 80 (0) 1 : 0.00000000100000000000 0.99999999800000005656 0.00000000100000000000
81 81 (0) 1 : 0.83688711421173445082 0.00000000100000000000 0.16311288478826549420
82 82 (0) 1 : 0.16928346531059473845 0.54528415360035686898 0.28543238108904833705
83 83 (0) 1 : 0.25007246576585462350 0.50098042062187941870 0.24894711361226593005
84 84 (0) 1 : 0.42018621726084026680 0.57981378173915976149 0.00000000100000000000
85 85 (0) 1 : 0.37777540755136007622 0.36895566739889462671 0.25326892504974540810
86 86 (0) 1 : 0.23250375411755128119 0.32587928623313006105 0.44161695964931863001
87 87 (0) 1 : 0.50098614195420809736 0.00000000100000000000 0.49901385704579187541
88 88 (0) 1 : 0.25579750123089878278 0.48310203487314395954 0.26110046389595720218
89 89 (0) 1 : 0.00000000099999999999 0.00000000099999999999 0.99999999800000005656
90 90 (0) 1 : 0.26310175516413258912 0.35853837118093057068 0.37835987365493689571
91 91 (0) 1 : 0.00000000099999999999 0.99999999800000005656 0.00000000099999999999
92 92 (0) 1 : 0.47191357319571947126 0.44095047974131884594 0.08713594706296154402
93 93 (0) 1 : 0.44122554682028286566 0.16414104539271379135 0.39463340778700323197
94 94 (0) 1 : 0.00000000100000000000 0.71885763833916993537 0.28114236066083014842
95 95 (0) 1 : 0.00000000099999999999 0.99999999800000005656 0.00000000099999999999
96 96 (0) 1 : 0.12290851942407038377 0.66305730946091023803 0.21403417111501940595
97 97 (0) 1 : 0.49974987927165165358 0.36009229115188623460 0.14015782957646205631
98 98 (0) 1 : 0.34126589800372780781 0.34375628208034186839 0.31497781991593032380
99 99 (0) 4 : 0.25243552924375040059 0.63203970122065911141 0.11552476953559046025
100 100 (0) 4 : 0.39010204111970064877 0.47483384984037285692 0.13506410903992660533
101 101 (0) 5 : 0.39362373330995065190 0.45386515541518596129 0.15251111127486330354
102 102 (0) 5 : 0.99999999799999994554 0.00000000099999999999 0.00000000099999999999
103 103 (0) 5 : 0.37073616936204045746 0.27947557049091387160 0.34978826014704567093
104 104 (0) 5 : 0.67980588920814766229 0.00000000100000000000 0.32019410979185236599
105 105 (0) 5 : 0.00000000099999999999 0.00000000099999999999 0.99999999799999994554
106 106 (0) 4 : 0.44234588947331193731 0.15193070361413604785 0.40572340691255187606
107 107 (0) 4 : 0.48192419666163194281 0.39173854648120304267 0.12633725685716509779
108 108 (0) 4 : 0.45428436068608873954 0.01957071651986872288 0.52614492279404256880
109 109 (0) 4 : 0.47587048160165018595 0.00000006995410609818 0.52412944844424380619
110 110 (0) 4 : 0.77125259566138404388 0.00000000100000000000 0.22874740333861584562
111 111 (0) 5 : 0.00000000099999999999 0.00000000099999999999 0.99999999799999994554
112 112 (0) 5 : 0.19688865934149307746 0.48330611724481259417 0.31980522341369443939
113 113 (0) 5 : 0.32026114479284384373 0.40276979499005144403 0.27696906021710460122
114 114 (0) 5 : 0.72797568577122562239 0.27202431322877440589 0.00000000100000000000
115 115 (0) 5 : 0.51189899229070634501 0.03203174125207781942 0.45606926645721579394
116 116 (0) 5 : 0.47043476101896330999 0.23177118890060124934 0.29779405008043541292
117 117 (0) 4 : 0.36532208163428331327 0.63467791736571665950 0.00000000100000000000
118 118 (0) 4 : 0.00000000099999999999 0.00000000099999999999 0.99999999800000005656
119 119 (0) 4 : 0.32628298788571263866 0.67371701111428727859 0.00000000100000000000
120 120 (0) 4 : 0.47383121533308603102 0.20458545803206781843 0.32158332663484623382
121 121 (0) 4 : 0.62153138898273252444 0.06836707310490697242 0.31010153791236055865
122 122 (0) 4 : 0.00000000100000000000 0.54374920438179386029 0.45625079461820611249
123 123 (0) 4 : 0.00000000100000000000 0.45667906988473727647 0.54332092911526264079
124 124 (0) 4 : 0.00000000100000000000 0.91989701430040360375 0.08010298469959648004
125 125 (0) 5 : 0.00000000099999999999 0.99999999800000005656 0.00000000099999999999
126 126 (0) 5 : 0.36998444832916072000 0.10691975821207484743 0.52309579345876433543
127 127 (0) 5 : 0.68863174129009141478 0.00000000100000000000 0.31136825770990861351
128 128 (0) 5 : 0.27905876619163072494 0.24976096105155939919 0.47118027275680979260
129 129 (0) 5 : 0.56725829357191182023 0.12447332530571045273 0.30826838112237775480
130 130 (0) 5 : 0.36330697602978528904 0.27617563468309014318 0.36051738928712462329
131 131 (0) 5 : 0.27197606518128414343 0.38282402259778103293 0.34519991222093476813
132 132 (0) 5 : 0.19147428005748570734 0.33281530389499025535 0.47571041604752400955
133 133 (0) 5 : 0.52996459607957224769 0.00000000100000000000 0.47003540292042766957
134 134 (0) 5 : 0.00000000100000000000 0.54514989909731803586 0.45485009990268193691
135 135 (0) 5 : 0.99999999799999994554 0.00000000099999999999 0.00000000099999999999
136 136 (0) 5 : 0.52748840559870235900 0.00000000100000000000 0.47251159340129761377
137 137 (0) 5 : 0.36684609929098993542 0.40294126149222198041 0.23021263921678813968
138 138 (0) 5 : 0.41109779758139325390 0.46535714066740280215 0.12354506175120394396
139 139 (0) 5 : 0.56280359192336903984 0.00000000100000000000 0.43719640707663098844
140 140 (0) 5 : 0.49289632625937890298 0.11771968810813525363 0.38938398563248588502
141 141 (0) 5 : 0.34278923374354947073 0.57748119353890159378 0.07972957271754904651
142 142 (0) 5 : 0.00000000100000000000 0.00000000100000000000 0.99999999800000005656
143 143 (0) 5 : 0.53604100012534727782 0.42476837944459827634 0.03919062043005442503
144 144 (0) 6 : 0.30044308309534256685 0.31253426146319518431 0.38702265544146219334
145 145 (0) 6 : 0.59687797551283283681 0.07988900810110124984 0.32323301638606594111
146 146 (0) 6 : 0.19069524517885205750 0.37033079761905490779 0.43897395720209303471
147 147 (0) 6 : 0.50370488559568915576 0.06183144868559639629 0.43446366571871447571
148 148 (0) 6 : 0.58884414715533395235 0.18868195691331771102 0.22247389593134836439
149 149 (0) 6 : 0.17947047908365729163 0.52964144277604419120 0.29088807814029860044
150 150 (0) 6 : 0.59755505448772761046 0.00000000100000000000 0.40244494451227247334
151 151 (0) 6 : 0.00000000100000000000 0.00000000100000000000 0.99999999800000005656
152 152 (0) 6 : 0.37424388770567101892 0.62575611129432895385 0.00000000100000000000
153 153 (0) 6 : 0.51552327844952228197 0.09271687321361694878 0.39175984833686089415
154 154 (0) 6 : 0.27749478471198052443 0.44453426257179845527 0.27797095271622102031
155 155 (0) 6 : 0.55655088472252356446 0.00000000100000000000 0.44344911427747651933
156 156 (0) 6 : 0.45461769895604486891 0.21243180022082744363 0.33295050082312777073
157 157 (0) 6 : 0.20154001864425441504 0.57592366516081150429 0.22253631619493410843
158 158 (0) 6 : 0.26644235706533547781 0.17379043555794035369 0.55976720737672414074
159 159 (0) 6 : 0.30698339077278596898 0.48673087894638755735 0.20628573028082647367
160 160 (0) 6 : 0.30429628916156364893 0.26744751216897605373 0.42825619866946024183
161 161 (0) 6 : 0.99999999800000005656 0.00000000100000000000 0.00000000100000000000
162 162 (0) 6 : 0.99999999799999994554 0.00000000099999999999 0.00000000099999999999
163 163 (0) 6 : 0.00000000099999999999 0.00000000099999999999 0.99999999800000005656
164 164 (0) 6 : 0.60480349022957380356 0.16034076707347319490 0.23485574269695305705
165 165 (0) 6 : 0.28447631851897464683 0.46214443568484470104 0.25337924579618059662
166 166 (0) 6 : 0.27185342871578022095 0.59344512058110954200 0.13470145070311018154
167 167 (0) 6 : 0.00000000100000000000 0.47088018295891842513 0.52911981604108149213
168 168 (0) 6 : 0.27824478618605719138 0.52128882129875031559 0.20046639251519249303
169 169 (0) 6 : 0.26815900427617639368 0.32381616588210943020 0.40802482984171417613
170 170 (0) 6 : 0.30932498424412396831 0.18423645120536533137 0.50643856455051072807
171 171 (0) 6 : 0.34414310183706403601 0.23525469374341670403 0.42060220441951917669
172 172 (0) 4 : 0.18702580092159509784 0.34814375228781174743 0.46483044679059309923
173 173 (0) 4 : 0.99999999769167913222 0.00000000130832080910 0.00000000100000000000
174 174 (0) 7 : 0.55679486021393465034 0.35972606381107186113 0.08347907597499346077
175 175 (0) 7 : 0.00000000099999999999 0.99999999800000005656 0.00000000099999999999
176 176 (0) 7 : 0.51784839760355616534 0.03193415257210342056 0.45021744982434047655
177 177 (0) 7 : 0.23615348564467761316 0.76384651335532238736 0.00000000100000000000
178 178 (0) 7 : 0.32528559758612402009 0.58219639934410327697 0.09251800306977282784
179 179 (0) 7 : 0.64419873570256303008 0.05995880717135382981 0.29584245712608314705
180 180 (0) 7 : 0.00000000099999999999 0.00000000099999999999 0.99999999799999994554
181 181 (0) 7 : 0.42098282699770878112 0.07108119237216736774 0.50793598063012390664
182 182 (0) 7 : 0.36202223060167748603 0.50363905179922108246 0.13433871759910154253
183 183 (0) 7 : 0.70032476532451426454 0.29967523367548576374 0.00000000100000000000
184 184 (0) 7 : 0.09980018832327308687 0.36996420010937641765 0.53023561156735055100
185 185 (0) 7 : 0.13853894473311828550 0.46283705412529901890 0.39862400114158275111
186 186 (0) 7 : 0.46102799134919048019 0.38086046293366182525 0.15811154571714777783
187 187 (0) 7 : 0.51550805825409773409 0.22096231125556850539 0.26352963049033367726
188 188 (0) 7 : 0.56593286973527834327 0.43406712926472151848 0.00000000100000000000
189 189 (0) 7 : 0.26900226057366299903 0.41653354334048064977 0.31446419608585629568
190 190 (0) 7 : 0.20611177778694805829 0.30332183977014526288 0.49056638244290662332
191 191 (0) 7 : 0.61933120030126942446 0.26236752251396872060 0.11830127718476186882
192 192 (0) 7 : 0.33579862940388183201 0.35995913934975681814 0.30424223124636129434
193 193 (0) 7 : 0.00000000100000000000 0.71472293263968844634 0.28527706636031158194
194 194 (0) 7 : 0.20399702977566697149 0.50955683595409495545 0.28644613427023812857
195 195 (0) 7 : 0.22892581637094799873 0.49193444662944763035 0.27913973699960437092
196 196 (0) 7 : 0.53802476308591229426 0.46197523591408773402 0.00000000100000000000
197 197 (0) 7 : 0.00000000100000000000 0.77794296879970736835 0.22205703020029268768
198 198 (0) 7 : 0.99999999800000005656 0.00000000100000000000 0.00000000100000000000
199 199 (0) 7 : 0.30296971208285117250 0.53368347947879068993 0.16334680843835813757
200 200 (0) 7 : 0.40343903423148658183 0.20009247545703753857 0.39646849031147574083
201 201 (0) 7 : 0.31352370734957396570 0.55188246890123426880 0.13459382374919179326
202 202 (0) 7 : 0.49639509713066454211 0.34680248371427208065 0.15680241915506340500
203 203 (0) 7 : 0.00000000099999999999 0.99999999799999994554 0.00000000099999999999
1 1 (0) 1 : 0.27081375970313270596 0.21290576197627131272 0.51628047832059609235
2 2 (0) 1 : 0.38330202380785027838 0.36467084571054553255 0.25202713048160418907
3 3 (0) 2 : 0.55025161065967054252 0.00000000100000000000 0.44974838834032948576
4 4 (0) 2 : 0.40656173206626744498 0.07508518419833511148 0.51835308373539745741
5 5 (0) 2 : 0.32637146788466153691 0.50436522000687145084 0.16926331210846692898
6 6 (0) 2 : 0.46083462328999519331 0.13493117231702189684 0.40423420439298302087
7 7 (0) 2 : 0.00000000100000000000 0.99999999800000005656 0.00000000100000000000
8 8 (0) 2 : 0.47430689931772884727 0.26386385364625786210 0.26182924703601323513
9 9 (0) 2 : 0.23351128310530228083 0.76648871589469780297 0.00000000100000000000
10 10 (0) 2 : 0.29957113331505269560 0.50269300683798723295 0.19773585984696021023
11 11 (0) 2 : 0.40390517959849109308 0.38590360398295264766 0.21019121641855614824
12 12 (0) 2 : 0.49391524469981384904 0.00000000100000000000 0.50608475430018595720
13 13 (0) 2 : 0.00000000099999999999 0.99999999800000005656 0.00000000099999999999
14 14 (0) 2 : 0.44835596764357305011 0.55164403135642692266 0.00000000100000000000
15 15 (0) 2 : 0.35151945872073181443 0.49322476513545082666 0.15525577614381722014
16 16 (0) 2 : 0.00000095901052599836 0.48124812317819648522 0.51875091781127757873
17 17 (0) 2 : 0.00000000100000000000 0.73600889035086558554 0.26399110864913438723
18 18 (0) 2 : 0.28110628495437650631 0.27469206823623665281 0.44420164680938689639
19 19 (0) 2 : 0.37091489353109763361 0.52791945837299969480 0.10116564809590271323
20 20 (0) 2 : 0.00000000100000000000 0.54251981097753099181 0.45748018802246903647
21 21 (0) 2 : 0.50287823360999694966 0.49712176539000291209 0.00000000100000000000
22 22 (0) 2 : 0.28951005047393191250 0.41611850904916231064 0.29437144047690566584
23 23 (0) 2 : 0.28296916618858636294 0.71693582919290055333 0.00009500461851316664
24 24 (0) 2 : 0.31910201634997353848 0.40773933628827813136 0.27315864736174821914
25 25 (0) 2 : 0.00000000099999999999 0.00000000099999999999 0.99999999800000005656
26 26 (0) 2 : 0.34644745373588065052 0.27048600146884665962 0.38306654479527280088
27 27 (0) 2 : 0.40644292325095937590 0.22848897915205099163 0.36506809759698960471
28 28 (0) 2 : 0.51248617236714499867 0.13775310289305081612 0.34976072473980418520
29 29 (0) 2 : 0.35350456161460647175 0.37466903777901000572 0.27182640060638346702
30 30 (0) 3 : 0.47925028102589328771 0.00000000100000000000 0.52074971797410662955
31 31 (0) 3 : 0.00007811232614730730 0.99992188667385262235 0.00000000100000000000
32 32 (0) 3 : 0.36526836152496011678 0.27423553487940149909 0.36049610359563838413
33 33 (0) 3 : 0.31246911520522407946 0.32603366729682797809 0.36149721749794805348
34 34 (0) 3 : 0.22317399368764051504 0.64104836981797197470 0.13577763649438751026
35 35 (0) 3 : 0.49969329179489119230 0.21090255772456395489 0.28940415048054479730
36 36 (0) 3 : 0.56026685324924152543 0.43973314575075839183 0.00000000100000000000
37 37 (0) 3 : 0.44576809316980425812 0.36132390170014666575 0.19290800513004907613
38 38 (0) 3 : 0.00000000099999999999 0.00000000099999999999 0.99999999800000005656
39 39 (0) 3 : 0.55421035782277539017 0.24243812462630623394 0.20335151755091829262
40 40 (0) 3 : 0.16507688431133818452 0.38456995854343895003 0.45035315714522272668
41 41 (0) 3 : 0.49559133494106744067 0.00000000100000000000 0.50440866405893247659
42 42 (0) 3 : 0.60197747768504161758 0.31750405874581200116 0.08051846356914635350
43 43 (0) 3 : 0.67714663145188713766 0.11189966305295634408 0.21095370549515651826
44 44 (0) 3 : 0.31900083413177521274 0.34128442438069089837 0.33971474148753399991
45 45 (0) 3 : 0.13582082987778323901 0.32129348574345184542 0.54288568437876483230
46 46 (0) 3 : 0.27991685247852793328 0.51566092884787795292 0.20442221867359405829
47 47 (0) 3 : 0.00000000100000000000 0.99999999501191938478 0.00000000398808072120
48 48 (0) 3 : 0.28976747029646826581 0.22486193731798395645 0.48537059238554780549
49 49 (0) 3 : 0.28626337704036597387 0.21123265311016886647 0.50250396984946510415
50 50 (0) 3 : 0.99999999800000005656 0.00000000099999999999 0.00000000099999999999
51 51 (0) 3 : 0.20949859629035685882 0.56683740363359758074 0.22366400007604567146
52 52 (0) 3 : 0.42316618257268956427 0.56214808350999134756 0.01468573391731913154
53 53 (0) 3 : 0.29743315347250509628 0.25072161099841494547 0.45184523552908006927
54 54 (0) 3 : 0.31841905037391815547 0.32297456109526850865 0.35860638853081328037
55 55 (0) 3 : 0.38332842959721380449 0.37215611643371082629 0.24451545396907536922
56 56 (0) 3 : 0.35985601405080253068 0.48625499405229943850 0.15388899189689791980
57 57 (0) 3 : 0.13491074295706270703 0.48157514834114883984 0.38351410870178859192
58 58 (0) 3 : 0.44372207698561755285 0.00000114976577676466 0.55627677324860569374
59 59 (0) 3 : 0.47094966920600006555 0.00000000100000000000 0.52905032979399990722
60 60 (0) 4 : 0.15191373042803421600 0.33579310923176575177 0.51229316034020000448
61 61 (0) 4 : 0.10777406785096901864 0.48689453278737859776 0.40533139936165241135
62 62 (0) 4 : 0.35000139695197757250 0.00000000100000000000 0.64999860204802251129
63 63 (0) 4 : 0.41751568581755971188 0.34085491145439283933 0.24162940272804742103
64 64 (0) 4 : 0.00000000100000000000 0.66557646932060565703 0.33442352967939431574
65 65 (0) 4 : 0.18702614643452278309 0.70012474439513183722 0.11284910917034542133
66 66 (0) 4 : 0.28417972242918559944 0.47092279689697941203 0.24489748067383493302
67 67 (0) 4 : 0.00000000100000000000 0.57359338979027274519 0.42640660920972717207
68 68 (0) 4 : 0.26129470214871264311 0.53313376265123424425 0.20557153520005308489
69 69 (0) 4 : 0.31676838452648820033 0.43006750830177375988 0.25316410717173809530
70 70 (0) 4 : 0.99999999800000005656 0.00000000099999999999 0.00000000099999999999
71 71 (0) 1 : 0.00000000099999999999 0.99999999800000005656 0.00000000099999999999
72 72 (0) 1 : 0.30103979739841174590 0.00000000830681961676 0.69896019429476863305
73 73 (0) 1 : 0.55249454242221929245 0.12368207116292445624 0.32382338641485625130
74 74 (0) 1 : 0.58988141637016611174 0.41011858262983391654 0.00000000100000000000
75 75 (0) 1 : 0.38295500708107443888 0.45594512865796821277 0.16109986426095737611
76 76 (0) 1 : 0.57262549029857201521 0.18056249268589244505 0.24681201701553556749
77 77 (0) 1 : 0.00000000099999999999 0.00000000099999999999 0.99999999799999994554
78 78 (0) 1 : 0.49411119773782274933 0.22110417221875922067 0.28478463004341808551
79 79 (0) 1 : 0.21662856802541829992 0.36548285067099534063 0.41788858130358647047
80 80 (0) 1 : 0.00000000100000000000 0.99999999800000005656 0.00000000100000000000
81 81 (0) 1 : 0.83688711421173445082 0.00000000100000000000 0.16311288478826549420
82 82 (0) 1 : 0.16928346531059473845 0.54528415360035686898 0.28543238108904833705
83 83 (0) 1 : 0.25007246576585462350 0.50098042062187941870 0.24894711361226593005
84 84 (0) 1 : 0.42018621726084026680 0.57981378173915976149 0.00000000100000000000
85 85 (0) 1 : 0.37777540755136007622 0.36895566739889462671 0.25326892504974540810
86 86 (0) 1 : 0.23250375411755128119 0.32587928623313006105 0.44161695964931863001
87 87 (0) 1 : 0.50098614195420809736 0.00000000100000000000 0.49901385704579187541
88 88 (0) 1 : 0.25579750123089878278 0.48310203487314395954 0.26110046389595720218
89 89 (0) 1 : 0.00000000099999999999 0.00000000099999999999 0.99999999800000005656
90 90 (0) 1 : 0.26310175516413258912 0.35853837118093057068 0.37835987365493689571
91 91 (0) 1 : 0.00000000099999999999 0.99999999800000005656 0.00000000099999999999
92 92 (0) 1 : 0.47191357319571947126 0.44095047974131884594 0.08713594706296154402
93 93 (0) 1 : 0.44122554682028286566 0.16414104539271379135 0.39463340778700323197
94 94 (0) 1 : 0.00000000100000000000 0.71885763833916993537 0.28114236066083014842
95 95 (0) 1 : 0.00000000099999999999 0.99999999800000005656 0.00000000099999999999
96 96 (0) 1 : 0.12290851942407038377 0.66305730946091023803 0.21403417111501940595
97 97 (0) 1 : 0.49974987927165165358 0.36009229115188623460 0.14015782957646205631
98 98 (0) 1 : 0.34126589800372780781 0.34375628208034186839 0.31497781991593032380
99 99 (0) 4 : 0.25243552924375040059 0.63203970122065911141 0.11552476953559046025
100 100 (0) 4 : 0.39010204111970064877 0.47483384984037285692 0.13506410903992660533
101 101 (0) 5 : 0.39362373330995065190 0.45386515541518596129 0.15251111127486330354
102 102 (0) 5 : 0.99999999799999994554 0.00000000099999999999 0.00000000099999999999
103 103 (0) 5 : 0.37073616936204045746 0.27947557049091387160 0.34978826014704567093
104 104 (0) 5 : 0.67980588920814766229 0.00000000100000000000 0.32019410979185236599
105 105 (0) 5 : 0.00000000099999999999 0.00000000099999999999 0.99999999799999994554
106 106 (0) 4 : 0.44234588947331193731 0.15193070361413604785 0.40572340691255187606
107 107 (0) 4 : 0.48192419666163194281 0.39173854648120304267 0.12633725685716509779
108 108 (0) 4 : 0.45428436068608873954 0.01957071651986872288 0.52614492279404256880
109 109 (0) 4 : 0.47587048160165018595 0.00000006995410609818 0.52412944844424380619
110 110 (0) 4 : 0.77125259566138404388 0.00000000100000000000 0.22874740333861584562
111 111 (0) 5 : 0.00000000099999999999 0.00000000099999999999 0.99999999799999994554
112 112 (0) 5 : 0.19688865934149307746 0.48330611724481259417 0.31980522341369443939
113 113 (0) 5 : 0.32026114479284384373 0.40276979499005144403 0.27696906021710460122
114 114 (0) 5 : 0.72797568577122562239 0.27202431322877440589 0.00000000100000000000
115 115 (0) 5 : 0.51189899229070634501 0.03203174125207781942 0.45606926645721579394
116 116 (0) 5 : 0.47043476101896330999 0.23177118890060124934 0.29779405008043541292
117 117 (0) 4 : 0.36532208163428331327 0.63467791736571665950 0.00000000100000000000
118 118 (0) 4 : 0.00000000099999999999 0.00000000099999999999 0.99999999800000005656
119 119 (0) 4 : 0.32628298788571263866 0.67371701111428727859 0.00000000100000000000
120 120 (0) 4 : 0.47383121533308603102 0.20458545803206781843 0.32158332663484623382
121 121 (0) 4 : 0.62153138898273252444 0.06836707310490697242 0.31010153791236055865
122 122 (0) 4 : 0.00000000100000000000 0.54374920438179386029 0.45625079461820611249
123 123 (0) 4 : 0.00000000100000000000 0.45667906988473727647 0.54332092911526264079
124 124 (0) 4 : 0.00000000100000000000 0.91989701430040360375 0.08010298469959648004
125 125 (0) 5 : 0.00000000099999999999 0.99999999800000005656 0.00000000099999999999
126 126 (0) 5 : 0.36998444832916072000 0.10691975821207484743 0.52309579345876433543
127 127 (0) 5 : 0.68863174129009141478 0.00000000100000000000 0.31136825770990861351
128 128 (0) 5 : 0.27905876619163072494 0.24976096105155939919 0.47118027275680979260
129 129 (0) 5 : 0.56725829357191182023 0.12447332530571045273 0.30826838112237775480
130 130 (0) 5 : 0.36330697602978528904 0.27617563468309014318 0.36051738928712462329
131 131 (0) 5 : 0.27197606518128414343 0.38282402259778103293 0.34519991222093476813
132 132 (0) 5 : 0.19147428005748570734 0.33281530389499025535 0.47571041604752400955
133 133 (0) 5 : 0.52996459607957224769 0.00000000100000000000 0.47003540292042766957
134 134 (0) 5 : 0.00000000100000000000 0.54514989909731803586 0.45485009990268193691
135 135 (0) 5 : 0.99999999799999994554 0.00000000099999999999 0.00000000099999999999
136 136 (0) 5 : 0.52748840559870235900 0.00000000100000000000 0.47251159340129761377
137 137 (0) 5 : 0.36684609929098993542 0.40294126149222198041 0.23021263921678813968
138 138 (0) 5 : 0.41109779758139325390 0.46535714066740280215 0.12354506175120394396
139 139 (0) 5 : 0.56280359192336903984 0.00000000100000000000 0.43719640707663098844
140 140 (0) 5 : 0.49289632625937890298 0.11771968810813525363 0.38938398563248588502
141 141 (0) 5 : 0.34278923374354947073 0.57748119353890159378 0.07972957271754904651
142 142 (0) 5 : 0.00000000100000000000 0.00000000100000000000 0.99999999800000005656
143 143 (0) 5 : 0.53604100012534727782 0.42476837944459827634 0.03919062043005442503
144 144 (0) 6 : 0.30044308309534256685 0.31253426146319518431 0.38702265544146219334
145 145 (0) 6 : 0.59687797551283283681 0.07988900810110124984 0.32323301638606594111
146 146 (0) 6 : 0.19069524517885205750 0.37033079761905490779 0.43897395720209303471
147 147 (0) 6 : 0.50370488559568915576 0.06183144868559639629 0.43446366571871447571
148 148 (0) 6 : 0.58884414715533395235 0.18868195691331771102 0.22247389593134836439
149 149 (0) 6 : 0.17947047908365729163 0.52964144277604419120 0.29088807814029860044
150 150 (0) 6 : 0.59755505448772761046 0.00000000100000000000 0.40244494451227247334
151 151 (0) 6 : 0.00000000100000000000 0.00000000100000000000 0.99999999800000005656
152 152 (0) 6 : 0.37424388770567101892 0.62575611129432895385 0.00000000100000000000
153 153 (0) 6 : 0.51552327844952228197 0.09271687321361694878 0.39175984833686089415
154 154 (0) 6 : 0.27749478471198052443 0.44453426257179845527 0.27797095271622102031
155 155 (0) 6 : 0.55655088472252356446 0.00000000100000000000 0.44344911427747651933
156 156 (0) 6 : 0.45461769895604486891 0.21243180022082744363 0.33295050082312777073
157 157 (0) 6 : 0.20154001864425441504 0.57592366516081150429 0.22253631619493410843
158 158 (0) 6 : 0.26644235706533547781 0.17379043555794035369 0.55976720737672414074
159 159 (0) 6 : 0.30698339077278596898 0.48673087894638755735 0.20628573028082647367
160 160 (0) 6 : 0.30429628916156364893 0.26744751216897605373 0.42825619866946024183
161 161 (0) 6 : 0.99999999800000005656 0.00000000100000000000 0.00000000100000000000
162 162 (0) 6 : 0.99999999799999994554 0.00000000099999999999 0.00000000099999999999
163 163 (0) 6 : 0.00000000099999999999 0.00000000099999999999 0.99999999800000005656
164 164 (0) 6 : 0.60480349022957380356 0.16034076707347319490 0.23485574269695305705
165 165 (0) 6 : 0.28447631851897464683 0.46214443568484470104 0.25337924579618059662
166 166 (0) 6 : 0.27185342871578022095 0.59344512058110954200 0.13470145070311018154
167 167 (0) 6 : 0.00000000100000000000 0.47088018295891842513 0.52911981604108149213
168 168 (0) 6 : 0.27824478618605719138 0.52128882129875031559 0.20046639251519249303
169 169 (0) 6 : 0.26815900427617639368 0.32381616588210943020 0.40802482984171417613
170 170 (0) 6 : 0.30932498424412396831 0.18423645120536533137 0.50643856455051072807
171 171 (0) 6 : 0.34414310183706403601 0.23525469374341670403 0.42060220441951917669
172 172 (0) 4 : 0.18702580092159509784 0.34814375228781174743 0.46483044679059309923
173 173 (0) 4 : 0.99999999769167913222 0.00000000130832080910 0.00000000100000000000
174 174 (0) 7 : 0.55679486021393465034 0.35972606381107186113 0.08347907597499346077
175 175 (0) 7 : 0.00000000099999999999 0.99999999800000005656 0.00000000099999999999
176 176 (0) 7 : 0.51784839760355616534 0.03193415257210342056 0.45021744982434047655
177 177 (0) 7 : 0.23615348564467761316 0.76384651335532238736 0.00000000100000000000
178 178 (0) 7 : 0.32528559758612402009 0.58219639934410327697 0.09251800306977282784
179 179 (0) 7 : 0.64419873570256303008 0.05995880717135382981 0.29584245712608314705
180 180 (0) 7 : 0.00000000099999999999 0.00000000099999999999 0.99999999799999994554
181 181 (0) 7 : 0.42098282699770878112 0.07108119237216736774 0.50793598063012390664
182 182 (0) 7 : 0.36202223060167748603 0.50363905179922108246 0.13433871759910154253
183 183 (0) 7 : 0.70032476532451426454 0.29967523367548576374 0.00000000100000000000
184 184 (0) 7 : 0.09980018832327308687 0.36996420010937641765 0.53023561156735055100
185 185 (0) 7 : 0.13853894473311828550 0.46283705412529901890 0.39862400114158275111
186 186 (0) 7 : 0.46102799134919048019 0.38086046293366182525 0.15811154571714777783
187 187 (0) 7 : 0.51550805825409773409 0.22096231125556850539 0.26352963049033367726
188 188 (0) 7 : 0.56593286973527834327 0.43406712926472151848 0.00000000100000000000
189 189 (0) 7 : 0.26900226057366299903 0.41653354334048064977 0.31446419608585629568
190 190 (0) 7 : 0.20611177778694805829 0.30332183977014526288 0.49056638244290662332
191 191 (0) 7 : 0.61933120030126942446 0.26236752251396872060 0.11830127718476186882
192 192 (0) 7 : 0.33579862940388183201 0.35995913934975681814 0.30424223124636129434
193 193 (0) 7 : 0.00000000100000000000 0.71472293263968844634 0.28527706636031158194
194 194 (0) 7 : 0.20399702977566697149 0.50955683595409495545 0.28644613427023812857
195 195 (0) 7 : 0.22892581637094799873 0.49193444662944763035 0.27913973699960437092
196 196 (0) 7 : 0.53802476308591229426 0.46197523591408773402 0.00000000100000000000
197 197 (0) 7 : 0.00000000100000000000 0.77794296879970736835 0.22205703020029268768
198 198 (0) 7 : 0.99999999800000005656 0.00000000100000000000 0.00000000100000000000
199 199 (0) 7 : 0.30296971208285117250 0.53368347947879068993 0.16334680843835813757
200 200 (0) 7 : 0.40343903423148658183 0.20009247545703753857 0.39646849031147574083
201 201 (0) 7 : 0.31352370734957396570 0.55188246890123426880 0.13459382374919179326
202 202 (0) 7 : 0.49639509713066454211 0.34680248371427208065 0.15680241915506340500
203 203 (0) 7 : 0.00000000099999999999 0.99999999799999994554 0.00000000099999999999
1 1 (0) 1 : 0.27081375970313270596 0.21290576197627131272 0.51628047832059609235
2 2 (0) 1 : 0.38330202380785027838 0.36467084571054553255 0.25202713048160418907
3 3 (0) 2 : 0.55025161065967054252 0.00000000100000000000 0.44974838834032948576
4 4 (0) 2 : 0.40656173206626744498 0.07508518419833511148 0.51835308373539745741
5 5 (0) 2 : 0.32637146788466153691 0.50436522000687145084 0.16926331210846692898
6 6 (0) 2 : 0.46083462328999519331 0.13493117231702189684 0.40423420439298302087
7 7 (0) 2 : 0.00000000100000000000 0.99999999800000005656 0.00000000100000000000
8 8 (0) 2 : 0.47430689931772884727 0.26386385364625786210 0.26182924703601323513
9 9 (0) 2 : 0.23351128310530228083 0.76648871589469780297 0.00000000100000000000
10 10 (0) 2 : 0.29957113331505269560 0.50269300683798723295 0.19773585984696021023
11 11 (0) 2 : 0.40390517959849109308 0.38590360398295264766 0.21019121641855614824
12 12 (0) 2 : 0.49391524469981384904 0.00000000100000000000 0.50608475430018595720
13 13 (0) 2 : 0.00000000099999999999 0.99999999800000005656 0.00000000099999999999
14 14 (0) 2 : 0.44835596764357305011 0.55164403135642692266 0.00000000100000000000
15 15 (0) 2 : 0.35151945872073181443 0.49322476513545082666 0.15525577614381722014
16 16 (0) 2 : 0.00000095901052599836 0.48124812317819648522 0.51875091781127757873
17 17 (0) 2 : 0.00000000100000000000 0.73600889035086558554 0.26399110864913438723
18 18 (0) 2 : 0.28110628495437650631 0.27469206823623665281 0.44420164680938689639
19 19 (0) 2 : 0.37091489353109763361 0.52791945837299969480 0.10116564809590271323
20 20 (0) 2 : 0.00000000100000000000 0.54251981097753099181 0.45748018802246903647
21 21 (0) 2 : 0.50287823360999694966 0.49712176539000291209 0.00000000100000000000
22 22 (0) 2 : 0.28951005047393191250 0.41611850904916231064 0.29437144047690566584
23 23 (0) 2 : 0.28296916618858636294 0.71693582919290055333 0.00009500461851316664
24 24 (0) 2 : 0.31910201634997353848 0.40773933628827813136 0.27315864736174821914
25 25 (0) 2 : 0.00000000099999999999 0.00000000099999999999 0.99999999800000005656
26 26 (0) 2 : 0.34644745373588065052 0.27048600146884665962 0.38306654479527280088
27 27 (0) 2 : 0.40644292325095937590 0.22848897915205099163 0.36506809759698960471
28 28 (0) 2 : 0.51248617236714499867 0.13775310289305081612 0.34976072473980418520
29 29 (0) 2 : 0.35350456161460647175 0.37466903777901000572 0.27182640060638346702
30 30 (0) 3 : 0.47925028102589328771 0.00000000100000000000 0.52074971797410662955
31 31 (0) 3 : 0.00007811232614730730 0.99992188667385262235 0.00000000100000000000
32 32 (0) 3 : 0.36526836152496011678 0.27423553487940149909 0.36049610359563838413
33 33 (0) 3 : 0.31246911520522407946 0.32603366729682797809 0.36149721749794805348
34 34 (0) 3 : 0.22317399368764051504 0.64104836981797197470 0.13577763649438751026
35 35 (0) 3 : 0.49969329179489119230 0.21090255772456395489 0.28940415048054479730
36 36 (0) 3 : 0.56026685324924152543 0.43973314575075839183 0.00000000100000000000
37 37 (0) 3 : 0.44576809316980425812 0.36132390170014666575 0.19290800513004907613
38 38 (0) 3 : 0.00000000099999999999 0.00000000099999999999 0.99999999800000005656
39 39 (0) 3 : 0.55421035782277539017 0.24243812462630623394 0.20335151755091829262
40 40 (0) 3 : 0.16507688431133818452 0.38456995854343895003 0.45035315714522272668
41 41 (0) 3 : 0.49559133494106744067 0.00000000100000000000 0.50440866405893247659
42 42 (0) 3 : 0.60197747768504161758 0.31750405874581200116 0.08051846356914635350
43 43 (0) 3 : 0.67714663145188713766 0.11189966305295634408 0.21095370549515651826
44 44 (0) 3 : 0.31900083413177521274 0.34128442438069089837 0.33971474148753399991
45 45 (0) 3 : 0.13582082987778323901 0.32129348574345184542 0.54288568437876483230
46 46 (0) 3 : 0.27991685247852793328 0.51566092884787795292 0.20442221867359405829
47 47 (0) 3 : 0.00000000100000000000 0.99999999501191938478 0.00000000398808072120
48 48 (0) 3 : 0.28976747029646826581 0.22486193731798395645 0.48537059238554780549
49 49 (0) 3 : 0.28626337704036597387 0.21123265311016886647 0.50250396984946510415
50 50 (0) 3 : 0.99999999800000005656 0.00000000099999999999 0.00000000099999999999
51 51 (0) 3 : 0.20949859629035685882 0.56683740363359758074 0.22366400007604567146
52 52 (0) 3 : 0.42316618257268956427 0.56214808350999134756 0.01468573391731913154
53 53 (0) 3 : 0.29743315347250509628 0.25072161099841494547 0.45184523552908006927
54 54 (0) 3 : 0.31841905037391815547 0.32297456109526850865 0.35860638853081328037
55 55 (0) 3 : 0.38332842959721380449 0.37215611643371082629 0.24451545396907536922
56 56 (0) 3 : 0.35985601405080253068 0.48625499405229943850 0.15388899189689791980
57 57 (0) 3 : 0.13491074295706270703 0.48157514834114883984 0.38351410870178859192
58 58 (0) 3 : 0.44372207698561755285 0.00000114976577676466 0.55627677324860569374
59 59 (0) 3 : 0.47094966920600006555 0.00000000100000000000 0.52905032979399990722
60 60 (0) 4 : 0.15191373042803421600 0.33579310923176575177 0.51229316034020000448
61 61 (0) 4 : 0.10777406785096901864 0.48689453278737859776 0.40533139936165241135
62 62 (0) 4 : 0.35000139695197757250 0.00000000100000000000 0.64999860204802251129
63 63 (0) 4 : 0.41751568581755971188 0.34085491145439283933 0.24162940272804742103
64 64 (0) 4 : 0.00000000100000000000 0.66557646932060565703 0.33442352967939431574
65 65 (0) 4 : 0.18702614643452278309 0.70012474439513183722 0.11284910917034542133
66 66 (0) 4 : 0.28417972242918559944 0.47092279689697941203 0.24489748067383493302
67 67 (0) 4 : 0.00000000100000000000 0.57359338979027274519 0.42640660920972717207
68 68 (0) 4 : 0.26129470214871264311 0.53313376265123424425 0.20557153520005308489
69 69 (0) 4 : 0.31676838452648820033 0.43006750830177375988 0.25316410717173809530
70 70 (0) 4 : 0.99999999800000005656 0.00000000099999999999 0.00000000099999999999
71 71 (0) 1 : 0.00000000099999999999 0.99999999800000005656 0.00000000099999999999
72 72 (0) 1 : 0.30103979739841174590 0.00000000830681961676 0.69896019429476863305
73 73 (0) 1 : 0.55249454242221929245 0.12368207116292445624 0.32382338641485625130
74 74 (0) 1 : 0.58988141637016611174 0.41011858262983391654 0.00000000100000000000
75 75 (0) 1 : 0.38295500708107443888 0.45594512865796821277 0.16109986426095737611
76 76 (0) 1 : 0.57262549029857201521 0.18056249268589244505 0.24681201701553556749
77 77 (0) 1 : 0.00000000099999999999 0.00000000099999999999 0.99999999799999994554
78 78 (0) 1 : 0.49411119773782274933 0.22110417221875922067 0.28478463004341808551
79 79 (0) 1 : 0.21662856802541829992 0.36548285067099534063 0.41788858130358647047
80 80 (0) 1 : 0.00000000100000000000 0.99999999800000005656 0.00000000100000000000
81 81 (0) 1 : 0.83688711421173445082 0.00000000100000000000 0.16311288478826549420
82 82 (0) 1 : 0.16928346531059473845 0.54528415360035686898 0.28543238108904833705
83 83 (0) 1 : 0.25007246576585462350 0.50098042062187941870 0.24894711361226593005
84 84 (0) 1 : 0.42018621726084026680 0.57981378173915976149 0.00000000100000000000
85 85 (0) 1 : 0.37777540755136007622 0.36895566739889462671 0.25326892504974540810
86 86 (0) 1 : 0.23250375411755128119 0.32587928623313006105 0.44161695964931863001
87 87 (0) 1 : 0.50098614195420809736 0.00000000100000000000 0.49901385704579187541
88 88 (0) 1 : 0.25579750123089878278 0.48310203487314395954 0.26110046389595720218
89 89 (0) 1 : 0.00000000099999999999 0.00000000099999999999 0.99999999800000005656
90 90 (0) 1 : 0.26310175516413258912 0.35853837118093057068 0.37835987365493689571
91 91 (0) 1 : 0.00000000099999999999 0.99999999800000005656 0.00000000099999999999
92 92 (0) 1 : 0.47191357319571947126 0.44095047974131884594 0.08713594706296154402
93 93 (0) 1 : 0.44122554682028286566 0.16414104539271379135 0.39463340778700323197
94 94 (0) 1 : 0.00000000100000000000 0.71885763833916993537 0.28114236066083014842
95 95 (0) 1 : 0.00000000099999999999 0.99999999800000005656 0.00000000099999999999
96 96 (0) 1 : 0.12290851942407038377 0.66305730946091023803 0.21403417111501940595
97 97 (0) 1 : 0.49974987927165165358 0.36009229115188623460 0.14015782957646205631
98 98 (0) 1 : 0.34126589800372780781 0.34375628208034186839 0.31497781991593032380
99 99 (0) 4 : 0.25243552924375040059 0.63203970122065911141 0.11552476953559046025
100 100 (0) 4 : 0.39010204111970064877 0.47483384984037285692 0.13506410903992660533
101 101 (0) 5 : 0.39362373330995065190 0.45386515541518596129 0.15251111127486330354
102 102 (0) 5 : 0.99999999799999994554 0.00000000099999999999 0.00000000099999999999
103 103 (0) 5 : 0.37073616936204045746 0.27947557049091387160 0.34978826014704567093
104 104 (0) 5 : 0.67980588920814766229 0.00000000100000000000 0.32019410979185236599
105 105 (0) 5 : 0.00000000099999999999 0.00000000099999999999 0.99999999799999994554
106 106 (0) 4 : 0.44234588947331193731 0.15193070361413604785 0.40572340691255187606
107 107 (0) 4 : 0.48192419666163194281 0.39173854648120304267 0.12633725685716509779
108 108 (0) 4 : 0.45428436068608873954 0.01957071651986872288 0.52614492279404256880
109 109 (0) 4 : 0.47587048160165018595 0.00000006995410609818 0.52412944844424380619
110 110 (0) 4 : 0.77125259566138404388 0.00000000100000000000 0.22874740333861584562
111 111 (0) 5 : 0.00000000099999999999 0.00000000099999999999 0.99999999799999994554
112 112 (0) 5 : 0.19688865934149307746 0.48330611724481259417 0.31980522341369443939
113 113 (0) 5 : 0.32026114479284384373 0.40276979499005144403 0.27696906021710460122
114 114 (0) 5 : 0.72797568577122562239 0.27202431322877440589 0.00000000100000000000
115 115 (0) 5 : 0.51189899229070634501 0.03203174125207781942 0.45606926645721579394
116 116 (0) 5 : 0.47043476101896330999 0.23177118890060124934 0.29779405008043541292
117 117 (0) 4 : 0.36532208163428331327 0.63467791736571665950 0.00000000100000000000
118 118 (0) 4 : 0.00000000099999999999 0.00000000099999999999 0.99999999800000005656
119 119 (0) 4 : 0.32628298788571263866 0.67371701111428727859 0.00000000100000000000
120 120 (0) 4 : 0.47383121533308603102 0.20458545803206781843 0.32158332663484623382
121 121 (0) 4 : 0.62153138898273252444 0.06836707310490697242 0.31010153791236055865
122 122 (0) 4 : 0.00000000100000000000 0.54374920438179386029 0.45625079461820611249
123 123 (0) 4 : 0.00000000100000000000 0.45667906988473727647 0.54332092911526264079
124 124 (0) 4 : 0.00000000100000000000 0.91989701430040360375 0.08010298469959648004
125 125 (0) 5 : 0.00000000099999999999 0.99999999800000005656 0.00000000099999999999
126 126 (0) 5 : 0.36998444832916072000 0.10691975821207484743 0.52309579345876433543
127 127 (0) 5 : 0.68863174129009141478 0.00000000100000000000 0.31136825770990861351
128 128 (0) 5 : 0.27905876619163072494 0.24976096105155939919 0.47118027275680979260
129 129 (0) 5 : 0.56725829357191182023 0.12447332530571045273 0.30826838112237775480
130 130 (0) 5 : 0.36330697602978528904 0.27617563468309014318 0.36051738928712462329
131 131 (0) 5 : 0.27197606518128414343 0.38282402259778103293 0.34519991222093476813
132 132 (0) 5 : 0.19147428005748570734 0.33281530389499025535 0.47571041604752400955
133 133 (0) 5 : 0.52996459607957224769 0.00000000100000000000 0.47003540292042766957
134 134 (0) 5 : 0.00000000100000000000 0.54514989909731803586 0.45485009990268193691
135 135 (0) 5 : 0.99999999799999994554 0.00000000099999999999 0.00000000099999999999
136 136 (0) 5 : 0.52748840559870235900 0.00000000100000000000 0.47251159340129761377
137 137 (0) 5 : 0.36684609929098993542 0.40294126149222198041 0.23021263921678813968
138 138 (0) 5 : 0.41109779758139325390 0.46535714066740280215 0.12354506175120394396
139 139 (0) 5 : 0.56280359192336903984 0.00000000100000000000 0.43719640707663098844
140 140 (0) 5 : 0.49289632625937890298 0.11771968810813525363 0.38938398563248588502
141 141 (0) 5 : 0.34278923374354947073 0.57748119353890159378 0.07972957271754904651
142 142 (0) 5 : 0.00000000100000000000 0.00000000100000000000 0.99999999800000005656
143 143 (0) 5 : 0.53604100012534727782 0.42476837944459827634 0.03919062043005442503
144 144 (0) 6 : 0.30044308309534256685 0.31253426146319518431 0.38702265544146219334
145 145 (0) 6 : 0.59687797551283283681 0.07988900810110124984 0.32323301638606594111
146 146 (0) 6 : 0.19069524517885205750 0.37033079761905490779 0.43897395720209303471
147 147 (0) 6 : 0.50370488559568915576 0.06183144868559639629 0.43446366571871447571
148 148 (0) 6 : 0.58884414715533395235 0.18868195691331771102 0.22247389593134836439
149 149 (0) 6 : 0.17947047908365729163 0.52964144277604419120 0.29088807814029860044
150 150 (0) 6 : 0.59755505448772761046 0.00000000100000000000 0.40244494451227247334
151 151 (0) 6 : 0.00000000100000000000 0.00000000100000000000 0.99999999800000005656
152 152 (0) 6 : 0.37424388770567101892 0.62575611129432895385 0.00000000100000000000
153 153 (0) 6 : 0.51552327844952228197 0.09271687321361694878 0.39175984833686089415
154 154 (0) 6 : 0.27749478471198052443 0.44453426257179845527 0.27797095271622102031
155 155 (0) 6 : 0.55655088472252356446 0.00000000100000000000 0.44344911427747651933
156 156 (0) 6 : 0.45461769895604486891 0.21243180022082744363 0.33295050082312777073
157 157 (0) 6 : 0.20154001864425441504 0.57592366516081150429 0.22253631619493410843
158 158 (0) 6 : 0.26644235706533547781 0.17379043555794035369 0.55976720737672414074
159 159 (0) 6 : 0.30698339077278596898 0.48673087894638755735 0.20628573028082647367
160 160 (0) 6 : 0.30429628916156364893 0.26744751216897605373 0.42825619866946024183
161 161 (0) 6 : 0.99999999800000005656 0.00000000100000000000 0.00000000100000000000
162 162 (0) 6 : 0.99999999799999994554 0.00000000099999999999 0.00000000099999999999
163 163 (0) 6 : 0.00000000099999999999 0.00000000099999999999 0.99999999800000005656
164 164 (0) 6 : 0.60480349022957380356 0.16034076707347319490 0.23485574269695305705
165 165 (0) 6 : 0.28447631851897464683 0.46214443568484470104 0.25337924579618059662
166 166 (0) 6 : 0.27185342871578022095 0.59344512058110954200 0.13470145070311018154
167 167 (0) 6 : 0.00000000100000000000 0.47088018295891842513 0.52911981604108149213
168 168 (0) 6 : 0.27824478618605719138 0.52128882129875031559 0.20046639251519249303
169 169 (0) 6 : 0.26815900427617639368 0.32381616588210943020 0.40802482984171417613
170 170 (0) 6 : 0.30932498424412396831 0.18423645120536533137 0.50643856455051072807
171 171 (0) 6 : 0.34414310183706403601 0.23525469374341670403 0.42060220441951917669
172 172 (0) 4 : 0.18702580092159509784 0.34814375228781174743 0.46483044679059309923
173 173 (0) 4 : 0.99999999769167913222 0.00000000130832080910 0.00000000100000000000
174 174 (0) 7 : 0.55679486021393465034 0.35972606381107186113 0.08347907597499346077
175 175 (0) 7 : 0.00000000099999999999 0.99999999800000005656 0.00000000099999999999
176 176 (0) 7 : 0.51784839760355616534 0.03193415257210342056 0.45021744982434047655
177 177 (0) 7 : 0.23615348564467761316 0.76384651335532238736 0.00000000100000000000
178 178 (0) 7 : 0.32528559758612402009 0.58219639934410327697 0.09251800306977282784
179 179 (0) 7 : 0.64419873570256303008 0.05995880717135382981 0.29584245712608314705
180 180 (0) 7 : 0.00000000099999999999 0.00000000099999999999 0.99999999799999994554
181 181 (0) 7 : 0.42098282699770878112 0.07108119237216736774 0.50793598063012390664
182 182 (0) 7 : 0.36202223060167748603 0.50363905179922108246 0.13433871759910154253
183 183 (0) 7 : 0.70032476532451426454 0.29967523367548576374 0.00000000100000000000
184 184 (0) 7 : 0.09980018832327308687 0.36996420010937641765 0.53023561156735055100
185 185 (0) 7 : 0.13853894473311828550 0.46283705412529901890 0.39862400114158275111
186 186 (0) 7 : 0.46102799134919048019 0.38086046293366182525 0.15811154571714777783
187 187 (0) 7 : 0.51550805825409773409 0.22096231125556850539 0.26352963049033367726
188 188 (0) 7 : 0.56593286973527834327 0.43406712926472151848 0.00000000100000000000
189 189 (0) 7 : 0.26900226057366299903 0.41653354334048064977 0.31446419608585629568
190 190 (0) 7 : 0.20611177778694805829 0.30332183977014526288 0.49056638244290662332
191 191 (0) 7 : 0.61933120030126942446 0.26236752251396872060 0.11830127718476186882
192 192 (0) 7 : 0.33579862940388183201 0.35995913934975681814 0.30424223124636129434
193 193 (0) 7 : 0.00000000100000000000 0.71472293263968844634 0.28527706636031158194
194 194 (0) 7 : 0.20399702977566697149 0.50955683595409495545 0.28644613427023812857
195 195 (0) 7 : 0.22892581637094799873 0.49193444662944763035 0.27913973699960437092
196 196 (0) 7 : 0.53802476308591229426 0.46197523591408773402 0.00000000100000000000
197 197 (0) 7 : 0.00000000100000000000 0.77794296879970736835 0.22205703020029268768
198 198 (0) 7 : 0.99999999800000005656 0.00000000100000000000 0.00000000100000000000
199 199 (0) 7 : 0.30296971208285117250 0.53368347947879068993 0.16334680843835813757
200 200 (0) 7 : 0.40343903423148658183 0.20009247545703753857 0.39646849031147574083
201 201 (0) 7 : 0.31352370734957396570 0.55188246890123426880 0.13459382374919179326
202 202 (0) 7 : 0.49639509713066454211 0.34680248371427208065 0.15680241915506340500
203 203 (0) 7 : 0.00000000099999999999 0.99999999799999994554 0.00000000099999999999
