-------------------------------------------------------------------------------
 L       Percentage of nodes in the largest component
 D       Percentage of nodes in components of size at most 3 [-div option]
 R       Percentage of nodes not in L or D: 100 - L -D
 S       Percentage of nodes that are singletons
 E       Fraction of edges retained (input graph has 380)
 cce     Expected size of component, nodewise [ sum(sz^2) / sum^2(sz) ]
 EW      Edge weight traits (mean, median and IQR)
 ND      Node degree traits [mean, median and IQR]
 CCF     Clustering coefficient (scale 1-100)
 eff     Induced component efficiency relative to start graph (scale 1-1000)
Total number of nodes: 20
----------------------------------------------------------------------------------------------
  L   D   R   S     E     cce  EWmean   EWmed   EWiqr  NDmean   NDmed  NDiqr CCF  eff  Cutoff 
----------------------------------------------------------------------------------------------
100   0   0   0 0.774      20    0.58    0.54    0.04    14.7    15.5    1.5   -    -     0.50
100   0   0   0 0.700      20    0.59    0.55    0.03    13.3    14.5    3.5   -    -     0.51
100   0   0   0 0.611      20    0.60    0.55    0.03    11.6    14.5    4.5   -    -     0.52
100   0   0   0 0.553      20    0.61    0.56    0.03    10.5    13.5    5.5   -    -     0.53
 95   5   0   5 0.500      18    0.62    0.56    0.03     9.5    12.5    7.5   -    -     0.54
 90  10   0  10 0.300      16    0.66    0.57    0.03     5.7     5.5    5.5   -    -     0.55
 80  20   0  20 0.195      13    0.72    0.58    0.43     3.7     5.5    3.5   -    -     0.56
 50  25  25  25 0.132       7    0.80    1.00    0.42     2.5     3.5    3.5   -    -     0.57
 45  30  25  30 0.121       6    0.82    1.00    0.42     2.3     2.5    4.5   -    -     0.58
 25  75   0  60 0.068       2    1.00    1.00    0.00     1.3     0.5    2.5   -    -     0.59
 25  75   0  60 0.068       2    1.00    1.00    0.00     1.3     0.5    2.5   -    -     0.60
 25  75   0  60 0.068       2    1.00    1.00    0.00     1.3     0.5    2.5   -    -     0.61
 25  75   0  60 0.068       2    1.00    1.00    0.00     1.3     0.5    2.5   -    -     0.62
 25  75   0  60 0.068       2    1.00    1.00    0.00     1.3     0.5    2.5   -    -     0.63
 25  75   0  60 0.068       2    1.00    1.00    0.00     1.3     0.5    2.5   -    -     0.64
 25  75   0  60 0.068       2    1.00    1.00    0.00     1.3     0.5    2.5   -    -     0.65
 25  75   0  60 0.068       2    1.00    1.00    0.00     1.3     0.5    2.5   -    -     0.66
 25  75   0  60 0.068       2    1.00    1.00    0.00     1.3     0.5    2.5   -    -     0.67
 25  75   0  60 0.068       2    1.00    1.00    0.00     1.3     0.5    2.5   -    -     0.68
 25  75   0  60 0.068       2    1.00    1.00    0.00     1.3     0.5    2.5   -    -     0.69
 25  75   0  60 0.068       2    1.00    1.00    0.00     1.3     0.5    2.5   -    -     0.70
 25  75   0  60 0.068       2    1.00    1.00    0.00     1.3     0.5    2.5   -    -     0.71
 25  75   0  60 0.068       2    1.00    1.00    0.00     1.3     0.5    2.5   -    -     0.72
 25  75   0  60 0.068       2    1.00    1.00    0.00     1.3     0.5    2.5   -    -     0.73
 25  75   0  60 0.068       2    1.00    1.00    0.00     1.3     0.5    2.5   -    -     0.74
 25  75   0  60 0.068       2    1.00    1.00    0.00     1.3     0.5    2.5   -    -     0.75
 25  75   0  60 0.068       2    1.00    1.00    0.00     1.3     0.5    2.5   -    -     0.76
 25  75   0  60 0.068       2    1.00    1.00    0.00     1.3     0.5    2.5   -    -     0.77
 25  75   0  60 0.068       2    1.00    1.00    0.00     1.3     0.5    2.5   -    -     0.78
 25  75   0  60 0.068       2    1.00    1.00    0.00     1.3     0.5    2.5   -    -     0.79
 25  75   0  60 0.068       2    1.00    1.00    0.00     1.3     0.5    2.5   -    -     0.80
 25  75   0  60 0.068       2    1.00    1.00    0.00     1.3     0.5    2.5   -    -     0.81
 25  75   0  60 0.068       2    1.00    1.00    0.00     1.3     0.5    2.5   -    -     0.82
 25  75   0  60 0.068       2    1.00    1.00    0.00     1.3     0.5    2.5   -    -     0.83
 25  75   0  60 0.068       2    1.00    1.00    0.00     1.3     0.5    2.5   -    -     0.84
 25  75   0  60 0.068       2    1.00    1.00    0.00     1.3     0.5    2.5   -    -     0.85
 25  75   0  60 0.068       2    1.00    1.00    0.00     1.3     0.5    2.5   -    -     0.86
 25  75   0  60 0.068       2    1.00    1.00    0.00     1.3     0.5    2.5   -    -     0.87
 25  75   0  60 0.068       2    1.00    1.00    0.00     1.3     0.5    2.5   -    -     0.88
 25  75   0  60 0.068       2    1.00    1.00    0.00     1.3     0.5    2.5   -    -     0.89
 25  75   0  60 0.068       2    1.00    1.00    0.00     1.3     0.5    2.5   -    -     0.90
 25  75   0  60 0.068       2    1.00    1.00    0.00     1.3     0.5    2.5   -    -     0.91
 25  75   0  60 0.068       2    1.00    1.00    0.00     1.3     0.5    2.5   -    -     0.92
 25  75   0  60 0.068       2    1.00    1.00    0.00     1.3     0.5    2.5   -    -     0.93
 25  75   0  60 0.068       2    1.00    1.00    0.00     1.3     0.5    2.5   -    -     0.94
 25  75   0  60 0.068       2    1.00    1.00    0.00     1.3     0.5    2.5   -    -     0.95
 25  75   0  60 0.068       2    1.00    1.00    0.00     1.3     0.5    2.5   -    -     0.96
 25  75   0  60 0.068       2    1.00    1.00    0.00     1.3     0.5    2.5   -    -     0.97
 25  75   0  60 0.068       2    1.00    1.00    0.00     1.3     0.5    2.5   -    -     0.98
 25  75   0  60 0.068       2    1.00    1.00    0.00     1.3     0.5    2.5   -    -     0.99
---------------------------------------------------------------------------------------------
