1 1 (0) 1 : 0.06087155631182521870 0.09896784358915290680 0.15282895320918177262 0.00245666901685212373 0.13358068847585599648 0.09580890390336563311 0.30052536240747879104 0.15496002308628739619
2 2 (0) 1 : 0.41088706505568584060 0.00000028424257514011 0.00000000099999999999 0.10201100554081958538 0.00000000099999999999 0.19513018521244007708 0.21671071742140490812 0.07526074052707448780
3 3 (0) 1 : 0.27357220030211876205 0.26384703233213646634 0.11655975641173842161 0.07979119771049257570 0.00000000100000000000 0.00000000414578340997 0.24177611188400294218 0.02445369621372751878
4 4 (0) 1 : 0.14172724287468196902 0.00000000099999999999 0.04374948199356901851 0.35535172462467629062 0.00000000099999999999 0.00000000099999999999 0.41806321388714295928 0.04110833361992981272
5 5 (0) 1 : 0.00000000100000000000 0.12310195050148985130 0.23281995230986021750 0.00000278310415575154 0.11228552944212040476 0.07314665916823773206 0.45864312347413599413 0.00000000100000000000
6 6 (0) 1 : 0.00000000099999999997 0.00000000099999999997 0.00000000099999999997 0.61176929372266830587 0.00000000099999999997 0.00000000099999999997 0.38823070027733164178 0.00000000099999999997
7 7 (0) 1 : 0.00000000099999999997 0.39945949944180519919 0.00000000099999999997 0.00000000099999999997 0.00000000099999999997 0.00000000099999999997 0.24187491102439101498 0.35866558453380364968
8 8 (0) 1 : 0.00000000099999999999 0.00000000099999999999 0.28547684975485143610 0.00000000099999999999 0.00000000099999999999 0.00000000099999999999 0.71452314424514828950 0.00000000099999999999
9 9 (0) 1 : 0.00000000099999999999 0.00000000099999999999 0.00000000099999999999 0.20243844344669711943 0.67666180082580928978 0.00000010976571915204 0.12089916162426980750 0.00000048133750457153
10 10 (0) 1 : 0.00000000100000000000 0.00000000100000000000 0.00000000104917275120 0.00000000201860399935 0.00000000100000000000 0.00000003592159339917 0.49711351467354036870 0.50288644333708942824
11 11 (0) 1 : 0.00000000099999999988 0.00000000099999999988 0.00000000099999999988 0.00000000099999999988 0.00000000099999999988 0.00000000099999999988 0.00000000099999999988 0.99999999299999997593
12 12 (0) 1 : 0.12904498066816411095 0.00000000100000000000 0.62645912448682194995 0.00000000100000000000 0.04590879255325075459 0.00000004350853988998 0.00000006331998349739 0.19858699346323990809
13 13 (0) 2 : 0.51600779137485108805 0.00000000099999999998 0.00000000099999999998 0.00000000099999999998 0.48399220262514897062 0.00000000099999999998 0.00000000099999999998 0.00000000099999999998
14 14 (0) 2 : 0.00000000099999999991 0.00000000099999999991 0.00000000099999999991 0.00000000099999999991 0.70478719642590681449 0.00000000099999999991 0.00000000099999999991 0.29521279757409318867
15 15 (0) 2 : 0.00000000099999999995 0.00000000099999999995 0.00000000099999999995 0.00000000099999999995 0.54615220499780969821 0.00000000099999999995 0.00000000099999999995 0.45384778900219036046
16 16 (0) 2 : 0.00000000099999999995 0.00000000099999999995 0.00000000099999999995 0.00000000099999999995 0.49401185421302001854 0.00000000099999999995 0.00000000099999999995 0.50598813978697998461
17 17 (0) 2 : 0.00000000099999999998 0.00000000099999999998 0.00000000099999999998 0.46878589130905856663 0.53121410269094126999 0.00000000099999999998 0.00000000099999999998 0.00000000099999999998
18 18 (0) 2 : 0.00000000099999999988 0.00000000099999999988 0.00000000099999999988 0.00000000099999999988 0.00000000099999999988 0.00000000099999999988 0.00000000099999999988 0.99999999299999997593
19 19 (0) 2 : 0.00000000099999999997 0.00000000099999999997 0.00000000099999999997 0.00000000099999999997 0.00000000099999999997 0.00000000099999999997 0.00000000099999999997 0.99999999300000008695
20 20 (0) 2 : 0.02760945657220309490 0.57647955858932919959 0.00000000099999999999 0.14966893351458579464 0.24624204732388205175 0.00000000099999999999 0.00000000099999999999 0.00000000099999999999
21 21 (0) 2 : 0.00000320151173707661 0.00000000100000000000 0.00000000100000000000 0.15526736085029702039 0.00000000100000000000 0.00000000453531844647 0.84472942910264736671 0.00000000100000000000
22 22 (0) 2 : 0.00000000099999999999 0.32332148972100760442 0.26760420509073523654 0.00127030796691301995 0.11462920888969503619 0.00000000099999999999 0.00000000099999999999 0.29317478533164909038
23 23 (0) 2 : 0.26142909059113184078 0.00000000099999999999 0.00000000099999999999 0.00000000099999999999 0.64037491867817331048 0.00000000099999999999 0.09322758701457929675 0.00496839971611551245
24 24 (0) 2 : 0.00000000099999999998 0.53539192734238449933 0.00000000099999999998 0.00000000099999999998 0.00000000099999999998 0.00000000099999999998 0.46460806665761561485 0.00000000099999999998
25 25 (0) 2 : 0.09412787723859998568 0.00000000176943691777 0.16951159152404093877 0.00000000100000000000 0.28940095542899996195 0.11719309204132706548 0.25151290841788237485 0.07825357257971286840
26 26 (0) 2 : 0.16763995913795007309 0.00000000099999999999 0.19993744096932022924 0.39461908922702459979 0.10015478227752248885 0.00000000099999999999 0.00000000099999999999 0.13764872538818251346
27 27 (0) 2 : 0.20255745782837830671 0.29369790989508837153 0.35597582092637219953 0.00000000099999999998 0.00000000099999999998 0.00000000099999999998 0.14776880735016106883 0.00000000099999999998
28 28 (0) 2 : 0.00000000099999999997 0.00000000099999999997 0.00000000099999999997 0.00000000099999999997 0.00000000099999999997 0.00000000099999999997 0.00000000099999999997 0.99999999300000008695
29 29 (0) 2 : 0.00000000099999999999 0.22891571466646334909 0.04638663043106516781 0.72469764990247165226 0.00000000099999999999 0.00000000099999999999 0.00000000099999999999 0.00000000099999999999
30 30 (0) 2 : 0.00000000099999999984 0.00000000099999999984 0.99999999300000008695 0.00000000099999999984 0.00000000099999999984 0.00000000099999999984 0.00000000099999999984 0.00000000099999999984
31 31 (0) 2 : 0.00000000099999999999 0.00000000099999999999 0.27479045803771018353 0.17498820240229273626 0.00000000099999999999 0.28683074345528958293 0.00000000422711459595 0.26339058887759297933
32 32 (0) 2 : 0.00008638971057462418 0.22372793218375719437 0.11452752174392404061 0.00000000099999999999 0.21582258839771231718 0.44583556496403181635 0.00000000099999999999 0.00000000099999999999
33 33 (0) 2 : 0.00000000099999999986 0.00000000099999999986 0.00000000099999999986 0.00000000099999999986 0.99999999299999997593 0.00000000099999999986 0.00000000099999999986 0.00000000099999999986
34 34 (0) 3 : 0.19747567645483329879 0.36209054628445058732 0.14303656277221793447 0.00000000099999999998 0.00000000099999999998 0.00037241459527596118 0.29702479689322219825 0.00000000099999999998
35 35 (0) 3 : 0.00000000099999999994 0.00000000099999999994 0.28754488178054132819 0.00000000099999999994 0.00000000099999999994 0.00000000099999999994 0.71245511221945856395 0.00000000099999999994
36 36 (0) 3 : 0.00000000099999999995 0.00000000099999999995 0.00000000099999999995 0.00000000099999999995 0.00000000099999999995 0.99999999300000008695 0.00000000099999999995 0.00000000099999999995
37 37 (0) 3 : 0.00000000099999999999 0.33354270646450168147 0.00000000099999999999 0.58971598492065746555 0.07674130361484088336 0.00000000099999999999 0.00000000099999999999 0.00000000099999999999
38 38 (0) 3 : 0.55465831272398113949 0.00000009825407126284 0.03071168513584648582 0.39310570961592650185 0.02152419127017462033 0.00000000099999999999 0.00000000099999999999 0.00000000099999999999
39 39 (0) 3 : 0.00000000099999999991 0.99999999300000019797 0.00000000099999999991 0.00000000099999999991 0.00000000099999999991 0.00000000099999999991 0.00000000099999999991 0.00000000099999999991
40 40 (0) 3 : 0.41307457517827511628 0.34842703707391819989 0.00000000099999999999 0.00000000480273915324 0.00000000099999999999 0.21735395096391946224 0.00000000099999999999 0.02114442898114816255
41 41 (0) 3 : 0.00000000099999999991 0.99999999300000019797 0.00000000099999999991 0.00000000099999999991 0.00000000099999999991 0.00000000099999999991 0.00000000099999999991 0.00000000099999999991
42 42 (0) 3 : 0.00000000099999999996 0.00000000099999999996 0.00000000099999999996 0.00000000099999999996 0.23366156157394762927 0.00000000099999999996 0.76633843242605248491 0.00000000099999999996
43 43 (0) 3 : 0.00000000099999999992 0.00000000099999999992 0.00000000099999999992 0.00000000099999999992 0.00000000099999999992 0.99999999300000008695 0.00000000099999999992 0.00000000099999999992
44 44 (0) 3 : 0.56850547768553405525 0.00000000099999999997 0.00000000099999999997 0.00000000099999999997 0.14144130916233788042 0.00000000099999999997 0.29005320815212809471 0.00000000099999999997
45 45 (0) 3 : 0.42955123149151269724 0.00000000099999999995 0.00000000099999999995 0.28885159360903489567 0.00000000099999999995 0.10667216842640912799 0.17492500247304312855 0.00000000099999999995
46 46 (0) 3 : 0.55903022141648661680 0.00000000099999999999 0.10582827040661389739 0.00000000099999999999 0.00000000099999999999 0.33511798791607311232 0.00000000099999999999 0.00002351626082654893
47 47 (0) 3 : 0.00000000099999999995 0.00000000099999999995 0.56494401389231829747 0.43505598010768176120 0.00000000099999999995 0.00000000099999999995 0.00000000099999999995 0.00000000099999999995
48 48 (0) 3 : 0.00000000099999999989 0.99999999300000019797 0.00000000099999999989 0.00000000099999999989 0.00000000099999999989 0.00000000099999999989 0.00000000099999999989 0.00000000099999999989
49 49 (0) 3 : 0.99999999300000008695 0.00000000099999999990 0.00000000099999999990 0.00000000099999999990 0.00000000099999999990 0.00000000099999999990 0.00000000099999999990 0.00000000099999999990
50 50 (0) 3 : 0.00000000099999999990 0.00000000099999999990 0.00000000099999999990 0.99999999300000008695 0.00000000099999999990 0.00000000099999999990 0.00000000099999999990 0.00000000099999999990
51 51 (0) 3 : 0.00000000099999999990 0.99999999300000019797 0.00000000099999999990 0.00000000099999999990 0.00000000099999999990 0.00000000099999999990 0.00000000099999999990 0.00000000099999999990
52 52 (0) 3 : 0.16898310188510204388 0.10146528823254503948 0.00000000099999999999 0.00000000099999999999 0.09031661579346710045 0.35502465536624833176 0.00000000099999999999 0.28421033572263743050
53 53 (0) 3 : 0.00000000099999999989 0.00000000099999999989 0.00000000099999999989 0.99999999299999997593 0.00000000099999999989 0.00000000099999999989 0.00000000099999999989 0.00000000099999999989
54 54 (0) 3 : 0.56431432992346808319 0.00000000099999999998 0.00000000099999999998 0.09095565067404269566 0.15530105322244985855 0.00000000099999999998 0.18942896218003948960 0.00000000099999999998
55 55 (0) 3 : 0.39094372760095585928 0.04615846018717621041 0.00000000099999999999 0.07576314223911086165 0.17580708345359347122 0.00000000099999999999 0.31132758351916373085 0.00000000099999999999
56 56 (0) 3 : 0.00000000099999999987 0.00000000099999999987 0.00000000099999999987 0.99999999299999997593 0.00000000099999999987 0.00000000099999999987 0.00000000099999999987 0.00000000099999999987
57 57 (0) 3 : 0.00000000099999999987 0.00000000099999999987 0.00000000099999999987 0.99999999299999997593 0.00000000099999999987 0.00000000099999999987 0.00000000099999999987 0.00000000099999999987
58 58 (0) 3 : 0.99999999300000008695 0.00000000099999999990 0.00000000099999999990 0.00000000099999999990 0.00000000099999999990 0.00000000099999999990 0.00000000099999999990 0.00000000099999999990
59 59 (0) 3 : 0.00000000099999999998 0.01475784263027695581 0.24954288522110706916 0.32131612529110681331 0.00000000107133667784 0.41438314278617255360 0.00000000099999999998 0.00000000099999999998
60 60 (0) 4 : 0.00000000099999999986 0.00000000099999999986 0.99999999300000008695 0.00000000099999999986 0.00000000099999999986 0.00000000099999999986 0.00000000099999999986 0.00000000099999999986
61 61 (0) 4 : 0.00000000099999999997 0.29973543222678145082 0.00000000099999999997 0.00000000099999999997 0.70026456177321860785 0.00000000099999999997 0.00000000099999999997 0.00000000099999999997
62 62 (0) 4 : 0.00895618705872906588 0.14368082045092442356 0.15879629107731380033 0.12506183347547206175 0.00000000099999999999 0.37110556534440086729 0.00000000099999999999 0.19239930059315979438
63 63 (0) 4 : 0.00000000099999999993 0.00000000099999999993 0.00000000099999999993 0.00000000099999999993 0.00000000099999999993 0.00000000099999999993 0.99999999299999986491 0.00000000099999999993
64 64 (0) 4 : 0.00000000099999999997 0.00000000099999999997 0.00000000099999999997 0.00000000099999999997 0.00000000099999999997 0.80701632300399384068 0.00000000099999999997 0.19298367099600621799
65 65 (0) 4 : 0.00000000099999999997 0.34857503542512197070 0.00000000099999999997 0.00000000099999999997 0.10437870138094104688 0.47889726198171767013 0.06814899721221936990 0.00000000099999999997
66 66 (0) 4 : 0.00000000099999999993 0.00000000099999999993 0.00000000099999999993 0.00000000099999999993 0.00000000099999999993 0.99999999300000008695 0.00000000099999999993 0.00000000099999999993
67 67 (0) 4 : 0.24773244156421203588 0.00000000099999999999 0.00000000099999999999 0.10987902918961704735 0.04448339634205158988 0.28704498165361719275 0.00000000099999999999 0.31086014825050212185
68 68 (0) 4 : 0.00000000099999999999 0.35492969097158516556 0.25034280083863308386 0.38864387347803019956 0.00000000517834496812 0.00000000099999999999 0.00608362653340642490 0.00000000099999999999
69 69 (0) 4 : 0.00000000099999999987 0.00000000099999999987 0.00000000099999999987 0.00000000099999999987 0.00000000099999999987 0.00000000099999999987 0.99999999299999997593 0.00000000099999999987
70 70 (0) 4 : 0.06836876753331913581 0.14118824841744134768 0.00000000099999999999 0.00000000099999999999 0.41145521182081651324 0.16372883439460542143 0.00000000099999999999 0.21525893483381758342
71 71 (0) 4 : 0.12985323467574061418 0.23243630467493836544 0.20454521432439654038 0.02802310850655279420 0.00000000099999999998 0.32749675876061346003 0.07764537705775823029 0.00000000099999999998
72 72 (0) 4 : 0.00000000099999999997 0.32366027289776144737 0.00000000099999999997 0.00000000099999999997 0.00000000099999999997 0.00000000099999999997 0.00000000099999999997 0.67633972110223827823
73 73 (0) 4 : 0.29984681107192678873 0.05715692932982043700 0.00000000099999999999 0.28552641235411946319 0.00000000099999999999 0.00000000099999999999 0.27815246144761013314 0.07931738279652322809
74 74 (0) 4 : 0.00000000099999999999 0.50221633385162389729 0.00000000445638497559 0.00000000099999999999 0.00000000099999999999 0.26183322288335203476 0.23595043480863917007 0.00000000099999999999
75 75 (0) 4 : 0.00000000099999999998 0.12032143386515471717 0.07932322057420369832 0.00000000099999999998 0.00000000099999999998 0.37280436998927446446 0.42755097157136712216 0.00000000099999999998
76 76 (0) 4 : 0.18515295011817081705 0.00000000099999999999 0.00000000099999999999 0.24830870853558220657 0.00000000099999999999 0.11728859061043306333 0.33035093605342374934 0.11889881168239016529
77 77 (0) 4 : 0.13405158246788567711 0.00000004891719059542 0.20833702885150354178 0.38857971530805207605 0.00365783177101746803 0.02902349291878385251 0.23635029876556676309 0.00000000100000000000
78 78 (0) 4 : 0.12723876598228939239 0.28055051620654836153 0.17013530798008696943 0.03702358864454214499 0.00000000099999999999 0.15813250555978844436 0.22691931362674463979 0.00000000099999999999
79 79 (0) 4 : 0.30705859237319987898 0.16661682384380388511 0.00000000099999999999 0.16527228320090350810 0.00000000099999999999 0.08882125863426217072 0.27223103894783040602 0.00000000099999999999
80 80 (0) 4 : 0.00000000099999999998 0.00000000099999999998 0.12613261267068853755 0.41614327137158402259 0.00000000099999999998 0.00000000099999999998 0.45772411095772747025 0.00000000099999999998
81 81 (0) 4 : 0.00000000100000000000 0.22223287677119907269 0.14403073751792513923 0.00649767693787258686 0.22413853434847227919 0.04053249309228352387 0.00003922398918376631 0.36252845634306357647
82 82 (0) 4 : 0.04755662156881393376 0.30982814962281107762 0.33439890669805133472 0.00535261124098988794 0.00000000100000000000 0.00000000100000000000 0.30286370786933392019 0.00000000100000000000
83 83 (0) 4 : 0.17559744755363002056 0.00000000099999999998 0.00018698314241116516 0.55956725230534609672 0.00000000099999999998 0.26464831299861280023 0.00000000099999999998 0.00000000099999999998
84 84 (0) 4 : 0.19760762607455428785 0.00000000099999999999 0.00000000099999999999 0.34887930427060154237 0.00000000099999999999 0.30428864439709268908 0.00000000099999999999 0.14922442125775159383
85 85 (0) 4 : 0.00000000099999999998 0.00000000099999999998 0.24776119936094270768 0.00000000099999999998 0.48036162602780524411 0.00000000099999999998 0.27187716961125196757 0.00000000099999999998
86 86 (0) 5 : 0.27689843971315186710 0.00000000099999999999 0.07147396021761751039 0.15357644053074165358 0.11735656734836014126 0.38069458919012888476 0.00000000099999999999 0.00000000099999999999
87 87 (0) 5 : 0.20192173939058605248 0.17244349483406659629 0.00000000099999999999 0.24874906149849973502 0.00000000099999999999 0.00000000099999999999 0.22600929745558004380 0.15087640382126746297
88 88 (0) 5 : 0.24118931721935446544 0.00000000099999999999 0.30424294849043614919 0.00000000099999999999 0.00000000099999999999 0.45456772830736719149 0.00000000099999999999 0.00000000198284236573
89 89 (0) 5 : 0.00000000099999999999 0.48563073858026323260 0.00000000099999999999 0.06421432598057220942 0.00000000099999999999 0.00000000099999999999 0.45015493043916460225 0.00000000099999999999
90 90 (0) 5 : 0.00000000099999999990 0.99999999300000008695 0.00000000099999999990 0.00000000099999999990 0.00000000099999999990 0.00000000099999999990 0.00000000099999999990 0.00000000099999999990
91 91 (0) 5 : 0.62065087459431189654 0.00000000099999999998 0.00000000099999999998 0.24085125029306830857 0.00000000099999999998 0.00000000099999999998 0.00000000099999999998 0.13849787011261988079
92 92 (0) 5 : 0.11594278223294811336 0.00000001073753821575 0.17726736925587763261 0.00000000099999999998 0.00000000099999999998 0.41490120119562590162 0.29188863357801003717 0.00000000099999999998
93 93 (0) 5 : 0.99999999300000008695 0.00000000099999999990 0.00000000099999999990 0.00000000099999999990 0.00000000099999999990 0.00000000099999999990 0.00000000099999999990 0.00000000099999999990
94 94 (0) 5 : 0.00000000099999999999 0.24322195963706269572 0.00000000099999999999 0.33328417857308428873 0.00000000099999999999 0.14765483115529157154 0.20460003431815146357 0.07123899331640989874
95 95 (0) 5 : 0.16991314468658597070 0.00000000099999999997 0.00000000099999999997 0.26709605673356223710 0.56299079357985182259 0.00000000099999999997 0.00000000099999999997 0.00000000099999999997
96 96 (0) 5 : 0.52787124888514325161 0.00000000099999999997 0.00000000172610825017 0.00000000099999999997 0.00000000099999999997 0.00000000155587417720 0.47212874383287428692 0.00000000099999999997
97 97 (0) 5 : 0.00000000099999999998 0.00000014576643546329 0.00000000099999999998 0.30517855212291850053 0.00000000099999999998 0.00000000099999999998 0.36079570040682940046 0.33402559770381651250
98 98 (0) 5 : 0.00000000099999999998 0.00000000099999999998 0.00000000099999999998 0.00000000099999999998 0.17612187496455894431 0.82387811903544116987 0.00000000099999999998 0.00000000099999999998
99 99 (0) 5 : 0.40243045049661213541 0.00000000099999999998 0.14882378841131044256 0.00000000099999999998 0.00000000099999999998 0.00000000099999999998 0.44874575609207756344 0.00000000099999999998
100 100 (0) 5 : 0.00000000099999999992 0.00000000099999999992 0.00000000099999999992 0.00000000099999999992 0.00000000099999999992 0.99999999300000008695 0.00000000099999999992 0.00000000099999999992
101 101 (0) 5 : 0.66903342490059536374 0.00000000099999999999 0.00000000099999999999 0.00000000099999999999 0.00000000099999999999 0.33096656909940491698 0.00000000099999999999 0.00000000099999999999
102 102 (0) 5 : 0.44921503388029415671 0.49038535413698380871 0.00000000099999999998 0.00000000099999999998 0.00000000099999999998 0.06039960698272216211 0.00000000099999999998 0.00000000099999999998
103 103 (0) 5 : 0.37918771762859582175 0.00000000099999999998 0.00000000099999999998 0.00000000099999999998 0.00000000099999999998 0.62081227637140401487 0.00000000099999999998 0.00000000099999999998
104 104 (0) 5 : 0.22855059921995588001 0.00000000099999999999 0.00000000099999999999 0.24882885892942688266 0.00000000099999999999 0.24087686389885429317 0.00000000099999999999 0.28174367395176286299
105 105 (0) 5 : 0.47969804099286811327 0.00000000099999999999 0.00129188737031572342 0.20809404227779684793 0.00000000099999999999 0.31091602535901935456 0.00000000099999999999 0.00000000099999999999
106 106 (0) 5 : 0.09124896034773630205 0.25462030634239873894 0.22612511755762471077 0.00000000100000000000 0.06091461121180372085 0.21384066207528507064 0.15325033811454247257 0.00000000335060912149
107 107 (0) 5 : 0.34910452585088730393 0.34368147937082832444 0.12505984020709789983 0.00000000100000000000 0.00000000380589432953 0.00000000763416587068 0.13609156331880573054 0.04606257881232055790
108 108 (0) 5 : 0.35526982874052953632 0.29559578631120903003 0.00390548360317156257 0.00000000099999999999 0.20918591636136657508 0.13604298198372347106 0.00000000099999999999 0.00000000099999999999
109 109 (0) 5 : 0.63115226739867891226 0.00000000099999999998 0.00000000099999999998 0.00000000099999999998 0.26585072008894466977 0.00000000099999999998 0.00000000099999999998 0.10299700751237660101
110 110 (0) 5 : 0.00000000099999999999 0.00000000099999999999 0.57125724050646975449 0.00000006538793361497 0.00000000099999999999 0.00000000099999999999 0.42874268910559665269 0.00000000099999999999
111 111 (0) 5 : 0.22728246782168359807 0.03387847137651420898 0.00000010443495360595 0.23646352145224389107 0.00000000099999999999 0.31339905345453306085 0.18897637946007159182 0.00000000099999999999
112 112 (0) 5 : 0.29326014888935431069 0.12949673773586711789 0.00000000099999999997 0.28081654568638403369 0.00000000099999999997 0.00000000099999999997 0.29642656368839453984 0.00000000099999999997
113 113 (0) 4 : 0.00954884123529937436 0.30309716218199633797 0.00072442267864370803 0.00000000099999999999 0.00000000099999999999 0.59280825532580305737 0.09382131557825737489 0.00000000099999999999
114 114 (0) 6 : 0.17054096975485122378 0.00000000099999999998 0.00000000099999999998 0.00000000099999999998 0.16213090534211860305 0.37767073551806601417 0.28965738538496421661 0.00000000099999999998
115 115 (0) 6 : 0.00000000099999999998 0.00000000099999999998 0.00000000099999999998 0.00000000099999999998 0.17990248861673055480 0.63581976981688403949 0.00000000099999999998 0.18427773656638549160
116 116 (0) 6 : 0.00000000208073220258 0.00000000099999999999 0.27740569112113089290 0.00000000099999999999 0.19460110890692913777 0.24591456854619617167 0.00000000099999999999 0.28207862634501157384
117 117 (0) 6 : 0.00000000099999999989 0.00000000099999999989 0.00000000099999999989 0.00000000099999999989 0.00000000099999999989 0.00000000099999999989 0.00000000099999999989 0.99999999299999997593
118 118 (0) 6 : 0.00000000099999999997 0.00000000099999999997 0.00000000099999999997 0.00000000099999999997 0.44926300293174226130 0.00000000099999999997 0.55073699106825768634 0.00000000099999999997
119 119 (0) 6 : 0.00000000099999999991 0.00000000099999999991 0.26737276671466359002 0.00000000099999999991 0.73262722728533646865 0.00000000099999999991 0.00000000099999999991 0.00000000099999999991
120 120 (0) 6 : 0.00000000099999999992 0.00000000099999999992 0.00000000099999999992 0.27639324878132809360 0.00000000099999999992 0.00000000099999999992 0.72360674521867163200 0.00000000099999999992
121 121 (0) 6 : 0.00000000100000000000 0.00000000100000000000 0.00002298551587564650 0.28888421361862337555 0.05360255437458233407 0.24621378969967505634 0.27865891927052566235 0.13261753552071800510
122 122 (0) 6 : 0.45187996035424826680 0.27743241755545661187 0.00000000099999999998 0.23448876602614732167 0.00000000099999999998 0.00000000099999999998 0.00000000099999999998 0.03619885206414785034
123 123 (0) 6 : 0.07299716434072310578 0.00000000771167428669 0.00000000100000000000 0.00000055362709350817 0.07558734313455417464 0.30457677473250199807 0.18693816656386955111 0.35989998888958324441
124 124 (0) 6 : 0.18782253494377862402 0.07425413781632085597 0.05407832084427931923 0.19226629464166414274 0.00000000099999999999 0.22519763674060994108 0.26638107301334712496 0.00000000099999999999
125 125 (0) 6 : 0.52804000054601885061 0.00000000099999999999 0.00000000099999999999 0.00000000099999999999 0.12101606552088815805 0.00000000099999999999 0.34409123003879199532 0.00685269989430107446
126 126 (0) 6 : 0.36900901801404684122 0.32642287041762840794 0.11168890832413817804 0.00000000099999999999 0.00000000099999999999 0.00000000099999999999 0.19287919924418650552 0.00000000099999999999
127 127 (0) 6 : 0.20457679770247555462 0.00000000099999999998 0.00000165818613505997 0.24494278380689887831 0.55047875630449050188 0.00000000099999999998 0.00000000099999999998 0.00000000099999999998
128 128 (0) 6 : 0.21254913559578678117 0.00000000099999999999 0.00000000099999999999 0.29062741454310986322 0.00000000099999999999 0.22032823617387919946 0.27649520968722407499 0.00000000099999999999
129 129 (0) 6 : 0.00000000099999999998 0.11074877882797674877 0.01351578656607249455 0.18717687941426380815 0.00000000099999999998 0.35911106407313192479 0.32944748811855500970 0.00000000099999999998
130 130 (0) 6 : 0.09426194112866588537 0.15740021484610700053 0.00000000099999999998 0.00000000099999999998 0.00000000099999999998 0.20228387397997302233 0.23230547869659332050 0.31374848834866059244
131 131 (0) 6 : 0.00000000099999999998 0.00000013444169776812 0.00000000099999999998 0.00000000099999999998 0.64639000543140934241 0.00000000099999999998 0.35360985512689280252 0.00000000099999999998
132 132 (0) 6 : 0.37693811251402958851 0.10998224051741151142 0.27009297360225020812 0.00114304594556589607 0.00000000099999999999 0.24184362442074278099 0.00000000099999999999 0.00000000099999999999
133 133 (0) 6 : 0.69378009601164980502 0.00000000099999999999 0.00000000099999999999 0.30621989721889492087 0.00000000099999999999 0.00000000099999999999 0.00000000176945538619 0.00000000099999999999
134 134 (0) 6 : 0.17637009223466296182 0.13657196571623664294 0.12917096975309735885 0.28877052540800129954 0.06834807283931888799 0.20076837073639616782 0.00000000100000000000 0.00000000231228659972
135 135 (0) 6 : 0.00000000099999999999 0.00000000099999999999 0.00000000099999999999 0.00000000099999999999 0.48251083106502029585 0.14990814474237970644 0.10913945174640066194 0.25844156844619936564
136 136 (0) 6 : 0.10556543117361887052 0.20573157341776113216 0.13019834724562129313 0.06701477670781551266 0.01854583479291120954 0.32288720468577519762 0.04031737911732288793 0.10973945285917388603
137 137 (0) 6 : 0.18320900216565327856 0.10954431435897901692 0.09514727489502138036 0.27852381956537353158 0.09919663154030691765 0.00000000100000000000 0.23437895547466588986 0.00000000100000000000
138 138 (0) 6 : 0.00000000099999999999 0.50273140413948746996 0.00004425616959194709 0.23818684741631421242 0.00000000099999999999 0.24047142658854192554 0.00000021978168039162 0.01856584390438418761
139 139 (0) 6 : 0.00000000099999999998 0.00000000099999999998 0.00000000099999999998 0.49819541450548449069 0.09829137226474880806 0.40351320822976666225 0.00000000099999999998 0.00000000099999999998
140 140 (0) 6 : 0.00000000099999999999 0.26863830756028744817 0.00000000099999999999 0.24228829591310685476 0.00006666263087692819 0.00000000099999999999 0.00193849748080666159 0.48706823341492211377
141 141 (0) 6 : 0.00000000099999999984 0.00000000099999999984 0.99999999300000008695 0.00000000099999999984 0.00000000099999999984 0.00000000099999999984 0.00000000099999999984 0.00000000099999999984
142 142 (0) 7 : 0.17227994525593195996 0.22281386389472659926 0.00000000099999999999 0.18199575796243533388 0.00000000099999999999 0.26933114905533861450 0.15357928083156754950 0.00000000099999999999
143 143 (0) 7 : 0.00000000099999999990 0.00000000099999999990 0.00000000099999999990 0.00000000099999999990 0.99999999300000008695 0.00000000099999999990 0.00000000099999999990 0.00000000099999999990
144 144 (0) 7 : 0.10076876597364661792 0.12632944572366308633 0.00000000100000000000 0.30827875989723485528 0.12280914363352257723 0.25343428831762393472 0.08837959445430895733 0.00000000100000000000
145 145 (0) 7 : 0.00000000099999999998 0.00000000099999999998 0.00000000099999999998 0.00000000099999999998 0.04602410094998041212 0.51164072150043538034 0.44233517254958415466 0.00000000099999999998
146 146 (0) 7 : 0.00000000099999999997 0.61585766146642972885 0.00000000099999999997 0.00000000099999999997 0.00000000099999999997 0.00000000099999999997 0.00000000099999999997 0.38414233253357055187
147 147 (0) 7 : 0.99999999300000019797 0.00000000099999999987 0.00000000099999999987 0.00000000099999999987 0.00000000099999999987 0.00000000099999999987 0.00000000099999999987 0.00000000099999999987
148 148 (0) 7 : 0.00000000099999999998 0.08677087869709533552 0.01672178769373630636 0.32718735637317997167 0.00000000099999999998 0.37552120508467062843 0.19379876915131774573 0.00000000099999999998
149 149 (0) 7 : 0.16672116015733667860 0.00000000099999999999 0.00000000099999999999 0.10296009619354466735 0.48735943661253217085 0.00000000617477850101 0.00000000099999999999 0.24295929786180797683
150 150 (0) 7 : 0.00000000099999999983 0.00000000099999999983 0.99999999300000008695 0.00000000099999999983 0.00000000099999999983 0.00000000099999999983 0.00000000099999999983 0.00000000099999999983
151 151 (0) 7 : 0.00000000099999999997 0.00000000099999999997 0.00000000099999999997 0.34903090514696810676 0.22928433402152806342 0.00000000099999999997 0.00000000099999999997 0.42168475583150394348
152 152 (0) 7 : 0.29478425440754701947 0.05691681956044811197 0.08555434543461834518 0.11986828343361177751 0.00000000100000000000 0.24507440767802954329 0.18886837061652020364 0.00893351786922498732
153 153 (0) 7 : 0.00000000099999999985 0.00000000099999999985 0.00000000099999999985 0.00000000099999999985 0.99999999299999997593 0.00000000099999999985 0.00000000099999999985 0.00000000099999999985
154 154 (0) 7 : 0.84121436480921030210 0.00000000099999999996 0.00000000099999999996 0.00000000099999999996 0.00000000099999999996 0.00002144028425105113 0.00000000099999999996 0.15876418990653876073
155 155 (0) 7 : 0.00000000099999999997 0.00000000099999999997 0.46311728789079237290 0.00000000099999999997 0.00000000099999999997 0.00000000099999999997 0.00000000099999999997 0.53688270610920740822
156 156 (0) 7 : 0.00000000099999999990 0.00000000099999999990 0.00000000099999999990 0.00000000099999999990 0.00000000099999999990 0.99999999300000008695 0.00000000099999999990 0.00000000099999999990
157 157 (0) 7 : 0.35067436028481513421 0.14676103745463456307 0.00000000099999999997 0.00000000099999999997 0.00000000099999999997 0.50256459726055036086 0.00000000099999999997 0.00000000099999999997
158 158 (0) 7 : 0.31401268880195681854 0.09934460622794077933 0.00000000099999999999 0.12842252285015018365 0.13540487757134908597 0.24406312771355229141 0.07875217483505082827 0.00000000099999999999
159 159 (0) 7 : 0.00000000099999999999 0.02915052143618590899 0.44314629932913185417 0.00000000099999999999 0.52770317423468215967 0.00000000099999999999 0.00000000099999999999 0.00000000099999999999
160 160 (0) 7 : 0.32501420546785869670 0.00000000099999999999 0.00000000099999999999 0.11064891793454532942 0.39768909974855082279 0.00000000099999999999 0.16664777284904502830 0.00000000099999999999
161 161 (0) 7 : 0.00000000099999999989 0.00000000099999999989 0.00000000099999999989 0.00000000099999999989 0.00000000099999999989 0.00000000099999999989 0.00000000099999999989 0.99999999300000008695
162 162 (0) 7 : 0.00000000099999999995 0.00000000099999999995 0.00000000099999999995 0.00000000099999999995 0.00000000099999999995 0.00000000099999999995 0.84485530817603260445 0.15514468582396728769
163 163 (0) 7 : 0.00000000099999999996 0.00000000099999999996 0.00000000099999999996 0.53746805028892752354 0.00000000099999999996 0.46253194371107253513 0.00000000099999999996 0.00000000099999999996
164 164 (0) 7 : 0.00000000099999999999 0.40348744495704919055 0.00000000099999999999 0.00000000099999999999 0.14779824313824030391 0.26276284139068406542 0.00000000099999999999 0.18595146651402630344
165 165 (0) 7 : 0.00000000099999999997 0.00000000099999999997 0.00000000099999999997 0.00000000099999999997 0.42381011381512079250 0.00000000099999999997 0.57618988018487915514 0.00000000099999999997
166 166 (0) 7 : 0.00000000099999999996 0.00000000099999999996 0.00000000099999999996 0.00000000099999999996 0.00000000099999999996 0.00000000921823330546 0.77544872709359580210 0.22455125868817082946
167 167 (0) 7 : 0.50775725067456967121 0.00000000099999999998 0.00053053653120364690 0.00000000142010454321 0.00000000099999999998 0.49171220737412218993 0.00000000099999999998 0.00000000099999999998
168 168 (0) 7 : 0.12934477531156235441 0.14727200991244418504 0.13958791303726014732 0.13080890541198050836 0.00000000100000000000 0.26408227377214371634 0.11427116306221991870 0.07463295849238914259
169 169 (0) 7 : 0.00000000099999999998 0.00000000099999999998 0.00000000099999999998 0.17180271216576031845 0.82819728183423968471 0.00000000099999999998 0.00000000099999999998 0.00000000099999999998
1 1 (0) 1 : 0.00000000100000000000 0.00000000199689562324 0.25150855027011187470 0.29409461273529929892 0.12938875059472890183 0.10101857266110050859 0.06354280362195813270 0.16044670711990569045
2 2 (0) 1 : 0.00000000099999999999 0.00000000099999999999 0.32028055792449622308 0.00000000099999999999 0.00000000099999999999 0.43667980752174462289 0.14284248807653857072 0.10019714247722054379
3 3 (0) 1 : 0.20043137107416647558 0.00000000099999999999 0.14564418788752017675 0.10654108390330439826 0.19738796880508896470 0.33026230686648577750 0.00000000099999999999 0.01973307946343423602
4 4 (0) 1 : 0.00000000099999999990 0.00000000099999999990 0.99999999299999997593 0.00000000099999999990 0.00000000099999999990 0.00000000099999999990 0.00000000099999999990 0.00000000099999999990
5 5 (0) 1 : 0.00000000099999999996 0.00000000099999999996 0.00000000099999999996 0.29633917708748386266 0.70366081691251602948 0.00000000099999999996 0.00000000099999999996 0.00000000099999999996
6 6 (0) 1 : 0.31834589291091613950 0.00000000099999999999 0.24856231615198248752 0.00912877742701252715 0.30357048809072378903 0.12039252241936503063 0.00000000099999999999 0.00000000099999999999
7 7 (0) 1 : 0.00000000099999999986 0.00000000099999999986 0.00000000099999999986 0.00000000099999999986 0.00000000099999999986 0.00000000099999999986 0.00000000099999999986 0.99999999299999997593
8 8 (0) 1 : 0.00000000099999999999 0.00000000099999999999 0.00000000099999999999 0.00000000099999999999 0.00000000099999999999 0.42056263356938161646 0.00000000099999999999 0.57943736043061844221
9 9 (0) 1 : 0.00000000099999999999 0.00000000099999999999 0.30293746050546355164 0.69706253349453650703 0.00000000099999999999 0.00000000099999999999 0.00000000099999999999 0.00000000099999999999
10 10 (0) 1 : 0.00000000099999999999 0.00000000099999999999 0.00007031623468627002 0.58662093624122002566 0.00000000099999999999 0.00000000099999999999 0.41330874252409383063 0.00000000099999999999
11 11 (0) 1 : 0.00000000099999999994 0.37334457801684239886 0.00000000099999999994 0.62665541598315765981 0.00000000099999999994 0.00000000099999999994 0.00000000099999999994 0.00000000099999999994
12 12 (0) 1 : 0.00000000099999999999 0.00000000099999999999 0.00000000099999999999 0.64698339759015077721 0.00000023467131032367 0.35301636273853898018 0.00000000099999999999 0.00000000099999999999
13 13 (0) 2 : 0.00000000099999999997 0.51718980412793291723 0.00000000099999999997 0.00000000099999999997 0.00000000099999999997 0.48281018987206725246 0.00000000099999999997 0.00000000099999999997
14 14 (0) 2 : 0.00000000099999999982 0.00000000099999999982 0.00000000099999999982 0.99999999300000008695 0.00000000099999999982 0.00000000099999999982 0.00000000099999999982 0.00000000099999999982
15 15 (0) 2 : 0.00000000099999999985 0.00000000099999999985 0.00000000099999999985 0.99999999300000008695 0.00000000099999999985 0.00000000099999999985 0.00000000099999999985 0.00000000099999999985
16 16 (0) 2 : 0.00000000099999999988 0.99999999300000008695 0.00000000099999999988 0.00000000099999999988 0.00000000099999999988 0.00000000099999999988 0.00000000099999999988 0.00000000099999999988
17 17 (0) 2 : 0.00000000100000000000 0.39301358368113942232 0.00000000100000000000 0.00000000100000000000 0.12660502722887120863 0.00000000100000000000 0.11285215920854053950 0.36752922588144865124
18 18 (0) 2 : 0.00000000099999999997 0.33125052775384900006 0.00000000099999999997 0.66874946624615094759 0.00000000099999999997 0.00000000099999999997 0.00000000099999999997 0.00000000099999999997
19 19 (0) 2 : 0.00000000099999999997 0.99999999300000008695 0.00000000099999999997 0.00000000099999999997 0.00000000099999999997 0.00000000099999999997 0.00000000099999999997 0.00000000099999999997
20 20 (0) 2 : 0.28610028561307360162 0.23517618783423988038 0.00000000099999999999 0.00100697791558458714 0.19118227835970891260 0.18922657711117479851 0.00000000099999999999 0.09730769116621836023
21 21 (0) 2 : 0.00000000099999999999 0.00000000099999999999 0.35997726097692600566 0.00000000099999999999 0.00000000099999999999 0.64002273302307388647 0.00000000099999999999 0.00000000099999999999
22 22 (0) 2 : 0.00052425820656255644 0.28501923706946069581 0.00000000099999999999 0.18608992846328806237 0.33410111651636359431 0.06825687041365836871 0.00000000099999999999 0.12600858733066663819
23 23 (0) 2 : 0.00000000099999999999 0.41047042348082318775 0.08317694042108959851 0.24504285333953981785 0.00000000099999999999 0.26130977875854738413 0.00000000099999999999 0.00000000099999999999
24 24 (0) 2 : 0.00000000099999999997 0.00000000099999999997 0.00000000099999999997 0.00000000099999999997 0.00000000099999999997 0.39116167273197649523 0.29892350493513064613 0.30991481733289283351
25 25 (0) 2 : 0.00000000099999999996 0.00000000099999999996 0.00000000099999999996 0.51268769194256536004 0.00000000099999999996 0.20180951058586135693 0.28550279247157317464 0.00000000099999999996
26 26 (0) 2 : 0.00000000099999999995 0.00000000099999999995 0.00000000099999999995 0.25862439499967515566 0.74137559900032479199 0.00000000099999999995 0.00000000099999999995 0.00000000099999999995
27 27 (0) 2 : 0.08262938812891189311 0.07228459096111899962 0.11255570148480698034 0.12233861771554054021 0.29984253333149507581 0.31034916637812642870 0.00000000099999999999 0.00000000099999999999
28 28 (0) 2 : 0.00000000099999999997 0.00000000099999999997 0.00000000099999999997 0.99999999299999997593 0.00000000099999999997 0.00000000099999999997 0.00000000099999999997 0.00000000099999999997
29 29 (0) 2 : 0.00000000099999999998 0.00000000099999999998 0.00000000099999999998 0.00000000099999999998 0.99999999300000008695 0.00000000099999999998 0.00000000099999999998 0.00000000099999999998
30 30 (0) 2 : 0.00000000099999999998 0.00000000099999999998 0.00000000099999999998 0.48390814261974746113 0.00000000099999999998 0.00000003428543966949 0.00000000099999999998 0.51609181809481274872
31 31 (0) 2 : 0.41608233371449288018 0.11790108810756028124 0.04303085872673358819 0.21712076551002057467 0.20584377462222566701 0.00000000099999999999 0.00002117731896703292 0.00000000099999999999
32 32 (0) 2 : 0.10703797782121309001 0.03919160746506646781 0.00010205243553435140 0.24118549277856191071 0.14016330564102544298 0.16059428672402026317 0.19764131471338144963 0.11408396242119714370
33 33 (0) 2 : 0.00000000099999999980 0.99999999300000019797 0.00000000099999999980 0.00000000099999999980 0.00000000099999999980 0.00000000099999999980 0.00000000099999999980 0.00000000099999999980
34 34 (0) 3 : 0.00000000099999999995 0.00000000099999999995 0.00000000099999999995 0.00000000099999999995 0.77558083147874534724 0.00000000099999999995 0.00000000099999999995 0.22441916252125473918
35 35 (0) 3 : 0.53597661893105996711 0.01094352027529520155 0.41853404889704942660 0.00000000099999999998 0.00000000099999999998 0.00000000099999999998 0.00000000099999999998 0.03454580789659535828
36 36 (0) 3 : 0.00000000099999999992 0.00000000099999999992 0.00000000099999999992 0.00000000099999999992 0.00000000099999999992 0.00000000099999999992 0.99999999299999997593 0.00000000099999999992
37 37 (0) 3 : 0.01148611257053197207 0.00000000099999999998 0.21692135250676847225 0.00000000099999999998 0.49075524148807908587 0.00000000099999999998 0.00000000099999999998 0.28083728943462055172
38 38 (0) 3 : 0.00000000099999999999 0.00000000099999999999 0.00000000099999999999 0.02636763353140095245 0.42101491575809840695 0.41054035240819830577 0.14207709430230222591 0.00000000099999999999
39 39 (0) 3 : 0.71048734336790742017 0.00000000099999999997 0.00000000099999999997 0.00000000099999999997 0.00000000099999999997 0.00000000099999999997 0.00000000099999999997 0.28951265063209274953
40 40 (0) 3 : 0.53867267100256821521 0.00245685843093225442 0.00000000100000000000 0.01072543751011539002 0.00000000100000000000 0.28104114767559429389 0.16710388238078990875 0.00000000100000000000
41 41 (0) 3 : 0.48526655139690533236 0.08299578581780206465 0.00000000099999999999 0.00000000161183740716 0.00000000099999999999 0.00000000099999999999 0.28735780538434885223 0.14437985278910636655
42 42 (0) 3 : 0.00000000099999999998 0.25586696112437912198 0.74413303287562104771 0.00000000099999999998 0.00000000099999999998 0.00000000099999999998 0.00000000099999999998 0.00000000099999999998
43 43 (0) 3 : 0.00000000199572596599 0.00000000099999999989 0.00000000099999999989 0.00000000099999999989 0.00000000099999999989 0.00000000099999999989 0.99999999200427402979 0.00000000099999999989
44 44 (0) 3 : 0.00000000099999999999 0.12410393230225870431 0.32981466919070340227 0.00589462368154433560 0.00000000099999999999 0.36372027731920597571 0.17646649450628737466 0.00000000099999999999
45 45 (0) 3 : 0.00000000099999999995 0.00000000099999999995 0.22367343763804656276 0.00000000099999999995 0.00000000099999999995 0.47214272001897833464 0.30418383734297516074 0.00000000099999999995
46 46 (0) 3 : 0.00000000099999999994 0.00000000099999999994 0.00000000099999999994 0.00000000099999999994 0.00000000099999999994 0.99999999299999997593 0.00000000099999999994 0.00000000099999999994
47 47 (0) 3 : 0.00000000099999999999 0.25811072500973186727 0.36435544286854926188 0.00000000099999999999 0.10347656668265610425 0.27405726143906278258 0.00000000099999999999 0.00000000099999999999
48 48 (0) 3 : 0.99999999300000019797 0.00000000099999999990 0.00000000099999999990 0.00000000099999999990 0.00000000099999999990 0.00000000099999999990 0.00000000099999999990 0.00000000099999999990
49 49 (0) 3 : 0.00000000099999999990 0.00000000099999999990 0.00000000099999999990 0.00000000099999999990 0.00000000099999999990 0.99999999300000008695 0.00000000099999999990 0.00000000099999999990
50 50 (0) 3 : 0.27644182091762647957 0.00000000099999999999 0.00000000099999999999 0.00000000099999999999 0.38719585392659888745 0.00000000099999999999 0.33636232015577449683 0.00000000099999999999
51 51 (0) 3 : 0.99999999300000019797 0.00000000099999999993 0.00000000099999999993 0.00000000099999999993 0.00000000099999999993 0.00000000099999999993 0.00000000099999999993 0.00000000099999999993
52 52 (0) 3 : 0.10135248758162783422 0.17457462100698950547 0.00000000100000000000 0.13771692159401235922 0.21969502062389575925 0.07951074011319005097 0.26907292323123394029 0.01807728484905058233
53 53 (0) 3 : 0.32738924254805834568 0.06839145314013851673 0.37432783983115625048 0.07356910220384021981 0.00000000099999999999 0.15632235927680673826 0.00000000099999999999 0.00000000099999999999
54 54 (0) 3 : 0.00000000099999999998 0.09395695557923952612 0.00000000099999999998 0.00000000099999999998 0.59445516886606653006 0.31158787055469405747 0.00000000099999999998 0.00000000099999999998
55 55 (0) 3 : 0.00000000100000000000 0.00508552128152264891 0.24586352379222370379 0.05773016687893280097 0.00001618000647278598 0.31010903181695426145 0.12455003370304110200 0.25664554152085250482
56 56 (0) 3 : 0.19122523357007820133 0.00000000099999999998 0.07836238294978666030 0.00000000099999999998 0.29984170731011056121 0.15829695120522149776 0.27227372196480303934 0.00000000099999999998
57 57 (0) 3 : 0.13850568187457557023 0.00000000099999999999 0.15244930572550816072 0.00000000099999999999 0.23554340656096073303 0.29565366269455556347 0.05125823516042668504 0.12658970598397342733
58 58 (0) 3 : 0.00000000099999999994 0.00000000099999999994 0.00000000099999999994 0.00000000099999999994 0.00000000099999999994 0.67520931363391578639 0.32479068036608427228 0.00000000099999999994
59 59 (0) 3 : 0.35450041171101065451 0.00000000099999999997 0.00000000099999999997 0.10641904499070829748 0.27274005847804988489 0.00000000099999999997 0.26634048082023104032 0.00000000099999999997
60 60 (0) 4 : 0.00000000099999999999 0.31254522003568407928 0.00000000099999999999 0.33637851070129870523 0.00000443467779697277 0.34881767854182166300 0.00000000099999999999 0.00225415304339861809
61 61 (0) 4 : 0.00000000099999999996 0.68888238820314751099 0.31111760579685265871 0.00000000099999999996 0.00000000099999999996 0.00000000099999999996 0.00000000099999999996 0.00000000099999999996
62 62 (0) 4 : 0.33436606009420949404 0.18818087156222715328 0.00000000099999999998 0.00000000099999999998 0.00000000099999999998 0.00105930700064195741 0.30217929062882575852 0.17421446771409548893
63 63 (0) 4 : 0.00000000099999999994 0.00000000099999999994 0.99999999299999997593 0.00000000099999999994 0.00000000099999999994 0.00000000099999999994 0.00000000099999999994 0.00000000099999999994
64 64 (0) 4 : 0.00000000099999999988 0.00000000099999999988 0.00000000099999999988 0.00000000099999999988 0.00000000099999999988 0.00000000099999999988 0.99999999299999986491 0.00000000099999999988
65 65 (0) 4 : 0.89481971724961240078 0.00000000099999999997 0.00000000099999999997 0.10518027675038772728 0.00000000099999999997 0.00000000099999999997 0.00000000099999999997 0.00000000099999999997
66 66 (0) 4 : 0.27346723930996030827 0.01235479553707557153 0.27817147632669914081 0.00000000099999999998 0.00000000099999999998 0.00000000099999999998 0.43600648482626497282 0.00000000099999999998
67 67 (0) 4 : 0.00000000099999999999 0.08076602851010239448 0.00000000099999999999 0.15875312961659804323 0.00000000099999999999 0.24506415929258676401 0.35024781304259028358 0.16516886653812251629
68 68 (0) 4 : 0.00090544286929107403 0.00000032221538834298 0.00000000099999999998 0.00000000099999999998 0.66957707096360552512 0.00000000099999999998 0.00000000099999999998 0.32951715995171504403
69 69 (0) 4 : 0.00000000099999999991 0.00000000099999999991 0.99999999299999997593 0.00000000099999999991 0.00000000099999999991 0.00000000099999999991 0.00000000099999999991 0.00000000099999999991
70 70 (0) 4 : 0.00000000099999999999 0.25951816423132922917 0.00000000099999999999 0.35737023815052954001 0.00000000099999999999 0.00000000099999999999 0.38311159261814126120 0.00000000099999999999
71 71 (0) 4 : 0.48448890619322743101 0.00000000099999999999 0.16124416999363286318 0.00000000099999999999 0.21525585969463748026 0.00000000099999999999 0.00000000099999999999 0.13901106011850222766
72 72 (0) 4 : 0.00000000271811979710 0.29142508725254184787 0.00000000099999999998 0.22614745528294055710 0.00000000099999999998 0.00000000099999999998 0.22807967304547138720 0.25434777870092634133
73 73 (0) 4 : 0.03682350740992331589 0.00000000099999999999 0.13327581040530497858 0.00000000099999999999 0.34730594352762933497 0.17729792677269681778 0.13399247624112350930 0.17130433364332223189
74 74 (0) 4 : 0.50109894167850677071 0.00000080009226279699 0.17383374997712827681 0.00000000099999999999 0.00000000099999999999 0.00000000099999999999 0.32506650425210220634 0.00000000099999999999
75 75 (0) 4 : 0.29100860006926121404 0.00000000099999999998 0.32359935946564866160 0.00000000099999999998 0.13225495297594894173 0.00000000099999999998 0.16730701742735246129 0.08583006706178884782
76 76 (0) 4 : 0.00000000099999999999 0.00000000099999999999 0.30766018507226750023 0.05880965098145198022 0.35253473162920939687 0.28099542831707108315 0.00000000099999999999 0.00000000099999999999
77 77 (0) 4 : 0.00000000100000000000 0.00000000100000000000 0.50213148025864617896 0.17129817171945865839 0.32613162360310687937 0.00000000100000000000 0.00043872041878826852 0.00000000100000000000
78 78 (0) 4 : 0.29421913990980813614 0.00000000099999999998 0.00000000099999999998 0.00000000099999999998 0.12626792318522811476 0.20785378480160376924 0.00000000099999999998 0.37165914810335987095
79 79 (0) 4 : 0.00000000099999999998 0.00000000099999999998 0.00000000099999999998 0.00000000099999999998 0.58871094057413853040 0.41128905342586141725 0.00000000099999999998 0.00000000099999999998
80 80 (0) 4 : 0.00000000099999999998 0.00000000099999999998 0.51859720156066946295 0.00000000099999999998 0.48140279243933048470 0.00000000099999999998 0.00000000099999999998 0.00000000099999999998
81 81 (0) 4 : 0.11262884134773490374 0.30420782779608229740 0.00000000100000000000 0.33989604237756648741 0.12009529923774020510 0.00000000100000000000 0.00010336132221807673 0.12306862591865798395
82 82 (0) 4 : 0.11187537294631016982 0.00000000099999999999 0.32900897990926825099 0.19176144767145039682 0.00000000099999999999 0.36735419547297126774 0.00000000099999999999 0.00000000099999999999
83 83 (0) 4 : 0.28356769073693283145 0.00000000099999999999 0.00000000099999999999 0.02422865436628596908 0.26453687578177476070 0.42765333816780259912 0.00001343794720391333 0.00000000099999999999
84 84 (0) 4 : 0.12875055555957667930 0.00000000100000000000 0.00000000100000000000 0.09392843546941503918 0.25750086872568023200 0.25502827887117268668 0.14677035063111731894 0.11802150874303790618
85 85 (0) 4 : 0.00000000099999999997 0.00000000099999999997 0.00000000099999999997 0.68324770716611293864 0.00000000099999999997 0.00000000099999999997 0.31675228683388712003 0.00000000099999999997
86 86 (0) 5 : 0.00000000099999999991 0.00000000099999999991 0.00000000099999999991 0.00000000099999999991 0.99999999299999997593 0.00000000099999999991 0.00000000099999999991 0.00000000099999999991
87 87 (0) 5 : 0.27758074707115770741 0.00000000100000000000 0.14896918051753549328 0.11996240946389336024 0.21901800920117228677 0.13529288754148571794 0.00310472650371372083 0.09607203870104162602
88 88 (0) 5 : 0.00000000099999999999 0.12976795026310672387 0.00000000099999999999 0.00000000099999999999 0.35669342124924452442 0.30174048486840138183 0.21179813961924739973 0.00000000099999999999
89 89 (0) 5 : 0.00000000099999999999 0.00000000099999999999 0.00000000099999999999 0.06434969796862943792 0.28554225450002601594 0.34825216379035889291 0.30185587974098565534 0.00000000099999999999
90 90 (0) 5 : 0.38042407271138867220 0.09957676068792870039 0.00000000099999999998 0.00000000099999999998 0.07032741950548596077 0.44967174309519675202 0.00000000099999999998 0.00000000099999999998
91 91 (0) 5 : 0.24801380911561071718 0.08758719398678428691 0.00000000099999999999 0.00000000099999999999 0.16556936193618904118 0.39778315970614275265 0.00000022165867760663 0.10104625159659540168
92 92 (0) 5 : 0.15915051323100221081 0.00599452907310191706 0.24485446348642411762 0.00000000100000000000 0.21111391268389079201 0.22647191635199548365 0.15241466317358545735 0.00000000100000000000
93 93 (0) 5 : 0.00000000099999999986 0.00000000099999999986 0.00000000099999999986 0.00000000099999999986 0.00000000099999999986 0.99999999300000008695 0.00000000099999999986 0.00000000099999999986
94 94 (0) 5 : 0.39624366360772655948 0.06723876186454227910 0.38833331984737984310 0.00000000099999999999 0.00000000099999999999 0.00000000099999999999 0.14818425068035137593 0.00000000099999999999
95 95 (0) 5 : 0.00000000099999999998 0.30564128517952465769 0.00000000099999999998 0.25350565841735567263 0.44085305140311958905 0.00000000099999999998 0.00000000099999999998 0.00000000099999999998
96 96 (0) 5 : 0.10234382596159281864 0.00000000099999999998 0.26023833221817027628 0.00000000099999999998 0.00000000099999999998 0.38045225132834981085 0.15657184321106371039 0.10039374428082313562
97 97 (0) 5 : 0.00000000099999999988 0.00000000099999999988 0.00000000099999999988 0.00000000099999999988 0.00000000099999999988 0.00000000099999999988 0.00000000099999999988 0.99999999299999997593
98 98 (0) 5 : 0.00000000099999999999 0.23573900933520419709 0.19880931121098599501 0.00000000099999999999 0.35784898710304857694 0.00000000099999999999 0.20760219721293729500 0.00000049213782400724
99 99 (0) 5 : 0.00000000099999999998 0.00000000099999999998 0.41392964430696632672 0.00000000099999999998 0.00000000099999999998 0.58607034969303362093 0.00000000099999999998 0.00000000099999999998
100 100 (0) 5 : 0.00000000099999999986 0.00000000099999999986 0.00000000099999999986 0.00000000099999999986 0.00000000099999999986 0.00000000099999999986 0.99999999299999997593 0.00000000099999999986
101 101 (0) 5 : 0.99999999300000019797 0.00000000099999999995 0.00000000099999999995 0.00000000099999999995 0.00000000099999999995 0.00000000099999999995 0.00000000099999999995 0.00000000099999999995
102 102 (0) 5 : 0.99999999300000019797 0.00000000099999999995 0.00000000099999999995 0.00000000099999999995 0.00000000099999999995 0.00000000099999999995 0.00000000099999999995 0.00000000099999999995
103 103 (0) 5 : 0.61563494322974032791 0.00000000099999999998 0.00000000099999999998 0.00000000099999999998 0.00000000099999999998 0.00000000099999999998 0.38436505077025967525 0.00000000099999999998
104 104 (0) 5 : 0.41722070946337802555 0.07924006009331810430 0.00000000100000000000 0.17043411951392395398 0.06522797938957006214 0.00000012915059993149 0.23620388519555438056 0.03167311619365559272
105 105 (0) 5 : 0.00000000099999999998 0.00000000099999999998 0.15992263793989022758 0.00000000099999999998 0.11202553621374317094 0.34113285673391335884 0.38691896511245299495 0.00000000099999999998
106 106 (0) 5 : 0.32480627645567700101 0.00000020505104826404 0.13779357793221067019 0.17700624609686677058 0.00000000100000000000 0.29623340270370102090 0.00735372081455662290 0.05680656994593976522
107 107 (0) 5 : 0.50764500969778592054 0.10494504329768715445 0.00000000099999999998 0.00000000099999999998 0.00000000099999999998 0.38740994200452699703 0.00000000099999999998 0.00000000099999999998
108 108 (0) 5 : 0.12290334541156289205 0.14388026689979208084 0.00000000099999999998 0.00000000099999999998 0.00000000099999999998 0.44715848610630487547 0.00213771571379470140 0.28392018286854536768
109 109 (0) 5 : 0.00000000099999999997 0.00000000099999999997 0.00000000099999999997 0.32584007843392825965 0.00000000099999999997 0.67415991556607179902 0.00000000099999999997 0.00000000099999999997
110 110 (0) 5 : 0.00000000099999999999 0.00612134230493104753 0.21341529642122450405 0.00000000099999999999 0.33234005744370953561 0.00000000099999999999 0.00000000099999999999 0.44812329983013493573
111 111 (0) 5 : 0.37163085337404372366 0.00000000099999999997 0.29196869622582216630 0.00000000099999999997 0.00000000099999999997 0.00036626428914685077 0.33603418211098734503 0.00000000099999999997
112 112 (0) 5 : 0.32353714366284730408 0.00000000099999999997 0.19782499609191273038 0.00000000099999999997 0.00000000099999999997 0.47863785524524010695 0.00000000099999999997 0.00000000099999999997
113 113 (0) 4 : 0.00000000099999999998 0.00000000099999999998 0.00000000099999999998 0.00000000099999999998 0.00000000099999999998 0.00000000099999999998 0.99999999299999986491 0.00000000099999999998
114 114 (0) 6 : 0.00000000099999999999 0.10196300383371936782 0.17855977791629631946 0.00000000099999999999 0.25382847467604457981 0.00000000099999999999 0.39316541568075769053 0.07248332489318197458
115 115 (0) 6 : 0.00000000099999999999 0.00000000099999999999 0.18827981395177847967 0.38022596913418810205 0.14812185815401118782 0.00000000099999999999 0.28337235476002220480 0.00000000099999999999
116 116 (0) 6 : 0.00000000099999999999 0.25649949494409574058 0.00000000099999999999 0.20456174513468522447 0.27128116123298634532 0.00000000099999999999 0.00000000099999999999 0.26765759468823258072
117 117 (0) 6 : 0.00000000099999999997 0.00000000099999999997 0.00000000099999999997 0.65940575684147384461 0.00000000099999999997 0.00000000099999999997 0.00000000099999999997 0.34059423715852638059
118 118 (0) 6 : 0.00000000099999999997 0.00000000099999999997 0.00000000099999999997 0.61546501631697392298 0.00000000099999999997 0.38453497768302619120 0.00000000099999999997 0.00000000099999999997
119 119 (0) 6 : 0.00000000259152545967 0.33057217272552047449 0.00000000099999999997 0.50757470944665561419 0.00000000099999999997 0.00000000099999999997 0.00000000099999999997 0.16185311123629866903
120 120 (0) 6 : 0.00000000099999999988 0.00000000099999999988 0.99999999299999997593 0.00000000099999999988 0.00000000099999999988 0.00000000099999999988 0.00000000099999999988 0.00000000099999999988
121 121 (0) 6 : 0.35244756225537759997 0.15148772202869276171 0.37179878223526746650 0.00000000100000000000 0.02071815644002856713 0.00057866498644209652 0.10296911005419145946 0.00000000100000000000
122 122 (0) 6 : 0.29001779383027953552 0.00000000099999999999 0.14134070365087830767 0.00000038296274732575 0.18803491034283129069 0.34620534982623552001 0.00000000099999999999 0.03440085738702793050
123 123 (0) 6 : 0.00000000099999999989 0.00000000099999999989 0.00000000099999999989 0.00000000099999999989 0.00000000099999999989 0.00000000099999999989 0.00000000099999999989 0.99999999299999997593
124 124 (0) 6 : 0.50716603261159298732 0.00000000099999999997 0.49283396138840712686 0.00000000099999999997 0.00000000099999999997 0.00000000099999999997 0.00000000099999999997 0.00000000099999999997
125 125 (0) 6 : 0.00000000099999999999 0.00000000099999999999 0.19858147824190472419 0.14262928747800168727 0.10152651520894126480 0.44999269450357776146 0.00000000552730615052 0.10727001704026842277
126 126 (0) 6 : 0.43274511232971429875 0.00000000099999999998 0.00000000099999999998 0.00000000099999999998 0.00000000099999999998 0.34699288860382521138 0.00000000099999999998 0.22026199406646043699
127 127 (0) 6 : 0.00000000099999999998 0.39359753628074645171 0.00000000099999999998 0.00000000099999999998 0.23894485834895987098 0.00000000099999999998 0.00000000099999999998 0.36745760037029362444
128 128 (0) 6 : 0.07044836696132374121 0.00000000099999999998 0.28219198557746905109 0.00000000099999999998 0.00291361060779125967 0.23754118014582956131 0.24425153421171566515 0.16265332049587061247
129 129 (0) 6 : 0.00000000099999999998 0.00000000099999999998 0.36899161788642537152 0.00000000099999999998 0.26502207601416999383 0.00000000099999999998 0.36598630109940466504 0.00000000099999999998
130 130 (0) 6 : 0.00000000099999999990 0.00000000099999999990 0.00000000099999999990 0.00000000099999999990 0.00000000099999999990 0.00000000099999999990 0.00000000099999999990 0.99999999299999997593
131 131 (0) 6 : 0.00000000099999999999 0.21623734949962802876 0.10356755631713887578 0.40386054261674886323 0.19029199157229417794 0.07080791897369689836 0.01523463902049308240 0.00000000099999999999
132 132 (0) 6 : 0.37169736883478621259 0.10825413796450895909 0.13946925335444063099 0.00000000100000000000 0.00275924753141756256 0.28671223549856117430 0.09110775481628551054 0.00000000100000000000
133 133 (0) 6 : 0.00000000099999999997 0.00000000099999999997 0.00000000099999999997 0.00000000099999999997 0.00000000099999999997 0.99999999300000008695 0.00000000099999999997 0.00000000099999999997
134 134 (0) 6 : 0.24092841306258372391 0.00000000100000000000 0.00000000100000000000 0.12667700056540703857 0.24755890413123365912 0.21997124026879230629 0.12350129536093588933 0.04136314461104758505
135 135 (0) 6 : 0.00000000099999999995 0.74046265970291469394 0.25953733429708553127 0.00000000099999999995 0.00000000099999999995 0.00000000099999999995 0.00000000099999999995 0.00000000099999999995
136 136 (0) 6 : 0.33824553342703983505 0.00164053193103634674 0.00000030604436609804 0.16398819958877444702 0.00000000100000000000 0.26147321700328646221 0.09903394714401422827 0.13561826386148265189
137 137 (0) 6 : 0.00000000100000000000 0.14750975554922826638 0.00929950708905733121 0.00000000100000000000 0.38400795291453609925 0.41689343255041305669 0.00000000100000000000 0.04228934889676515263
138 138 (0) 6 : 0.99999999300000008695 0.00000000099999999994 0.00000000099999999994 0.00000000099999999994 0.00000000099999999994 0.00000000099999999994 0.00000000099999999994 0.00000000099999999994
139 139 (0) 6 : 0.00000000099999999996 0.00000000099999999996 0.00000000099999999996 0.00000000099999999996 0.99999999299999997593 0.00000000099999999996 0.00000000099999999996 0.00000000099999999996
140 140 (0) 6 : 0.03735788701337543205 0.35073830198648608958 0.07841202012816572697 0.00013518609237678664 0.19056522943026876771 0.00000000099999999999 0.09066071335011678667 0.25213066099921038754
141 141 (0) 6 : 0.00000000592500939885 0.21895919408949221507 0.00000000099999999999 0.14959891541980147034 0.36898942776616311390 0.26245245379953396903 0.00000000099999999999 0.00000000099999999999
142 142 (0) 7 : 0.40202947421413554041 0.00000000099999999998 0.00000000099999999998 0.00000000099999999998 0.59797051978586446275 0.00000000099999999998 0.00000000099999999998 0.00000000099999999998
143 143 (0) 7 : 0.00000000099999999989 0.99999999300000019797 0.00000000099999999989 0.00000000099999999989 0.00000000099999999989 0.00000000099999999989 0.00000000099999999989 0.00000000099999999989
144 144 (0) 7 : 0.00000000099999999999 0.06777761789095801404 0.00000000641177567305 0.00000000099999999999 0.42405177584830927584 0.00000000099999999999 0.29982077608821083858 0.20834982076074623492
145 145 (0) 7 : 0.00000000099999999991 0.00000000099999999991 0.99999999300000008695 0.00000000099999999991 0.00000000099999999991 0.00000000099999999991 0.00000000099999999991 0.00000000099999999991
146 146 (0) 7 : 0.66542697837253406146 0.00000000099999999996 0.00000000099999999996 0.33457301562746599721 0.00000000099999999996 0.00000000099999999996 0.00000000099999999996 0.00000000099999999996
147 147 (0) 7 : 0.00000000099999999986 0.00000000099999999986 0.00000000099999999986 0.00000000099999999986 0.00000000099999999986 0.99999999300000008695 0.00000000099999999986 0.00000000099999999986
148 148 (0) 7 : 0.00000000099999999993 0.00000000099999999993 0.25697233505390348896 0.00000000099999999993 0.74302765894609645869 0.00000000099999999993 0.00000000099999999993 0.00000000099999999993
149 149 (0) 7 : 0.00000000099999999997 0.38148111568610715283 0.00000000099999999997 0.33960914473790998480 0.00000000099999999997 0.00000000099999999997 0.27890973457598278173 0.00000000099999999997
150 150 (0) 7 : 0.00000000099999999996 0.00000000099999999996 0.00000000099999999996 0.36263266735366389559 0.63736732664633610757 0.00000000099999999996 0.00000000099999999996 0.00000000099999999996
151 151 (0) 7 : 0.11708452428917515142 0.30703888571859377921 0.00000000099999999999 0.28469747538530648656 0.17326442227424454501 0.00000000099999999999 0.00000000099999999999 0.11791468933268002550
152 152 (0) 7 : 0.00000000099999999999 0.00000000099999999999 0.47194475220172577012 0.00000000099999999999 0.00000000099999999999 0.00001178649843550229 0.52804345629983862054 0.00000000099999999999
153 153 (0) 7 : 0.00000000099999999982 0.99999999300000008695 0.00000000099999999982 0.00000000099999999982 0.00000000099999999982 0.00000000099999999982 0.00000000099999999982 0.00000000099999999982
154 154 (0) 7 : 0.00000000099999999996 0.09342618632327551187 0.00000000099999999996 0.00000000099999999996 0.00000000099999999996 0.56726707200153547728 0.33930673667518884695 0.00000000099999999996
155 155 (0) 7 : 0.00000000099999999995 0.00000000099999999995 0.00000000099999999995 0.47046356052256543823 0.00000000099999999995 0.00000000099999999995 0.00000000099999999995 0.52953643347743428738
156 156 (0) 7 : 0.47033316641193650964 0.00000000099999999997 0.00000000099999999997 0.00000000099999999997 0.02017955958737142549 0.00000000099999999997 0.50948726900069185586 0.00000000099999999997
157 157 (0) 7 : 0.00000000099999999988 0.00000000099999999988 0.00000000099999999988 0.00000000099999999988 0.00000000099999999988 0.00000000099999999988 0.99999999299999997593 0.00000000099999999988
158 158 (0) 7 : 0.35535447624824728630 0.10398955749649319014 0.00000000099999999999 0.00000000099999999999 0.00000000099999999999 0.21018201578696854570 0.30260802721734286758 0.02786592025094800779
159 159 (0) 7 : 0.00000000885239604332 0.40691223171713031270 0.00000000099999999999 0.27852473876023420285 0.31456099783136565184 0.00000000099999999999 0.00000000099999999999 0.00000201983887367676
160 160 (0) 7 : 0.00000000099999999999 0.16700786777669762717 0.09049865423628805639 0.23266034446809469305 0.15162126273433368384 0.33055458713194152409 0.02765728165264420835 0.00000000099999999999
161 161 (0) 7 : 0.00000000099999999997 0.49706689220561139919 0.00000000099999999997 0.21542395757157006830 0.00000000099999999997 0.00000000099999999997 0.00000000099999999997 0.28750914522281850738
162 162 (0) 7 : 0.00000000099999999994 0.00000000099999999994 0.79768890937805159158 0.20231108462194835607 0.00000000099999999994 0.00000000099999999994 0.00000000099999999994 0.00000000099999999994
163 163 (0) 7 : 0.00000000099999999989 0.00000000099999999989 0.00000000099999999989 0.00000000099999999989 0.99999999299999997593 0.00000000099999999989 0.00000000099999999989 0.00000000099999999989
164 164 (0) 7 : 0.48041735452727085676 0.00000000099999999999 0.00000002071323728950 0.26723619937715548112 0.00000002593177536728 0.00000000099999999999 0.00000000099999999999 0.25234639645056100576
165 165 (0) 7 : 0.00000000099999999988 0.00000000099999999988 0.00000000099999999988 0.00000000099999999988 0.00000000099999999988 0.00000000099999999988 0.00000000099999999988 0.99999999300000008695
166 166 (0) 7 : 0.00000000099999999997 0.00000000099999999997 0.42433133212352724950 0.16362730555903137741 0.00000000099999999997 0.00000000099999999997 0.22754340590676513933 0.18449795241067615259
167 167 (0) 7 : 0.07551711712228197093 0.00000000099999999998 0.11033780914864910194 0.00000000099999999998 0.25929473228486732417 0.21570005026490943201 0.33915028817929204763 0.00000000099999999998
168 168 (0) 7 : 0.30437182313494265395 0.10800539961337692063 0.21900737420271995659 0.00000000100000000000 0.00000000100000000000 0.11870208500978149391 0.08133712973949154545 0.16857618629968743051
169 169 (0) 7 : 0.00000000099999999997 0.81568936206375253217 0.18431063193624749874 0.00000000099999999997 0.00000000099999999997 0.00000000099999999997 0.00000000099999999997 0.00000000099999999997
