1 1 (0) 1 : 0.00000000099999999999 0.21784843669867551275 0.00000000099999999999 0.00000000099999999999 0.21113754953066368736 0.30214916282973874884 0.26886484594092219247 0.00000000099999999999 0.00000000099999999999
2 2 (0) 1 : 0.17828027812039565214 0.00000000099999999998 0.00000000099999999998 0.00000000099999999998 0.11214844296433507109 0.00000000099999999998 0.20035809095280437964 0.13078865452004170833 0.37842452944242310764
3 3 (0) 1 : 0.19768963526404176312 0.18488798896649819015 0.00000000099999999998 0.00000000099999999998 0.00000000099999999998 0.17395758665734042947 0.41490486547787164273 0.02855991963424782051 0.00000000099999999998
4 4 (0) 1 : 0.24125109401934377584 0.00000000099999999998 0.00000000099999999998 0.00000000099999999998 0.00000000099999999998 0.13141548586867951576 0.18436144931698331129 0.00000000099999999998 0.44297196579499331648
5 5 (0) 1 : 0.35163798122630640641 0.08513031130850112760 0.00000000099999999999 0.20376240081526850179 0.07992478092646917998 0.00000000099999999999 0.11389677055373095826 0.16564775216972391081 0.00000000099999999999
6 6 (0) 1 : 0.31518353430898377043 0.20179576646582070287 0.00000000099999999999 0.00000000099999999999 0.00000000099999999999 0.01478812303543407605 0.18743319270666236598 0.22621961643920315832 0.05457976404389600078
7 7 (0) 1 : 0.00000000099999999996 0.00000000099999999996 0.22464169482280516021 0.00000000099999999996 0.41161555676563654771 0.00000000099999999996 0.00000000099999999996 0.36374274241155829523 0.00000000099999999996
8 8 (0) 1 : 0.00000000099999999996 0.00000000099999999996 0.00000000099999999996 0.00000000099999999996 0.00000000099999999996 0.00000000099999999996 0.00000000099999999996 0.99999999199999989319 0.00000000099999999996
9 9 (0) 1 : 0.14866539486811855553 0.00007971023820512836 0.00000007012974774571 0.41162437493775760888 0.00000000100000000000 0.43963044582617089029 0.00000000100000000000 0.00000000100000000000 0.00000000100000000000
10 10 (0) 1 : 0.00000000100000000000 0.38609002358724964221 0.00000000100000000000 0.00000000100000000000 0.00000000100000000000 0.61162799531786327112 0.00213402625995856620 0.00000073661866301991 0.00014721421626545479
11 11 (0) 1 : 0.00000000099999999992 0.00000000099999999992 0.28136253944619726841 0.71863745355380292956 0.00000000099999999992 0.00000000099999999992 0.00000000099999999992 0.00000000099999999992 0.00000000099999999992
12 12 (0) 1 : 0.00000000099999999999 0.00000930327186088632 0.00000000099999999999 0.00000000099999999999 0.00000000099999999999 0.66389154378213655061 0.00000000099999999999 0.00000002135738804682 0.33609912658861440526
13 13 (0) 2 : 0.00000000099999999996 0.00000000099999999996 0.00000000099999999996 0.00000000099999999996 0.68929763918103281739 0.00000000099999999996 0.00000000099999999996 0.31070235381896732507 0.00000000099999999996
14 14 (0) 2 : 0.00000000099999999983 0.00000000099999999983 0.00000000099999999983 0.99999999200000011523 0.00000000099999999983 0.00000000099999999983 0.00000000099999999983 0.00000000099999999983 0.00000000099999999983
15 15 (0) 2 : 0.00000000099999999989 0.00000000099999999989 0.00000000099999999989 0.99999999200000000421 0.00000000099999999989 0.00000000099999999989 0.00000000099999999989 0.00000000099999999989 0.00000000099999999989
16 16 (0) 2 : 0.00000000099999999991 0.00000000099999999991 0.00000000099999999991 0.99999999200000011523 0.00000000099999999991 0.00000000099999999991 0.00000000099999999991 0.00000000099999999991 0.00000000099999999991
17 17 (0) 2 : 0.31231550680003933307 0.00000000099999999998 0.00000000099999999998 0.50194929132921106696 0.00000000099999999998 0.00000000099999999998 0.18573519587074960313 0.00000000099999999998 0.00000000099999999998
18 18 (0) 2 : 0.00000000099999999979 0.00000000099999999979 0.00000000099999999979 0.00000000099999999979 0.00000000099999999979 0.99999999200000011523 0.00000000099999999979 0.00000000099999999979 0.00000000099999999979
19 19 (0) 2 : 0.00000000099999999998 0.00000000099999999998 0.00074052552865705099 0.51616703890611381755 0.28283294336981112949 0.20025948719541811216 0.00000000099999999998 0.00000000099999999998 0.00000000099999999998
20 20 (0) 2 : 0.10106645080703272055 0.00000000099999999999 0.00000000099999999999 0.24604861144283521335 0.04653144722379219667 0.00000000099999999999 0.14177152514883858969 0.22784740335210826312 0.23673455902539308759
21 21 (0) 2 : 0.00002875640034856732 0.00000000099999999999 0.00000000099999999999 0.00000000099999999999 0.00000000099999999999 0.00000000099999999999 0.99997123659965148068 0.00000000099999999999 0.00000000099999999999
22 22 (0) 2 : 0.00000000099999999999 0.00000000099999999999 0.14655542322859402282 0.00000000099999999999 0.41696873756301522373 0.27522740040142307238 0.16124843380696768369 0.00000000099999999999 0.00000000099999999999
23 23 (0) 2 : 0.00000000099999999998 0.00000000099999999998 0.00000000099999999998 0.61787044623317532999 0.00000000099999999998 0.00000000099999999998 0.00000000099999999998 0.38212954676682475696 0.00000000099999999998
24 24 (0) 2 : 0.00000000099999999984 0.00000000099999999984 0.00000000099999999984 0.00000000099999999984 0.00000000099999999984 0.00000000099999999984 0.99999999200000000421 0.00000000099999999984 0.00000000099999999984
25 25 (0) 2 : 0.00000000099999999978 0.00000000099999999978 0.99999999200000000421 0.00000000099999999978 0.00000000099999999978 0.00000000099999999978 0.00000000099999999978 0.00000000099999999978 0.00000000099999999978
26 26 (0) 2 : 0.00000000099999999998 0.00000000099999999998 0.00000000099999999998 0.06363283102103872713 0.18200312132617477157 0.14762819342301422565 0.00000000099999999998 0.29144208150100447963 0.31529376872876785365
27 27 (0) 2 : 0.19242245067625446397 0.00000000099999999998 0.00000000099999999998 0.00000000099999999998 0.27347812387119502242 0.00000000099999999998 0.53409941945255057227 0.00000000099999999998 0.00000000099999999998
28 28 (0) 2 : 0.00000000099999999993 0.00000000099999999993 0.00000000099999999993 0.00000000099999999993 0.00000000099999999993 0.99999999200000000421 0.00000000099999999993 0.00000000099999999993 0.00000000099999999993
29 29 (0) 2 : 0.38128525909602678512 0.00000000099999999998 0.22873263460976184236 0.00000000099999999998 0.09320287309242956952 0.00000000099999999998 0.00000000099999999998 0.29677922723966371210 0.00000000196211802726
30 30 (0) 2 : 0.00000000099999999989 0.00000000099999999989 0.00000000099999999989 0.00000000099999999989 0.00000000099999999989 0.99999999200000011523 0.00000000099999999989 0.00000000099999999989 0.00000000099999999989
31 31 (0) 2 : 0.40473645332078217463 0.00000000099999999998 0.00000000099999999998 0.33130587668807565116 0.00000000099999999998 0.00000000099999999998 0.00000000099999999998 0.00000000099999999998 0.26395766399114223288
32 32 (0) 2 : 0.00000000099999999998 0.00000017052037045493 0.00000000099999999998 0.06272332936277308368 0.35077311314623949023 0.00000000099999999998 0.07918259282157670553 0.00000000099999999998 0.50732079014904019054
33 33 (0) 2 : 0.00000000099999999988 0.00000000099999999988 0.00000000099999999988 0.99999999200000011523 0.00000000099999999988 0.00000000099999999988 0.00000000099999999988 0.00000000099999999988 0.00000000099999999988
34 34 (0) 3 : 0.40298041959279784496 0.05752661938024297705 0.00000000099999999998 0.00000000099999999998 0.07529825841771173311 0.00000000099999999998 0.31417881459819746448 0.15001588401104998249 0.00000000099999999998
35 35 (0) 3 : 0.99999999200000011523 0.00000000099999999983 0.00000000099999999983 0.00000000099999999983 0.00000000099999999983 0.00000000099999999983 0.00000000099999999983 0.00000000099999999983 0.00000000099999999983
36 36 (0) 3 : 0.00000000099999999998 0.55401032245427861422 0.00000000099999999998 0.00000000099999999998 0.00000000099999999998 0.12357858842858283899 0.00000000099999999998 0.00000000099999999998 0.32241108311713878587
37 37 (0) 3 : 0.12911997344152439937 0.00000000099999999998 0.00000000099999999998 0.00000000099999999998 0.22528783898977447486 0.00000000099999999998 0.00000000099999999998 0.23629386545957409282 0.40929831710912711884
38 38 (0) 3 : 0.00000000099999999999 0.00000000099999999999 0.00000000099999999999 0.00000000099999999999 0.05706131779316910013 0.04825261467116691294 0.32693838326072260925 0.30642951235879550831 0.26131816791614587148
39 39 (0) 3 : 0.11023066359293876015 0.00000000099999999997 0.00000000099999999997 0.00000000099999999997 0.18689780149599022341 0.00000000099999999997 0.28158874203112027601 0.12841489287269042263 0.29286789600726026439
40 40 (0) 3 : 0.14771850064399141833 0.33903388510560428237 0.00000000099999999999 0.00000000099999999999 0.00000000099999999999 0.04194118162192204263 0.16890191920381425472 0.18592318607727284507 0.11648132434739498497
41 41 (0) 3 : 0.11324745080211093273 0.00000000099999999998 0.18094755064188297600 0.00000000099999999998 0.22557050912135792609 0.00000000099999999998 0.21774091495393610440 0.00000000100000398693 0.26249357048070803833
42 42 (0) 3 : 0.25054404699711618765 0.12926202727469379705 0.00000001023056852575 0.15888318680551405393 0.00000000099999999999 0.13740133327207773584 0.00000000099999999999 0.32390939242002964038 0.00000000099999999999
43 43 (0) 3 : 0.00000000099999999983 0.99999999200000022626 0.00000000099999999983 0.00000000099999999983 0.00000000099999999983 0.00000000099999999983 0.00000000099999999983 0.00000000099999999983 0.00000000099999999983
44 44 (0) 3 : 0.00000000099999999989 0.00000000099999999989 0.00000000099999999989 0.00000000099999999989 0.00000000099999999989 0.00000000099999999989 0.00000000099999999989 0.99999999199999989319 0.00000000099999999989
45 45 (0) 3 : 0.01496704613104904956 0.17944736130708538457 0.00000000099999999994 0.00000000099999999994 0.00000000099999999994 0.00000000099999999994 0.24469642227734783591 0.35681446076961409464 0.20407470551490375366
46 46 (0) 3 : 0.00000000099999999991 0.00000000099999999991 0.00000000099999999991 0.00000000099999999991 0.00000000099999999991 0.00000000099999999991 0.99999999199999989319 0.00000000099999999991 0.00000000099999999991
47 47 (0) 3 : 0.38533301251756191252 0.00000105053109918817 0.00000000099999999999 0.00000014370685765466 0.00000000099999999999 0.32901890164156788465 0.00116400160107010581 0.00000011614609524772 0.28448277185574782910
48 48 (0) 3 : 0.99999999200000022626 0.00000000099999999986 0.00000000099999999986 0.00000000099999999986 0.00000000099999999986 0.00000000099999999986 0.00000000099999999986 0.00000000099999999986 0.00000000099999999986
49 49 (0) 3 : 0.00000000099999999986 0.00000000099999999986 0.00000000099999999986 0.00000000099999999986 0.00000000099999999986 0.00000000099999999986 0.00000000099999999986 0.99999999199999989319 0.00000000099999999986
50 50 (0) 3 : 0.26352581437793348718 0.50692430085696316144 0.00000000099999999998 0.00000000099999999998 0.00000000099999999998 0.06535164823935389611 0.00000000099999999998 0.00000000099999999998 0.16419823152574966607
51 51 (0) 3 : 0.00000000099999999986 0.00000000099999999986 0.00000000099999999986 0.00000000099999999986 0.00000000099999999986 0.00000000099999999986 0.00000000099999999986 0.00000000099999999986 0.99999999200000000421
52 52 (0) 3 : 0.00000000099999999998 0.59423988974239427829 0.00000000099999999998 0.17512707322210652183 0.00000000099999999998 0.23063303103549931405 0.00000000099999999998 0.00000000099999999998 0.00000000099999999998
53 53 (0) 3 : 0.55548443369110012124 0.00000000099999999996 0.00000000099999999996 0.15048686453861123691 0.00000000099999999996 0.00000000099999999996 0.00000000099999999996 0.00000000099999999996 0.29402869577028872827
54 54 (0) 3 : 0.00000000099999999998 0.24275405342124709018 0.00000000099999999998 0.00000000102910125154 0.16334176512278705817 0.00000000099999999998 0.27868625208143488203 0.31521792434542966754 0.00000000099999999998
55 55 (0) 3 : 0.00000000099999999992 0.00000000099999999992 0.00000000099999999992 0.00000000099999999992 0.00000000099999999992 0.00000000099999999992 0.00000000099999999992 0.99999999200000000421 0.00000000099999999992
56 56 (0) 3 : 0.10180131674599374181 0.28571720552821222583 0.00000000099999999998 0.00000000099999999998 0.02241110629915054817 0.00000000099999999998 0.15163016384013941473 0.24920334375924727000 0.18923686082725665880
57 57 (0) 3 : 0.00000000099999999994 0.00000000099999999994 0.00000000099999999994 0.00000000099999999994 0.00000000099999999994 0.00000000099999999994 0.00000000099999999994 0.39726869979993439941 0.60273129320006546550
58 58 (0) 3 : 0.00000000099999999995 0.22333131626781929646 0.00000000099999999995 0.00000000099999999995 0.00000000099999999995 0.00000000099999999995 0.37759457652777073111 0.39907410120441000334 0.00000000099999999995
59 59 (0) 3 : 0.23071333011222544540 0.31244069807022295526 0.15706813269722880166 0.01935934210986330409 0.00000000099999999999 0.00000583946264278315 0.00000000099999999999 0.00000000099999999999 0.28041265454781671984
60 60 (0) 4 : 0.00000000099999999982 0.00000000099999999982 0.00000000099999999982 0.00000000099999999982 0.00000000099999999982 0.99999999200000011523 0.00000000099999999982 0.00000000099999999982 0.00000000099999999982
61 61 (0) 4 : 0.00000000099999999985 0.00000000099999999985 0.99999999200000011523 0.00000000099999999985 0.00000000099999999985 0.00000000099999999985 0.00000000099999999985 0.00000000099999999985 0.00000000099999999985
62 62 (0) 4 : 0.26607575385298815052 0.20504388055243888411 0.21002113294513632957 0.12558304614987436665 0.00000000099999999999 0.00000000099999999999 0.08683000433361059978 0.00000000099999999999 0.10644617916595185136
63 63 (0) 4 : 0.00000000099999999998 0.12190489424041754674 0.00000000099999999998 0.00000000099999999998 0.21516234188110280878 0.00000000099999999998 0.22540003730062480036 0.43753241850893781484 0.00000030406891691255
64 64 (0) 4 : 0.00000000099999999996 0.70100906122254347252 0.29899093177745672545 0.00000000099999999996 0.00000000099999999996 0.00000000099999999996 0.00000000099999999996 0.00000000099999999996 0.00000000099999999996
65 65 (0) 4 : 0.24080254357830210843 0.35178868999988416322 0.04025885454869344848 0.07469326243680628197 0.02253994263756249616 0.00000000099999999999 0.14958746787634844000 0.00000000099999999999 0.12032923692240313218
66 66 (0) 4 : 0.30746442098442355872 0.28083306904267624216 0.00000000099999999998 0.02695089790209448388 0.03114468215863066755 0.00000000099999999998 0.00000000099999999998 0.00000000099999999998 0.35360692591217512959
67 67 (0) 4 : 0.00000000099999999998 0.00000000099999999998 0.00000000099999999998 0.00000000099999999998 0.00000000099999999998 0.40575035052441865702 0.29579884898880720590 0.00000000099999999998 0.29845079448677419576
68 68 (0) 4 : 0.14522144134155648421 0.13385123935134290996 0.07948907341492376932 0.00000000100000000000 0.11428143100712144509 0.05729335658887959454 0.25533593587388181412 0.11425618017100688806 0.10027134125128694953
69 69 (0) 4 : 0.11496463845891617683 0.00000500012056856521 0.18110931804983190774 0.00000000099999999997 0.00000000099999999997 0.00000000099999999997 0.32098246447331280073 0.38293857489737032074 0.00000000099999999997
70 70 (0) 4 : 0.00000000099999999984 0.00000000099999999984 0.00000000099999999984 0.00000000099999999984 0.99999999200000011523 0.00000000099999999984 0.00000000099999999984 0.00000000099999999984 0.00000000099999999984
71 71 (0) 4 : 0.26538722652810503577 0.18987233831765459868 0.00036494490982853556 0.01469908971889453790 0.00000003470701115350 0.00000000100000000000 0.07470056856742701701 0.05551318533230478747 0.39946261091877438565
72 72 (0) 4 : 0.00000000099999999984 0.00000000099999999984 0.99999999200000011523 0.00000000099999999984 0.00000000099999999984 0.00000000099999999984 0.00000000099999999984 0.00000000099999999984 0.00000000099999999984
73 73 (0) 4 : 0.06446065125095556958 0.32495091541010079350 0.14209869745128442253 0.00000000099999999999 0.00000000099999999999 0.00000000099999999999 0.02359120705210383112 0.44489852483555547558 0.00000000099999999999
74 74 (0) 4 : 0.53125383712854645779 0.29249794104998871891 0.00000000099999999999 0.00000000099999999999 0.00000000099999999999 0.00000000099999999999 0.00000000099999999999 0.17624821582146479870 0.00000000099999999999
75 75 (0) 4 : 0.99999999200000022626 0.00000000099999999983 0.00000000099999999983 0.00000000099999999983 0.00000000099999999983 0.00000000099999999983 0.00000000099999999983 0.00000000099999999983 0.00000000099999999983
76 76 (0) 4 : 0.99999999200000011523 0.00000000099999999994 0.00000000099999999994 0.00000000099999999994 0.00000000099999999994 0.00000000099999999994 0.00000000099999999994 0.00000000099999999994 0.00000000099999999994
77 77 (0) 4 : 0.00000000099999999999 0.30847509425071895084 0.18408189398387864166 0.01026808833892263462 0.00000000099999999999 0.00000000099999999999 0.00000000099999999999 0.49717491842647976164 0.00000000099999999999
78 78 (0) 4 : 0.00000000099999999998 0.27805238102236451425 0.00000000099999999998 0.08055414343620616313 0.00000000099999999998 0.00000000099999999998 0.31303893839140806143 0.32835453215002113891 0.00000000099999999998
79 79 (0) 4 : 0.44627711682133447413 0.03568072030557121327 0.00000000099999999998 0.00000000099999999998 0.00000000099999999998 0.00000000099999999998 0.29787919637574994391 0.00000000099999999998 0.22016296149734421173
80 80 (0) 4 : 0.19176820122988597062 0.18106618175086161560 0.12087206206053281721 0.00000000099999999999 0.02103253038330044414 0.00000000099999999999 0.29419411476399459637 0.00000000099999999999 0.19106690681142463051
81 81 (0) 4 : 0.00001704837597153901 0.00000000099999999998 0.00000000099999999998 0.00000000099999999998 0.47461919808752411898 0.52534822342436282572 0.00000000099999999998 0.00000000099999999998 0.00001552511214147931
82 82 (0) 4 : 0.15629081376974279793 0.00000000099999999999 0.00000000099999999999 0.00000000099999999999 0.00000000099999999999 0.29389360778524775686 0.54981557244500944837 0.00000000099999999999 0.00000000099999999999
83 83 (0) 4 : 0.00000000099999999994 0.00000000099999999994 0.00000000099999999994 0.00000000099999999994 0.00000000099999999994 0.00000000099999999994 0.00000000099999999994 0.00000000099999999994 0.99999999199999989319
84 84 (0) 4 : 0.00000000099999999999 0.16658227529562177893 0.05330663533050682135 0.00000000099999999999 0.00000000099999999999 0.15677128612153748421 0.23701906623343704794 0.09773631506527248602 0.28858441895362435536
85 85 (0) 4 : 0.00000000099999999996 0.00000000099999999996 0.58371145082039732621 0.00000000099999999996 0.00000000099999999996 0.41628854217960276074 0.00000000099999999996 0.00000000099999999996 0.00000000099999999996
86 86 (0) 5 : 0.00000000099999999997 0.35053273038782678528 0.00000000099999999997 0.00000000099999999997 0.21894965170779803754 0.00000000099999999997 0.00000000099999999997 0.00000000099999999997 0.43051761190437509708
87 87 (0) 5 : 0.40798669642701618221 0.14223242377416647764 0.15361767312484544967 0.00000000099999999999 0.02948982576615384599 0.04232738384169864448 0.00000000099999999999 0.22434599406611938077 0.00000000099999999999
88 88 (0) 5 : 0.13064711582140994817 0.25159893465812566138 0.00000000099999999997 0.00000000099999999997 0.29540622195357296720 0.00000000099999999997 0.21750989072202173147 0.00000000099999999997 0.10483783284486968002
89 89 (0) 5 : 0.00000000976650201582 0.15504382059839280639 0.00000000099999999999 0.00000000099999999999 0.13506378815793282366 0.00000000099999999999 0.25005335856651766946 0.45983901891065454004 0.00000000099999999999
90 90 (0) 5 : 0.00000000099999999997 0.00000000099999999997 0.00000000099999999997 0.00000000112244190653 0.13507626104081271734 0.00000000099999999997 0.43863651536335912517 0.00000000099999999997 0.42628721747338621517
91 91 (0) 5 : 0.00000000099999999999 0.18056416495828350732 0.00000000099999999999 0.00000000099999999999 0.17302260769817479069 0.03249539271517298128 0.21070524924128161692 0.31321954302333898656 0.08999303936374805635
92 92 (0) 5 : 0.31539948335433548587 0.05517537301701476438 0.05837995160207015005 0.00000000099999999999 0.00000000099999999999 0.00000316076299272619 0.24473576845348268827 0.00000000099999999999 0.32630625981010419334
93 93 (0) 5 : 0.00000000099999999991 0.00000000099999999991 0.00000000099999999991 0.00000000099999999991 0.00000000099999999991 0.00000000099999999991 0.49360842142512412201 0.50639157157487579841 0.00000000099999999991
94 94 (0) 5 : 0.07130989647187106761 0.02328875821105838573 0.00000000099999999999 0.00000000099999999999 0.22761877855855827679 0.00000000099999999999 0.26008518223273541237 0.00000000099999999999 0.41769738052577681797
95 95 (0) 5 : 0.00000000099999999996 0.27054129703385426664 0.00000000099999999996 0.52635504026141521905 0.00000000099999999996 0.00000000099999999996 0.00000000099999999996 0.20310365670473054522 0.00000000099999999996
96 96 (0) 5 : 0.00000000099999999996 0.34015438644664663936 0.00000000109981339556 0.00000000099999999996 0.00000000099999999996 0.00000000099999999996 0.45056301731533293653 0.20928259013820699197 0.00000000099999999996
97 97 (0) 5 : 0.00000000099999999998 0.00000000099999999998 0.40212446098076126688 0.00000000099999999998 0.13889657402880029036 0.00019026256937749512 0.26177484443375553802 0.19701385398730517085 0.00000000099999999998
98 98 (0) 5 : 0.00000000099999999997 0.66564072910034011166 0.00000000099999999997 0.00000000099999999997 0.33435926389965997529 0.00000000099999999997 0.00000000099999999997 0.00000000099999999997 0.00000000099999999997
99 99 (0) 5 : 0.40076921067290477430 0.00000000099999999998 0.00000000099999999998 0.00000000099999999998 0.00000000099999999998 0.00000000102484386604 0.59923078230225124141 0.00000000099999999998 0.00000000099999999998
100 100 (0) 5 : 0.00000000099999999989 0.99999999200000022626 0.00000000099999999989 0.00000000099999999989 0.00000000099999999989 0.00000000099999999989 0.00000000099999999989 0.00000000099999999989 0.00000000099999999989
101 101 (0) 5 : 0.00000000099999999995 0.38470423253802360497 0.00000000099999999995 0.00000000099999999995 0.00000000099999999995 0.00000000099999999995 0.00000000099999999995 0.61529576046197620443 0.00000000099999999995
102 102 (0) 5 : 0.18330256912536349589 0.00000000099999999997 0.00000000099999999997 0.00000000099999999997 0.00000000099999999997 0.00000000099999999997 0.00000000099999999997 0.57691776199064859210 0.23977966288398777639
103 103 (0) 5 : 0.00000000099999999993 0.99999999200000011523 0.00000000099999999993 0.00000000099999999993 0.00000000099999999993 0.00000000099999999993 0.00000000099999999993 0.00000000099999999993 0.00000000099999999993
104 104 (0) 5 : 0.26326204760095545110 0.00000000099999999999 0.40756771128178648222 0.00000001264019266390 0.00000000099999999999 0.00000000099999999999 0.00000000099999999999 0.00000002781545117677 0.32917019666161434488
105 105 (0) 5 : 0.00000000099999999989 0.00000000099999999989 0.00000000099999999989 0.00000000099999999989 0.00000000099999999989 0.00000000099999999989 0.00000000099999999989 0.00000000099999999989 0.99999999199999989319
106 106 (0) 5 : 0.43556479854722918166 0.00000000099999999999 0.27315078160348976732 0.00000000099999999999 0.04561502293033987271 0.00000000099999999999 0.00000000099999999999 0.00000596194464525899 0.24566343097429607645
107 107 (0) 5 : 0.23168552184749724443 0.00000000099999999995 0.00000000099999999995 0.10013708267544015051 0.00000000099999999995 0.00000000099999999995 0.66817738947706273311 0.00000000099999999995 0.00000000099999999995
108 108 (0) 5 : 0.03945967134953307781 0.00000000099999999999 0.15213624103077305616 0.05897143676705646209 0.11815279995114220946 0.00000000099999999999 0.12516841779718548833 0.31504426059010554040 0.19106717051420399334
109 109 (0) 5 : 0.00000000099999999998 0.00000000099999999998 0.00000000099999999998 0.00000000099999999998 0.00000000099999999998 0.35346797739668395222 0.24881398198003654154 0.39771803462327948164 0.00000000099999999998
110 110 (0) 5 : 0.21255293593672205943 0.00000000099999999999 0.13009981869064574100 0.00000000099999999999 0.21702835329682515497 0.00000000099999999999 0.00000000099999999999 0.44031888707580707498 0.00000000099999999999
111 111 (0) 5 : 0.99999999200000011523 0.00000000099999999991 0.00000000099999999991 0.00000000099999999991 0.00000000099999999991 0.00000000099999999991 0.00000000099999999991 0.00000000099999999991 0.00000000099999999991
112 112 (0) 5 : 0.36924209618124959054 0.00000000099999999994 0.00000000099999999994 0.00000000099999999994 0.00000000099999999994 0.00000000099999999994 0.39208933314129201797 0.23866856467745825587 0.00000000099999999994
113 113 (0) 4 : 0.18935073693855983268 0.00000000099999999999 0.00000000099999999999 0.00000000099999999999 0.00000000099999999999 0.02936570382980926291 0.00000000099999999999 0.44252671680012578559 0.33875683743150503124
114 114 (0) 6 : 0.13655504717543009985 0.36808303900363181782 0.00000000099999999999 0.14741324842493469527 0.00000000099999999999 0.00000000099999999999 0.13522886743121473319 0.21271979396478871149 0.00000000099999999999
115 115 (0) 6 : 0.00000000099999999996 0.00000000099999999996 0.18058808829395267548 0.23662001293502596400 0.00000000099999999996 0.00000000099999999996 0.00000000099999999996 0.00000000099999999996 0.58279189277102128042
116 116 (0) 6 : 0.00000000099999999999 0.36007639390120299572 0.00000000099999999999 0.34873007014705137419 0.00000000099999999999 0.29119350869825777472 0.00000002225348783311 0.00000000099999999999 0.00000000099999999999
117 117 (0) 6 : 0.00000000099999999978 0.00000000099999999978 0.00000000099999999978 0.00000000099999999978 0.00000000099999999978 0.99999999200000000421 0.00000000099999999978 0.00000000099999999978 0.00000000099999999978
118 118 (0) 6 : 0.00000000099999999998 0.26312046525279125797 0.00000000099999999998 0.46568711529768014312 0.00000000099999999998 0.00000000099999999998 0.27119241344952865758 0.00000000099999999998 0.00000000099999999998
119 119 (0) 6 : 0.00000000099999999991 0.00000000099999999991 0.00000000099999999991 0.53171588903078714772 0.46828410396921288372 0.00000000099999999991 0.00000000099999999991 0.00000000099999999991 0.00000000099999999991
120 120 (0) 6 : 0.14887454127396923531 0.46353148706397728773 0.00000000099999999995 0.00000000099999999995 0.00000000099999999995 0.00000000099999999995 0.00000000099999999995 0.38759396566205356338 0.00000000099999999995
121 121 (0) 6 : 0.39490381859005407872 0.00000000099999999999 0.00000000099999999999 0.00000000099999999999 0.21472960072013605459 0.00000000099999999999 0.05909784241069650224 0.00000000099999999999 0.33126873327911326994
122 122 (0) 6 : 0.69817060771769068328 0.00000000099999999996 0.00000000099999999996 0.00000000099999999996 0.00000000099999999996 0.00000000099999999996 0.00000000099999999996 0.30182938528230934816 0.00000000099999999996
123 123 (0) 6 : 0.00000000099999999988 0.00000000099999999988 0.99999999200000011523 0.00000000099999999988 0.00000000099999999988 0.00000000099999999988 0.00000000099999999988 0.00000000099999999988 0.00000000099999999988
124 124 (0) 6 : 0.36358640651375273567 0.06234458736077821278 0.04339970138604987843 0.00000041245463423565 0.01054952164265103749 0.00000000099999999999 0.18306511117060680904 0.07388040999677639165 0.26317384847475078224
125 125 (0) 6 : 0.00000000099999999994 0.00000000099999999994 0.00000000099999999994 0.00000000099999999994 0.00000000099999999994 0.00000000099999999994 0.00000000099999999994 0.99999999199999989319 0.00000000099999999994
126 126 (0) 6 : 0.15396667789966697604 0.00000000099999999999 0.00000000099999999999 0.04749431251689968658 0.00000000099999999999 0.00000000099999999999 0.10840364037634774019 0.44883129216856060273 0.24130407303852507983
127 127 (0) 6 : 0.00000000099999999997 0.00000000099999999997 0.00000000099999999997 0.00000000099999999997 0.42090682561100578596 0.35946081583107614144 0.00000000099999999997 0.21963235255791810352 0.00000000099999999997
128 128 (0) 6 : 0.00000000099999999996 0.00000000099999999996 0.00000000099999999996 0.00000000099999999996 0.00000000099999999996 0.00000000099999999996 0.00000000099999999996 0.70147880647572868895 0.29852118652427123147
129 129 (0) 6 : 0.00000000099999999991 0.00000000099999999991 0.23539215471389610124 0.00000000099999999991 0.00000000099999999991 0.00000000099999999991 0.00000000099999999991 0.00000000099999999991 0.76460783828610390245
130 130 (0) 6 : 0.13481117127608011064 0.00000000099999999999 0.39959925271126955915 0.00000000099999999999 0.00000000099999999999 0.11439152679620202824 0.12129540682468921420 0.22990263354166615151 0.00000000585009298813
131 131 (0) 6 : 0.14754069243254772092 0.00000000099999999999 0.11007368062682612586 0.36899710585921774442 0.24647254144247729424 0.00000000099999999999 0.12691597563893114442 0.00000000099999999999 0.00000000099999999999
132 132 (0) 6 : 0.24279301025713748152 0.00000000309714232240 0.24170333205992980408 0.00000000099999999998 0.00000000099999999998 0.00000000099999999998 0.00000002823493855658 0.21175142014478526287 0.30375220320606660662
133 133 (0) 6 : 0.00000000099999999999 0.00000000099999999999 0.00000003311747368069 0.00000000099999999999 0.00000000099999999999 0.00000000099999999999 0.35705097762938292627 0.38272725276731495159 0.26022173148582855573
134 134 (0) 6 : 0.37926851416704326914 0.00000000099999999998 0.23502011014837473346 0.00000007258263762150 0.00000000099999999998 0.00000000099999999998 0.38571129810194454413 0.00000000099999999998 0.00000000099999999998
135 135 (0) 6 : 0.07294704149318814723 0.00000000099999999999 0.00000000099999999999 0.34594070582743513542 0.25715081316262838884 0.23743373016277244392 0.08652770535397591445 0.00000000099999999999 0.00000000099999999999
136 136 (0) 6 : 0.00000000123061609401 0.08962605614292283585 0.00000000099999999999 0.18221119757912684900 0.00000000099999999999 0.05918912991568373722 0.15374391665904488247 0.12556435568092927380 0.38966534079167636229
137 137 (0) 6 : 0.23081860151372887713 0.00000000100000000000 0.00000000100000000000 0.05617472611257671306 0.00000000100000000000 0.15057034661477394777 0.23698222483526837356 0.12071931160161029906 0.20473478632204186733
138 138 (0) 6 : 0.52007028775652264230 0.00000000099999999998 0.11267074261907011890 0.00000000099999999998 0.00000000099999999998 0.00000000099999999998 0.00000000099999999998 0.00000000099999999998 0.36725896362440729748
139 139 (0) 6 : 0.00000107263530573049 0.45346651341590671347 0.00000000099999999998 0.14081912625158155006 0.00000000099999999998 0.00000000099999999998 0.00013572468391057047 0.26676513877412633136 0.13881242123916909259
140 140 (0) 6 : 0.00000000099999999989 0.00000000099999999989 0.00000000099999999989 0.00000000099999999989 0.99999999200000000421 0.00000000099999999989 0.00000000099999999989 0.00000000099999999989 0.00000000099999999989
141 141 (0) 6 : 0.00000000099999999999 0.00000000099999999999 0.00000000099999999999 0.24918228707930425991 0.00000000099999999999 0.15612604250861331079 0.09534546767685557478 0.18677288504764605337 0.31257331368758078938
142 142 (0) 7 : 0.30671324413895878491 0.35863755078621789574 0.00000000099999999998 0.00000000099999999998 0.00000000099999999998 0.00000000099999999998 0.00000000099999999998 0.09375496251882360632 0.24089423755599975729
143 143 (0) 7 : 0.00000000099999999977 0.00000000099999999977 0.00000000099999999977 0.00000000099999999977 0.99999999200000000421 0.00000000099999999977 0.00000000099999999977 0.00000000099999999977 0.00000000099999999977
144 144 (0) 7 : 0.09589375018775421478 0.20009299852226569705 0.27038387079941395008 0.00000000099999999999 0.00000000099999999999 0.00000000099999999999 0.04700119509235269749 0.16464697934992827966 0.22198120304828530824
145 145 (0) 7 : 0.10865188764669594934 0.31793141322630252832 0.11681128160728006249 0.00000000099999999999 0.00000000099999999999 0.00000000099999999999 0.00000000099999999999 0.24332300801812881130 0.21328240550159283107
146 146 (0) 7 : 0.14782251616131886207 0.00000031147617362807 0.09278459641124187085 0.10291982921345399493 0.25588040137156026210 0.00000000100000000000 0.18381970614349610327 0.07053996005272449021 0.14623267817003099411
147 147 (0) 7 : 0.00000000099999999980 0.00000000099999999980 0.00000000099999999980 0.00000000099999999980 0.00000000099999999980 0.00000000099999999980 0.99999999199999989319 0.00000000099999999980 0.00000000099999999980
148 148 (0) 7 : 0.30791528382833416311 0.41441682151090081243 0.00000000099999999998 0.00000000099999999998 0.00000000099999999998 0.00000000099999999998 0.00000000099999999998 0.00000061396137079550 0.27766727569939431142
149 149 (0) 7 : 0.00000000099999999997 0.15173906598416875280 0.00000000099999999997 0.36012054111101537979 0.00000000099999999997 0.41911499409945240924 0.00000000099999999997 0.02656783373706421425 0.04245756106829924603
150 150 (0) 7 : 0.20759706622322890435 0.00000000099999999999 0.00000000099999999999 0.22465270359854938587 0.13433836325198680872 0.06403308172131240428 0.16662931932701985360 0.09613661131563359941 0.10661285256226901708
151 151 (0) 7 : 0.00000000099999999986 0.00000000099999999986 0.00000000099999999986 0.00000000099999999986 0.99999999200000011523 0.00000000099999999986 0.00000000099999999986 0.00000000099999999986 0.00000000099999999986
152 152 (0) 7 : 0.00000000099999999998 0.76505317557521623772 0.00000000099999999998 0.00000000099999999998 0.00000000099999999998 0.00000000099999999998 0.23494681742478393249 0.00000000099999999998 0.00000000099999999998
153 153 (0) 7 : 0.00000000099999999982 0.00000000099999999982 0.00000000099999999982 0.99999999200000011523 0.00000000099999999982 0.00000000099999999982 0.00000000099999999982 0.00000000099999999982 0.00000000099999999982
154 154 (0) 7 : 0.00000000099999999987 0.00000000099999999987 0.00000000099999999987 0.00000000099999999987 0.00000000099999999987 0.00000000099999999987 0.99999999200000000421 0.00000000099999999987 0.00000000099999999987
155 155 (0) 7 : 0.28680195551053178082 0.00000000099999999997 0.00000000099999999997 0.48157821167082603964 0.00000000099999999997 0.23161982643406789362 0.00000000099999999997 0.00000000099999999997 0.00000000138457425714
156 156 (0) 7 : 0.00000000099999999981 0.00000000099999999981 0.00000000099999999981 0.00000000099999999981 0.00000000099999999981 0.00000000099999999981 0.00000000099999999981 0.00000000099999999981 0.99999999200000000421
157 157 (0) 7 : 0.00000000099999999995 0.42407746999270862220 0.00000000099999999995 0.00000000099999999995 0.00000000099999999995 0.00000000099999999995 0.21095161668666631560 0.00000000099999999995 0.36497090732062481555
158 158 (0) 7 : 0.17699362525581063821 0.31551311346501270672 0.00000000099999999999 0.00000000099999999999 0.18921087110614945304 0.00000000099999999999 0.09401220344363438175 0.11238657356420284072 0.11188361016518995339
159 159 (0) 7 : 0.10087279656130437866 0.00000000099999999999 0.00000000099999999999 0.53259875980950144303 0.00000000099999999999 0.25246832389621520765 0.00000000099999999999 0.00000000099999999999 0.11406011473297920922
160 160 (0) 7 : 0.00000000099999999999 0.12193188077133822189 0.08524542783323663109 0.19011519310417554496 0.17031367326701771225 0.00000000099999999999 0.10290154937616416420 0.32949227264806763005 0.00000000099999999999
161 161 (0) 7 : 0.00000000099999999993 0.00000000099999999993 0.00000000099999999993 0.79717989925390886352 0.00000000099999999993 0.00000000099999999993 0.20282009374609114016 0.00000000099999999993 0.00000000099999999993
162 162 (0) 7 : 0.01368558750395120795 0.20479527111577586207 0.22457446618651516479 0.00000000099999999998 0.00000000099999999998 0.10915137811128379497 0.00000000099999999998 0.44779329308247389774 0.00000000099999999998
163 163 (0) 7 : 0.00000000099999999996 0.45419149147092946484 0.00000000099999999996 0.00000000099999999996 0.10652873213764849081 0.00000000099999999996 0.00000000099999999996 0.13340419096913530561 0.30587558042228668587
164 164 (0) 7 : 0.23351212373582155846 0.11829996823146018969 0.30830736670004926792 0.08732781485774980534 0.00000000100000000000 0.12252268938318984504 0.13003003409172930738 0.00000000100000000000 0.00000000100000000000
165 165 (0) 7 : 0.17508073018052672243 0.00000000099999999998 0.00000000099999999998 0.25803899600917956647 0.20726144963121112541 0.08974680160864451084 0.00000000099999999998 0.26987201857043802145 0.00000000099999999998
166 166 (0) 7 : 0.00000000099999999996 0.52703531636659151083 0.47296467663340874266 0.00000000099999999996 0.00000000099999999996 0.00000000099999999996 0.00000000099999999996 0.00000000099999999996 0.00000000099999999996
167 167 (0) 7 : 0.00000000099999999987 0.99999999200000011523 0.00000000099999999987 0.00000000099999999987 0.00000000099999999987 0.00000000099999999987 0.00000000099999999987 0.00000000099999999987 0.00000000099999999987
168 168 (0) 7 : 0.28538072568052114120 0.14597627844278898701 0.31899970544993450083 0.00000000099999999997 0.00000000099999999997 0.00000000099999999997 0.24964328542675537359 0.00000000099999999997 0.00000000099999999997
169 169 (0) 7 : 0.00000000099999999997 0.00000000099999999997 0.40835918981094432301 0.59164080318905565292 0.00000000099999999997 0.00000000099999999997 0.00000000099999999997 0.00000000099999999997 0.00000000099999999997
1 1 (0) 1 : 0.00000000099999999999 0.03427181403059135351 0.11764026021908215169 0.30006460440043153381 0.00000000099999999999 0.23547574502489065917 0.00000000099999999999 0.07769813109086612379 0.23484944223413831144
2 2 (0) 1 : 0.05487178924880024150 0.29730873847297945023 0.28049462637894967409 0.00000000099999999997 0.25852123315053965324 0.00000000099999999997 0.00000000099999999997 0.00000000099999999997 0.10880360874873110100
3 3 (0) 1 : 0.00000000099999999999 0.00000000147063961899 0.00000000099999999999 0.00000000099999999999 0.00000000099999999999 0.42591895135102231240 0.00000019951133984493 0.14688388944223459975 0.42719695422476355873
4 4 (0) 1 : 0.00000000099999999984 0.99999999200000011523 0.00000000099999999984 0.00000000099999999984 0.00000000099999999984 0.00000000099999999984 0.00000000099999999984 0.00000000099999999984 0.00000000099999999984
5 5 (0) 1 : 0.00000000099999999999 0.00000000099999999999 0.00000000099999999999 0.07613326168916795256 0.00000000099999999999 0.19162075861617991479 0.32130506390106616799 0.26372630478466629889 0.14721460700891966789
6 6 (0) 1 : 0.00000000099999999999 0.05875037880474527630 0.17029663350712967440 0.00000000099999999999 0.00000000099999999999 0.22168006320904415363 0.19603221198520692781 0.07375099638491776355 0.27948971310895620590
7 7 (0) 1 : 0.38609764491192383185 0.61390234808807619959 0.00000000099999999996 0.00000000099999999996 0.00000000099999999996 0.00000000099999999996 0.00000000099999999996 0.00000000099999999996 0.00000000099999999996
8 8 (0) 1 : 0.00000000099999999996 0.00000000099999999996 0.00000000099999999996 0.00000000099999999996 0.00000000099999999996 0.99999999200000000421 0.00000000099999999996 0.00000000099999999996 0.00000000099999999996
9 9 (0) 1 : 0.00000000099999999999 0.00000078398259864342 0.19039084782945095431 0.71534201719123768903 0.00000000099999999999 0.00000000099999999999 0.00000000099999999999 0.09426634599671281090 0.00000000099999999999
10 10 (0) 1 : 0.00000000099999999999 0.27793106539972051161 0.00000000099999999999 0.54094496830989380332 0.00000000099999999999 0.00000000099999999999 0.00000000099999999999 0.00000000099999999999 0.18112396029038560497
11 11 (0) 1 : 0.00000000099999999989 0.00000000099999999989 0.00000000099999999989 0.99999999200000000421 0.00000000099999999989 0.00000000099999999989 0.00000000099999999989 0.00000000099999999989 0.00000000099999999989
12 12 (0) 1 : 0.35832819745842636738 0.44684369681056351764 0.00000092735834356649 0.00000000099999999999 0.00000000099999999999 0.00000000099999999999 0.00000000099999999999 0.19482717337266655666 0.00000000099999999999
13 13 (0) 2 : 0.00000000099999999998 0.38688089831028349419 0.00000000099999999998 0.00000000099999999998 0.00000000099999999998 0.00000000099999999998 0.00000000099999999998 0.61311909468971625969 0.00000000099999999998
14 14 (0) 2 : 0.00000000099999999984 0.00000000099999999984 0.00000000099999999984 0.99999999200000000421 0.00000000099999999984 0.00000000099999999984 0.00000000099999999984 0.00000000099999999984 0.00000000099999999984
15 15 (0) 2 : 0.00000000099999999987 0.00000000099999999987 0.00000000099999999987 0.99999999200000000421 0.00000000099999999987 0.00000000099999999987 0.00000000099999999987 0.00000000099999999987 0.00000000099999999987
16 16 (0) 2 : 0.99999999200000011523 0.00000000099999999986 0.00000000099999999986 0.00000000099999999986 0.00000000099999999986 0.00000000099999999986 0.00000000099999999986 0.00000000099999999986 0.00000000099999999986
17 17 (0) 2 : 0.00000000099999999999 0.00000000099999999999 0.11234477079242442821 0.37578117396545090978 0.32254588581255022595 0.00000000099999999999 0.00124178976438473376 0.18808637566518965345 0.00000000099999999999
18 18 (0) 2 : 0.56922468411955629009 0.00000000099999999996 0.00000000099999999996 0.43077530888044379687 0.00000000099999999996 0.00000000099999999996 0.00000000099999999996 0.00000000099999999996 0.00000000099999999996
19 19 (0) 2 : 0.46886800799236405535 0.00000000099999999998 0.09010914671483157001 0.44102283929280428065 0.00000000099999999998 0.00000000099999999998 0.00000000099999999998 0.00000000099999999998 0.00000000099999999998
20 20 (0) 2 : 0.16560999703730455712 0.00000000099999999999 0.00000000099999999999 0.00000000099999999999 0.00000000099999999999 0.48048127284617342392 0.13283001686033787947 0.22107870793364428619 0.00000000132253989914
21 21 (0) 2 : 0.00000000099999999999 0.48440377227157721540 0.00000000099999999999 0.00000000099999999999 0.48274446883163774080 0.00000000099999999999 0.00000000099999999999 0.03285175289678488042 0.00000000099999999999
22 22 (0) 2 : 0.28773299963898490983 0.13348436211894501580 0.00000000099999999999 0.15989151400886961185 0.01436786868664422304 0.00000000099999999999 0.12259728698419733450 0.12332816591260871431 0.15859780064975007030
23 23 (0) 2 : 0.11875163741016475649 0.00000000099999999999 0.20978126171902300445 0.26706325348304532641 0.00000000099999999999 0.03178227022630263077 0.00000000099999999999 0.37262157316146421460 0.00000000099999999999
24 24 (0) 2 : 0.00000000099999999986 0.00000000099999999986 0.00000000099999999986 0.00000000099999999986 0.99999999200000000421 0.00000000099999999986 0.00000000099999999986 0.00000000099999999986 0.00000000099999999986
25 25 (0) 2 : 0.00000000099999999996 0.00000000099999999996 0.00000000099999999996 0.21703863282044255634 0.44979323393216680271 0.00000000099999999996 0.00000000099999999996 0.33316812724739064411 0.00000000099999999996
26 26 (0) 2 : 0.21805609545589257903 0.15122378919466572533 0.08529739117412545035 0.00000000099999999999 0.00000000099999999999 0.14485519783651570891 0.00000000099999999999 0.15898808786096632617 0.24157943547783422567
27 27 (0) 2 : 0.00000000099999999999 0.00000000099999999999 0.33559031251865384382 0.18461312739053989396 0.00000000099999999999 0.00000000099999999999 0.00000000099999999999 0.00000000099999999999 0.47979655409080640416
28 28 (0) 2 : 0.99999999200000011523 0.00000000099999999995 0.00000000099999999995 0.00000000099999999995 0.00000000099999999995 0.00000000099999999995 0.00000000099999999995 0.00000000099999999995 0.00000000099999999995
29 29 (0) 2 : 0.00000833811536495055 0.00000000100000000000 0.20876647693513805670 0.00000000100000000000 0.00000000100000000000 0.20452798576985833923 0.51369294980121715799 0.07300424537842140071 0.00000000100000000000
30 30 (0) 2 : 0.00000000099999999998 0.00000000099999999998 0.00000000099999999998 0.57815529360340467413 0.00000000099999999998 0.36272432663152504029 0.05912037376507039282 0.00000000099999999998 0.00000000099999999998
31 31 (0) 2 : 0.00000000099999999994 0.00000000099999999994 0.00000000099999999994 0.31246962320883797659 0.00000000099999999994 0.00000000099999999994 0.68753036979116199934 0.00000000099999999994 0.00000000099999999994
32 32 (0) 2 : 0.14952601258573167131 0.21285180522632080047 0.13646868168495440710 0.00000000099999999998 0.00000000099999999998 0.00000000099999999998 0.00000000099999999998 0.24021435748664532461 0.26093913901634774311
33 33 (0) 2 : 0.00000000099999999984 0.00000000099999999984 0.00000000099999999984 0.99999999200000011523 0.00000000099999999984 0.00000000099999999984 0.00000000099999999984 0.00000000099999999984 0.00000000099999999984
34 34 (0) 3 : 0.05512410928385053782 0.15774691525028694539 0.00000000099999999998 0.00000000099999999998 0.00000000099999999998 0.20049912675158254594 0.20481136591448603768 0.00000000099999999998 0.38181847879979385896
35 35 (0) 3 : 0.00000000099999999982 0.00000000099999999982 0.00000000099999999982 0.00000000099999999982 0.00000000099999999982 0.00000000099999999982 0.99999999200000000421 0.00000000099999999982 0.00000000099999999982
36 36 (0) 3 : 0.00021440664696647542 0.00000000099999999998 0.00000000099999999998 0.00000000099999999998 0.56611819134909102669 0.22710536695146116282 0.09727380740389088287 0.10928822364859042127 0.00000000099999999998
37 37 (0) 3 : 0.06407546083298944206 0.37579187821450404927 0.28281283124621059422 0.00000000099999999999 0.00000000099999999999 0.11219667792630386161 0.16512314777999212434 0.00000000099999999999 0.00000000099999999999
38 38 (0) 3 : 0.00000000099999999991 0.00000000099999999991 0.00000000099999999991 0.00000000099999999991 0.99999999200000011523 0.00000000099999999991 0.00000000099999999991 0.00000000099999999991 0.00000000099999999991
39 39 (0) 3 : 0.00000000099999999996 0.45292606363690179894 0.00000000099999999996 0.01837918249595723794 0.00000000099999999996 0.00000000099999999996 0.00000000099999999996 0.00000000099999999996 0.52869474786714076853
40 40 (0) 3 : 0.00000000099999999998 0.00000000099999999998 0.00000000099999999998 0.02878906009003472793 0.10570949889371801522 0.36762713042883782277 0.00000000099999999998 0.00000000099999999998 0.49787430558740947140
41 41 (0) 3 : 0.00000000099999999999 0.00000000099999999999 0.17244035310457234145 0.00000000099999999999 0.00000000099999999999 0.11487914319538801433 0.00000000099999999999 0.30941516712610689366 0.40326533157393279483
42 42 (0) 3 : 0.00000000099999999996 0.00000000099999999996 0.33454982146852074720 0.22240105901989914994 0.00000000099999999996 0.44304911351158016153 0.00000000099999999996 0.00000000099999999996 0.00000000099999999996
43 43 (0) 3 : 0.00000000099999999997 0.00000000099999999997 0.17881305513888964831 0.00000000099999999997 0.38656074519461008920 0.00000000099999999997 0.24681621875502579577 0.00000000099999999997 0.18780997591147455261
44 44 (0) 3 : 0.00000000099999999990 0.00000000099999999990 0.00000000099999999990 0.00000000099999999990 0.00000000099999999990 0.99999999200000011523 0.00000000099999999990 0.00000000099999999990 0.00000000099999999990
45 45 (0) 3 : 0.00000000099999999988 0.00000000099999999988 0.00000000099999999988 0.00000000099999999988 0.99999999200000000421 0.00000000099999999988 0.00000000099999999988 0.00000000099999999988 0.00000000099999999988
46 46 (0) 3 : 0.07208014404358198401 0.00000000099999999997 0.00000000099999999997 0.00000000099999999997 0.00000000099999999997 0.00000000099999999997 0.00000000099999999997 0.00000000099999999997 0.92791984895641810294
47 47 (0) 3 : 0.00000000099999999998 0.00000000099999999998 0.13098220769189647394 0.26313908785396677992 0.09367513275342907730 0.00000005191380909749 0.29017548305383311646 0.00000000099999999998 0.22202803373306537194
48 48 (0) 3 : 0.00000000099999999985 0.00000000099999999985 0.00000000099999999985 0.00000000099999999985 0.00000000099999999985 0.00000000099999999985 0.99999999200000000421 0.00000000099999999985 0.00000000099999999985
49 49 (0) 3 : 0.00000000099999999982 0.99999999200000011523 0.00000000099999999982 0.00000000099999999982 0.00000000099999999982 0.00000000099999999982 0.00000000099999999982 0.00000000099999999982 0.00000000099999999982
50 50 (0) 3 : 0.00000000099999999998 0.00000000099999999998 0.06966433999375418185 0.05475718731070678552 0.33688359956828017872 0.06130728557303520565 0.20855851084547508134 0.00000000099999999998 0.26882907370874858932
51 51 (0) 3 : 0.00000000099999999995 0.48712343102085353674 0.00000000099999999995 0.00866966453750360813 0.00000000099999999995 0.00000000099999999995 0.00000000099999999995 0.00000000099999999995 0.50420689844164268134
52 52 (0) 3 : 0.27196813562071187054 0.00000000099999999999 0.09553494793400155172 0.00000000099999999999 0.26732109446341806303 0.00000000099999999999 0.14660789108909005884 0.14058168080767158292 0.07798624708510673575
53 53 (0) 3 : 0.00000000099999999985 0.00000000099999999985 0.99999999200000000421 0.00000000099999999985 0.00000000099999999985 0.00000000099999999985 0.00000000099999999985 0.00000000099999999985 0.00000000099999999985
54 54 (0) 3 : 0.00000000099999999997 0.27788068135656884827 0.00000000099999999997 0.00000000099999999997 0.00000000099999999997 0.00000000099999999997 0.00000000099999999997 0.22166144209382082630 0.50045787054961010654
55 55 (0) 3 : 0.00000000099999999998 0.00000023149782970944 0.27013841191385845608 0.08463626484719863341 0.00000000099999999998 0.64522508674111322957 0.00000000099999999998 0.00000000099999999998 0.00000000099999999998
56 56 (0) 3 : 0.00000000099999999997 0.00000000099999999997 0.39212528946426417065 0.00000000099999999997 0.22027426073638561865 0.00000000099999999997 0.00000000099999999997 0.00000000099999999997 0.38760044379935021386
57 57 (0) 3 : 0.00000000099999999995 0.33991258018306941269 0.00000000099999999995 0.00000000099999999995 0.00000000188395988657 0.66008741193297049143 0.00000000099999999995 0.00000000099999999995 0.00000000099999999995
58 58 (0) 3 : 0.00000000099999999995 0.00000000099999999995 0.00000009910806250037 0.00000000099999999995 0.65091207554181640393 0.34908781935012100917 0.00000000099999999995 0.00000000099999999995 0.00000000099999999995
59 59 (0) 3 : 0.00000000099999999995 0.00000000099999999995 0.00000000099999999995 0.20648148497392199152 0.00000000099999999995 0.00000000099999999995 0.00000020636687959835 0.00000000099999999995 0.79351830265919831575
60 60 (0) 4 : 0.00000000099999999996 0.41842761298013614324 0.00000000099999999996 0.58157238001986388820 0.00000000099999999996 0.00000000099999999996 0.00000000099999999996 0.00000000099999999996 0.00000000099999999996
61 61 (0) 4 : 0.00000000099999999996 0.00000000099999999996 0.00000000099999999996 0.69103060283550632459 0.00000000099999999996 0.00000000099999999996 0.30896939016449365134 0.00000000099999999996 0.00000000099999999996
62 62 (0) 4 : 0.00000000099999999997 0.00000000099999999997 0.00000000099999999997 0.22712244829909028487 0.23035725962017541968 0.00000000099999999997 0.34439727085424431952 0.00000000099999999997 0.19812301622649000632
63 63 (0) 4 : 0.00000000099999999993 0.00000000099999999993 0.00000000099999999993 0.00000000099999999993 0.00000000099999999993 0.99999999200000011523 0.00000000099999999993 0.00000000099999999993 0.00000000099999999993
64 64 (0) 4 : 0.00000000099999999997 0.00000000099999999997 0.23560481610464459323 0.15102703533024564031 0.61336814256510985288 0.00000000099999999997 0.00000000099999999997 0.00000000099999999997 0.00000000099999999997
65 65 (0) 4 : 0.00000000099999999996 0.00000000099999999996 0.00000000099999999996 0.00000000099999999996 0.00000000099999999996 0.00000000099999999996 0.39509091076990066060 0.22223338741939582808 0.38267569581070343121
66 66 (0) 4 : 0.00000000099999999989 0.00000000099999999989 0.00000000099999999989 0.00000000099999999989 0.00000000099999999989 0.00000000099999999989 0.99999999200000000421 0.00000000099999999989 0.00000000099999999989
67 67 (0) 4 : 0.24444346571415939695 0.00000000099999999997 0.00000000099999999997 0.06981129930498515546 0.68574522898085554790 0.00000000099999999997 0.00000000099999999997 0.00000000099999999997 0.00000000099999999997
68 68 (0) 4 : 0.00000000100000000000 0.21695815984888563999 0.16202876433020546587 0.07658773876767974165 0.05486244540580198503 0.03313863623634633049 0.03043557143004924082 0.11155860512593478162 0.31443007785509685670
69 69 (0) 4 : 0.00000000099999999994 0.77095847753712798411 0.00000000099999999994 0.00000000099999999994 0.22904151546287213059 0.00000000099999999994 0.00000000099999999994 0.00000000099999999994 0.00000000099999999994
70 70 (0) 4 : 0.34357121232169179903 0.00000000099999999997 0.00000000099999999997 0.00000000099999999997 0.24280817813741775724 0.00000000099999999997 0.00000000099999999997 0.41362060354089030811 0.00000000099999999997
71 71 (0) 4 : 0.00000000099999999998 0.00000000099999999998 0.00000001792037188923 0.00000000099999999998 0.00000000099999999998 0.11124302826195718585 0.37319610399299513182 0.00000000099999999998 0.51556084482467579022
72 72 (0) 4 : 0.12588406492633244516 0.00000000099999999996 0.00000000099999999996 0.43875265745287761465 0.43536327162079008213 0.00000000099999999996 0.00000000099999999996 0.00000000099999999996 0.00000000099999999996
73 73 (0) 4 : 0.00000000099999999997 0.00000000099999999997 0.24292985890538221216 0.00000000099999999997 0.16696272041041271272 0.59010741468420513378 0.00000000099999999997 0.00000000099999999997 0.00000000099999999997
74 74 (0) 4 : 0.00000000099999999998 0.00000000099999999998 0.37867318718212050754 0.00000000099999999998 0.00000000099999999998 0.00000000099999999998 0.62132680581787935736 0.00000000099999999998 0.00000000099999999998
75 75 (0) 4 : 0.00000000099999999990 0.00000000099999999990 0.20933806830697393453 0.00000000099999999990 0.00000000099999999990 0.00000000099999999990 0.79066192469302609691 0.00000000099999999990 0.00000000099999999990
76 76 (0) 4 : 0.00000000099999999992 0.00000000099999999992 0.00000000099999999992 0.00000000099999999992 0.00000000099999999992 0.00000000099999999992 0.99999999199999989319 0.00000000099999999992 0.00000000099999999992
77 77 (0) 4 : 0.00000000099999999999 0.24878177592880468261 0.04675991114449921937 0.10215085091699631359 0.27812071014856137863 0.18511215500160013714 0.03487226984097099164 0.00000000099999999999 0.10420232501856732665
78 78 (0) 4 : 0.15089522144768333090 0.00000000099999999997 0.00000000099999999997 0.00000000099999999997 0.00000000099999999997 0.33829397265219285362 0.00000000099999999997 0.00000000099999999997 0.51081079990012379088
79 79 (0) 4 : 0.00000000099999999998 0.49688460359346908746 0.11816167698647483952 0.00000000099999999998 0.00000000099999999998 0.00000000099999999998 0.00203466435673424397 0.00000000099999999998 0.38291905006332194183
80 80 (0) 4 : 0.00000000099999999998 0.32920249955724140145 0.32543007145179064787 0.00000000099999999998 0.29709791325373757775 0.00000000099999999998 0.00000038202672159793 0.04826912971050876383 0.00000000099999999998
81 81 (0) 4 : 0.00000000099999999999 0.00000166943210424975 0.00000000099999999999 0.67029856458395309371 0.00000000099999999999 0.00000000099999999999 0.00000000099999999999 0.03385452630530540186 0.29584523467863732549
82 82 (0) 4 : 0.00000000100000000000 0.28539124125895737327 0.00000002229325324540 0.15174135797692581140 0.00000000100000000000 0.11065172452215384091 0.01434499408563149996 0.00000000100000000000 0.43787065686307818924
83 83 (0) 4 : 0.00000000099999999999 0.00000000099999999999 0.07168301450768380101 0.00000000099999999999 0.13069363727150193344 0.36438455005280440124 0.00030104939281013968 0.00000000099999999999 0.43293774477519958443
84 84 (0) 4 : 0.00000000099999999999 0.00000000099999999999 0.06340315136393695483 0.13306437776535950945 0.34170872901704968383 0.22739084965560765750 0.00719218547330237844 0.00000000099999999999 0.22724070372474375334
85 85 (0) 4 : 0.00000000099999999997 0.00000000099999999997 0.00000279634589187707 0.49024771885492696155 0.29276775529305326673 0.00000000099999999997 0.00000000099999999997 0.21698172450612784878 0.00000000099999999997
86 86 (0) 5 : 0.00000000099999999995 0.00000000099999999995 0.00000000099999999995 0.00000000099999999995 0.00000000099999999995 0.00000000099999999995 0.00000000099999999995 0.29642356322456109297 0.70357642977543888296
87 87 (0) 5 : 0.00000000099999999991 0.00000000099999999991 0.99999999200000000421 0.00000000099999999991 0.00000000099999999991 0.00000000099999999991 0.00000000099999999991 0.00000000099999999991 0.00000000099999999991
88 88 (0) 5 : 0.00000000099999999999 0.06039409295942451544 0.14278238914015875527 0.00000000099999999999 0.00000000099999999999 0.00000000099999999999 0.33933738470096319606 0.22074654872291657459 0.23673958047653687053
89 89 (0) 5 : 0.00000000099999999999 0.11145201739039850564 0.00000000099999999999 0.00000000099999999999 0.34221910824620754843 0.27121304323565531558 0.00000000099999999999 0.17068193014993077172 0.10443389697780777747
90 90 (0) 5 : 0.00000000099999999997 0.29199562053623800972 0.00000000099999999997 0.00000000099999999997 0.00000000099999999997 0.00000000099999999997 0.00000000099999999997 0.20767720204719050670 0.50032717141657145898
91 91 (0) 5 : 0.01633562717921521745 0.00000000099999999999 0.00000000099999999999 0.10795919164361060527 0.00000000099999999999 0.39986789945742090557 0.00000000099999999999 0.00000000099999999999 0.47583727671975328821
92 92 (0) 5 : 0.00000000099999999999 0.18451702376519812931 0.14889131930203358678 0.00000000099999999999 0.00000000099999999999 0.00000000099999999999 0.32812245510160259476 0.00000000099999999999 0.33846919683116560851
93 93 (0) 5 : 0.00000000099999999993 0.66618167039144493558 0.00000000099999999993 0.00000000099999999993 0.00000000099999999993 0.33381832260855520689 0.00000000099999999993 0.00000000099999999993 0.00000000099999999993
94 94 (0) 5 : 0.04798804408531060633 0.37206667859930347975 0.29212810996064586533 0.00000462770657138542 0.00000000099999999999 0.00000000099999999999 0.00000000099999999999 0.00000000099999999999 0.28781253564816872137
95 95 (0) 5 : 0.10975957393380447735 0.00000000099999999997 0.00000000099999999997 0.15552226890837367312 0.00000000099999999997 0.34399134934606329095 0.00000000099999999997 0.39072680281175836692 0.00000000099999999997
96 96 (0) 5 : 0.00000000099999999997 0.00000000099999999997 0.11417903249078378836 0.00000000099999999997 0.32197682624407375496 0.17980976447721463973 0.00000000099999999997 0.00000000099999999997 0.38403437178792804163
97 97 (0) 5 : 0.28098379010256852029 0.29241663631490238950 0.09257496833849561402 0.00000000099999999998 0.33402460024403368699 0.00000000099999999998 0.00000000099999999998 0.00000000099999999998 0.00000000099999999998
98 98 (0) 5 : 0.08684986941640181202 0.00000000099999999999 0.00000000099999999999 0.00000000099999999999 0.00879629169079443850 0.16387707662180894808 0.33758470920087857436 0.15912795070549032306 0.24376409936462584138
99 99 (0) 5 : 0.00000000099999999994 0.00000000099999999994 0.00000000099999999994 0.00000000099999999994 0.99999999200000000421 0.00000000099999999994 0.00000000099999999994 0.00000000099999999994 0.00000000099999999994
100 100 (0) 5 : 0.00000000099999999990 0.00000000099999999990 0.00000000099999999990 0.00000000099999999990 0.99999999200000000421 0.00000000099999999990 0.00000000099999999990 0.00000000099999999990 0.00000000099999999990
101 101 (0) 5 : 0.00000000099999999990 0.00000000099999999990 0.00000000099999999990 0.00000000099999999990 0.00000000099999999990 0.99999999200000000421 0.00000000099999999990 0.00000000099999999990 0.00000000099999999990
102 102 (0) 5 : 0.00000000099999999996 0.00000000099999999996 0.00000000099999999996 0.00000000099999999996 0.00000000099999999996 0.50469123890174050207 0.24153656801914702434 0.00000000099999999996 0.25377218707911258777
103 103 (0) 5 : 0.04973395149715931912 0.00000000099999999999 0.00000000099999999999 0.00000000099999999999 0.06209515256257130272 0.12220094018721160134 0.27167499549756518595 0.02801510053143901544 0.46627985672405353190
104 104 (0) 5 : 0.23742324932138514360 0.00000000099999999999 0.28606640654649684308 0.00000000099999999999 0.47651033813211818302 0.00000000099999999999 0.00000000099999999999 0.00000000099999999999 0.00000000099999999999
105 105 (0) 5 : 0.00000000099999999997 0.18277851775346504182 0.40545919041730332788 0.00000000099999999997 0.00000000099999999997 0.24897708501404824943 0.00000000099999999997 0.00000000099999999997 0.16278520181518335574
106 106 (0) 5 : 0.07537055627053289297 0.19588730132044976373 0.16265188843747244163 0.00000000099999999999 0.09523797531413651096 0.00000000099999999999 0.35423771745249466036 0.11661455820491370416 0.00000000099999999999
107 107 (0) 5 : 0.00000000099999999999 0.00000000099999999999 0.00000000099999999999 0.12188105238983842904 0.15507287927309446052 0.00000000099999999999 0.09197576593863825145 0.00628156820485225968 0.62478873019357672458
108 108 (0) 5 : 0.16922307591483126687 0.36970870802164129687 0.00000000099999999999 0.01530815281480732253 0.00000000099999999999 0.05616334358949529731 0.18941962674888734863 0.01525017565077207461 0.18492691525956575505
109 109 (0) 5 : 0.00000000099999999998 0.00000000099999999998 0.00000000099999999998 0.00000000099999999998 0.00000000099999999998 0.52885259699544628909 0.00000000099999999998 0.47114739600455374235 0.00000000099999999998
110 110 (0) 5 : 0.00000000099999999999 0.33238270777096773356 0.13815323798530798616 0.17773476959951808873 0.00000000099999999999 0.21043895086443692444 0.14129032977976929697 0.00000000099999999999 0.00000000099999999999
111 111 (0) 5 : 0.00000000099999999997 0.05278098183466563981 0.34657777393164157509 0.00000000099999999997 0.28294693582775248819 0.00000000099999999997 0.31769430340594029261 0.00000000099999999997 0.00000000099999999997
112 112 (0) 5 : 0.00000000099999999994 0.09665164722153367360 0.00000000099999999994 0.00000000099999999994 0.26774329118001422012 0.25715514069663431007 0.37583241039391740435 0.00000000099999999994 0.00261750650790057307
113 113 (0) 4 : 0.00000000099999999998 0.00000000099999999998 0.00000000099999999998 0.00000000099999999998 0.00000000099999999998 0.48550346364487945161 0.51449652935512046881 0.00000000099999999998 0.00000000099999999998
114 114 (0) 6 : 0.11135792806761360407 0.00000000099999999999 0.00000000099999999999 0.00000000099999999999 0.47715643327419465791 0.13122660977654412862 0.19022429009804842082 0.09003473478359906579 0.00000000099999999999
115 115 (0) 6 : 0.00000000099999999998 0.17570492004105264794 0.30211394520009055009 0.26913529356561299855 0.00000000099999999998 0.00000000099999999998 0.07341576292505869183 0.08033557113828040941 0.09929450412990477315
116 116 (0) 6 : 0.65855083991319784964 0.00000000099999999995 0.00000000099999999995 0.00000000099999999995 0.00000000099999999995 0.00000000099999999995 0.34144915308680223731 0.00000000099999999995 0.00000000099999999995
117 117 (0) 6 : 0.30870799135761028964 0.00000000099999999995 0.00000000099999999995 0.42504749374292372099 0.00000000099999999995 0.26624450889946593701 0.00000000099999999995 0.00000000099999999995 0.00000000099999999995
118 118 (0) 6 : 0.00000000099999999980 0.00000000099999999980 0.00000000099999999980 0.00000000099999999980 0.00000000099999999980 0.00000000099999999980 0.00000000099999999980 0.99999999200000000421 0.00000000099999999980
119 119 (0) 6 : 0.00000000099999999992 0.00000000099999999992 0.00000000099999999992 0.53302760717224006992 0.00000000099999999992 0.00000000099999999992 0.00000000099999999992 0.46697238582775985050 0.00000000099999999992
120 120 (0) 6 : 0.00000000099999999981 0.00000000099999999981 0.99999999200000000421 0.00000000099999999981 0.00000000099999999981 0.00000000099999999981 0.00000000099999999981 0.00000000099999999981 0.00000000099999999981
121 121 (0) 6 : 0.00000000099999999993 0.00000000099999999993 0.99999999200000011523 0.00000000099999999993 0.00000000099999999993 0.00000000099999999993 0.00000000099999999993 0.00000000099999999993 0.00000000099999999993
122 122 (0) 6 : 0.00000000099999999997 0.30827752450154199959 0.00000000099999999997 0.00000000099999999997 0.00000000099999999997 0.26101753280548262159 0.43070493669297527095 0.00000000099999999997 0.00000000099999999997
123 123 (0) 6 : 0.41270781208757972847 0.58729218091242030297 0.00000000099999999996 0.00000000099999999996 0.00000000099999999996 0.00000000099999999996 0.00000000099999999996 0.00000000099999999996 0.00000000099999999996
124 124 (0) 6 : 0.00000000099999999995 0.53650094472836529214 0.46349904827163485033 0.00000000099999999995 0.00000000099999999995 0.00000000099999999995 0.00000000099999999995 0.00000000099999999995 0.00000000099999999995
125 125 (0) 6 : 0.00000000099999999990 0.99999999200000011523 0.00000000099999999990 0.00000000099999999990 0.00000000099999999990 0.00000000099999999990 0.00000000099999999990 0.00000000099999999990 0.00000000099999999990
126 126 (0) 6 : 0.00000000099999999993 0.00000000099999999993 0.00000000099999999993 0.00000000099999999993 0.00000000099999999993 0.99999999200000000421 0.00000000099999999993 0.00000000099999999993 0.00000000099999999993
127 127 (0) 6 : 0.00000000099999999995 0.49936186242703656246 0.00000000099999999995 0.50063813057296358000 0.00000000099999999995 0.00000000099999999995 0.00000000099999999995 0.00000000099999999995 0.00000000099999999995
128 128 (0) 6 : 0.00000000099999999988 0.00000000099999999988 0.00000000099999999988 0.00000000099999999988 0.00000000099999999988 0.99999999200000011523 0.00000000099999999988 0.00000000099999999988 0.00000000099999999988
129 129 (0) 6 : 0.00000000099999999999 0.19279107801063502525 0.22654463344618530618 0.00000000099999999999 0.21643036518315611483 0.12487630536177266039 0.23935761399825083995 0.00000000099999999999 0.00000000099999999999
130 130 (0) 6 : 0.31433731252212504526 0.06232704333109995165 0.12848162421538503186 0.00000000099999999999 0.00000000099999999999 0.25733318331684207347 0.08331987074902738599 0.00000000099999999999 0.15420096286552065212
131 131 (0) 6 : 0.00000000099999999976 0.00000000099999999976 0.00000000099999999976 0.00000000099999999976 0.00000000099999999976 0.00000000099999999976 0.00000000099999999976 0.99999999200000000421 0.00000000099999999976
132 132 (0) 6 : 0.00000000099999999999 0.13794851865504845212 0.09177433025663241095 0.09474044917169928415 0.15183422709027621922 0.00000000099999999999 0.40089896565072857815 0.00000000099999999999 0.12280350617561507087
133 133 (0) 6 : 0.00000000099999999998 0.33405939131911521756 0.31341935851429564286 0.00000000099999999998 0.00000000099999999998 0.35250663392201991853 0.00000000099999999998 0.00000000099999999998 0.00001461124456915759
134 134 (0) 6 : 0.00000247080515212407 0.00000000099999999999 0.23475846210898321242 0.00000000099999999999 0.00000408556544244784 0.00000000099999999999 0.12568957912637146457 0.24431670941623762072 0.39522868997781307465
135 135 (0) 6 : 0.31676929658251024025 0.00000000099999999998 0.00000000099999999998 0.19870289009377220535 0.00000000099999999998 0.00000000099999999998 0.15366241467987504232 0.33086539364384237594 0.00000000099999999998
136 136 (0) 6 : 0.21563323733907321933 0.36308755842789119939 0.00000000099999999999 0.00000000099999999999 0.04452617243609348352 0.00000000099999999999 0.10329792605574404651 0.00000000099999999999 0.27345510174119819213
137 137 (0) 6 : 0.08934608003565387702 0.03771077989763400862 0.00000000100000000000 0.00771169955406240774 0.22675398884370556729 0.31693059439474868810 0.18582198060501955994 0.05939827422342373875 0.07632660144575205419
138 138 (0) 6 : 0.00000000099999999998 0.06315693716555974280 0.25599983748225474400 0.00000000099999999998 0.15033548375192007374 0.00000000099999999998 0.32540308632891334906 0.10964722317551756081 0.09545742909583455893
139 139 (0) 6 : 0.00000000099999999999 0.00000000099999999999 0.08582950649279569300 0.10891678620897350671 0.03503796871711786776 0.29473601072072058704 0.19701392611020659973 0.00000000099999999999 0.27846579875018590000
140 140 (0) 6 : 0.17548437991197227137 0.24349833655297259405 0.00000000099999999999 0.26382358912908498993 0.13815428606618029850 0.00000000099999999999 0.17903940433978970947 0.00000000099999999999 0.00000000099999999999
141 141 (0) 6 : 0.44953228377922793690 0.00000000099999999996 0.24416696179255092947 0.00000000099999999996 0.00000000099999999996 0.00000000099999999996 0.00000000099999999996 0.00000000099999999996 0.30630074842822130332
142 142 (0) 7 : 0.00000000099999999997 0.18151000956034554767 0.00000000099999999997 0.00000000099999999997 0.00000000099999999997 0.00000000099999999997 0.43105185077033142393 0.00000000099999999997 0.38743813366932300379
143 143 (0) 7 : 0.00000000099999999979 0.00000000099999999979 0.00000000099999999979 0.00000000099999999979 0.00000000099999999979 0.00000000099999999979 0.00000000099999999979 0.99999999200000000421 0.00000000099999999979
144 144 (0) 7 : 0.00000000619350300430 0.24896949697570922022 0.23022276437136149352 0.06234723320847541939 0.27625655843120988653 0.00000000100000000000 0.00019711759799520667 0.08048098139139124585 0.10152584083035449958
145 145 (0) 7 : 0.00000000099999999984 0.00000000099999999984 0.99999999200000000421 0.00000000099999999984 0.00000000099999999984 0.00000000099999999984 0.00000000099999999984 0.00000000099999999984 0.00000000099999999984
146 146 (0) 7 : 0.44117657121929915176 0.00000000099999999997 0.17554711566274883161 0.00000000099999999997 0.00000000099999999997 0.00000000099999999997 0.00000000099999999997 0.00000000099999999997 0.38327630711795213081
147 147 (0) 7 : 0.00000000099999999990 0.00000000099999999990 0.00000000099999999990 0.00000000099999999990 0.00000000099999999990 0.00000000099999999990 0.00000000099999999990 0.00000000099999999990 0.99999999200000000421
148 148 (0) 7 : 0.00000000099999999998 0.00000000099999999998 0.16518032758845063723 0.00000000099999999998 0.00000000099999999998 0.23161486545175380414 0.36652388705460814400 0.00000000099999999998 0.23668091490518750053
149 149 (0) 7 : 0.00000000099999999993 0.00000000099999999993 0.00000000099999999993 0.66930764222145655573 0.00000000099999999993 0.33069235077854347571 0.00000000099999999993 0.00000000099999999993 0.00000000099999999993
150 150 (0) 7 : 0.38966783400130067250 0.00000000099999999997 0.00000000099999999997 0.00000000099999999997 0.00000000099999999997 0.00000000099999999997 0.61033215899869930343 0.00000000099999999997 0.00000000099999999997
151 151 (0) 7 : 0.30770040909633455950 0.19904784080028883886 0.12698787394269819839 0.31948121563373615972 0.00000000099999999999 0.04678265652694239135 0.00000000099999999999 0.00000000099999999999 0.00000000099999999999
152 152 (0) 7 : 0.00000000099999999999 0.00000000099999999999 0.13641036123356325982 0.06381544451061353651 0.37019979484046722229 0.00001162774953760532 0.00000029872574130506 0.00000000099999999999 0.42956246994007707407
153 153 (0) 7 : 0.99999999200000022626 0.00000000099999999970 0.00000000099999999970 0.00000000099999999970 0.00000000099999999970 0.00000000099999999970 0.00000000099999999970 0.00000000099999999970 0.00000000099999999970
154 154 (0) 7 : 0.11210055399962862155 0.00000000099999999996 0.00000000099999999996 0.00000000099999999996 0.63364507235177058853 0.00000000099999999996 0.00000000099999999996 0.00000000099999999996 0.25425436764860082084
155 155 (0) 7 : 0.29155714912225233482 0.16734381741224071960 0.00000000099999999997 0.37458492136023419095 0.00000000099999999997 0.00000000099999999997 0.16651410710527270176 0.00000000099999999997 0.00000000099999999997
156 156 (0) 7 : 0.00000000099999999989 0.00000000099999999989 0.00000000099999999989 0.00000000099999999989 0.00000000099999999989 0.00000000099999999989 0.00000000099999999989 0.00000000099999999989 0.99999999199999989319
157 157 (0) 7 : 0.00000000099999999988 0.00000000099999999988 0.00000000099999999988 0.00000000099999999988 0.00000000099999999988 0.00000000099999999988 0.00000000099999999988 0.00000000099999999988 0.99999999200000000421
158 158 (0) 7 : 0.00000000099999999999 0.00016014458615401625 0.00000000099999999999 0.00000000099999999999 0.31970591493986405540 0.06877321727141894048 0.13607479857581028515 0.22275725067989937678 0.25252867094685355065
159 159 (0) 7 : 0.32555044739245869723 0.00000000099999999998 0.31948090445199917031 0.28561148264249186512 0.00000000099999999998 0.00000000099999999998 0.00000000099999999998 0.06935716051305032548 0.00000000099999999998
160 160 (0) 7 : 0.00000000099999999995 0.00000000099999999995 0.00000000099999999995 0.00013933727618197354 0.00000000099999999995 0.54834977797818262868 0.00000000099999999995 0.45151087874563533564 0.00000000099999999995
161 161 (0) 7 : 0.99999999200000022626 0.00000000099999999984 0.00000000099999999984 0.00000000099999999984 0.00000000099999999984 0.00000000099999999984 0.00000000099999999984 0.00000000099999999984 0.00000000099999999984
162 162 (0) 7 : 0.00000000099999999998 0.04189768474405091564 0.19712112078768856405 0.19978157831965329128 0.10407628998635692907 0.33729362654107669650 0.11982969662117372300 0.00000000099999999998 0.00000000099999999998
163 163 (0) 7 : 0.00000000099999999997 0.00000000099999999997 0.34154973693617929342 0.00000000099999999997 0.00000000099999999997 0.20881440687168609238 0.00000000099999999997 0.07170821388436014743 0.37792763730777445552
164 164 (0) 7 : 0.18604716851568717240 0.00000000100000000000 0.17496998899770346836 0.15851242533612100449 0.00000270312573048795 0.00000000100000000000 0.11190263578391003441 0.06177909197808315739 0.30678598426276476596
165 165 (0) 7 : 0.52184747534071784791 0.00000000099999999996 0.47815251765928229455 0.00000000099999999996 0.00000000099999999996 0.00000000099999999996 0.00000000099999999996 0.00000000099999999996 0.00000000099999999996
166 166 (0) 7 : 0.00000000099999999998 0.14519394770897964264 0.00000000099999999998 0.22289531393253420033 0.63191073235848616019 0.00000000099999999998 0.00000000099999999998 0.00000000099999999998 0.00000000099999999998
167 167 (0) 7 : 0.00000000099999999997 0.00000000099999999997 0.34761089051320454013 0.00000000099999999997 0.00000000099999999997 0.00057895107386606807 0.00000000099999999997 0.00000000099999999997 0.65181015241292938889
168 168 (0) 7 : 0.02575483888669726287 0.00000000099999999999 0.09509805238506610636 0.11428905621375735902 0.14192621041688985306 0.00000000099999999999 0.22388436165528916022 0.00000000099999999999 0.39904747744230023576
169 169 (0) 7 : 0.00000000099999999997 0.00000000099999999997 0.00000000099999999997 0.77136974673818969883 0.00000000099999999997 0.22863024626181019383 0.00000000099999999997 0.00000000099999999997 0.00000000099999999997
