10 -2446337.786476
10 -2446280.390536
10 -2446383.420592
10 -2446457.009399
10 -2446383.420592
10 -2446614.893422
10 -2446457.009399
10 -2446457.009399
10 -2446457.009399
10 -2446457.009399
10 -2446712.83403
10 -2446457.009399
10 -2446036.550903
10 -2446442.864799
10 -2446196.929735
10 -2447088.415377
10 -2445939.904499
10 -2445939.904499
10 -2446657.015979
10 -2446457.009399
1 -2554917.403651
1 -2554917.403651
1 -2554917.403651
1 -2554917.403651
1 -2554917.403654
1 -2554917.403654
1 -2554917.403654
1 -2554917.403651
1 -2554917.403651
1 -2554917.403651
1 -2554917.403654
1 -2554917.403651
1 -2554917.403652
1 -2554917.403654
1 -2554917.403654
1 -2554917.403651
1 -2554917.403653
1 -2554917.403654
1 -2554917.403654
1 -2554917.403651
2 -2541850.822977
2 -2541778.27863
2 -2541625.973972
2 -2541665.000945
2 -2541625.973972
2 -2541619.552101
2 -2541619.552101
2 -2541850.822977
2 -2541850.822977
2 -2541850.822977
2 -2541648.77387
2 -2541850.822977
2 -2541827.647466
2 -2541668.162884
2 -2541569.412551
2 -2541755.707072
2 -2541890.86515
2 -2541603.09479
2 -2541603.09479
2 -2541603.09479
3 -2528811.800909
3 -2528647.736082
3 -2528775.317328
3 -2528775.317328
3 -2528672.216393
3 -2528677.192549
3 -2528811.800909
3 -2528811.800909
3 -2528811.800909
3 -2528811.800909
3 -2528894.121483
3 -2528811.800909
3 -2529079.762173
3 -2528915.176764
3 -2528595.693669
3 -2528657.971308
3 -2528605.751784
3 -2528757.353627
3 -2528757.353627
3 -2528757.353627
4 -2516034.241403
4 -2516219.7105
4 -2516117.128506
4 -2516426.699225
4 -2516426.699225
4 -2516426.699225
4 -2516034.241403
4 -2516034.241403
4 -2516034.241403
4 -2516034.241403
4 -2516295.972861
4 -2516034.241403
4 -2516397.657647
4 -2516322.794784
4 -2516358.130228
4 -2516435.896271
4 -2516137.774652
4 -2516180.165859
4 -2515990.715158
4 -2516040.64621
5 -2504198.484329
5 -2504222.890349
5 -2504227.325863
5 -2503822.849447
5 -2503822.849447
5 -2503822.849447
5 -2504198.484329
5 -2504198.484329
5 -2504198.484329
5 -2504198.484329
5 -2504372.642701
5 -2504198.484329
5 -2503942.022333
5 -2504104.124651
5 -2503870.872761
5 -2503912.486216
5 -2504441.324948
5 -2504191.933206
5 -2504399.135802
5 -2504191.933206
6 -2492194.526589
6 -2492240.148099
6 -2492435.061894
6 -2492096.717152
6 -2492096.717152
6 -2492411.274638
6 -2492194.526589
6 -2492194.526589
6 -2492194.526589
6 -2492194.526589
6 -2492050.498073
6 -2492194.526589
6 -2492112.719854
6 -2492414.897216
6 -2492242.071723
6 -2492297.542948
6 -2491913.03125
6 -2492202.48963
6 -2492202.48963
6 -2492202.48963
7 -2480240.574467
7 -2481066.382835
7 -2480198.067161
7 -2480349.481723
7 -2480198.067161
7 -2480198.067161
7 -2480453.984663
7 -2480240.574467
7 -2480240.574467
7 -2480240.574467
7 -2480506.255139
7 -2480240.574467
7 -2481010.680994
7 -2480315.580751
7 -2480625.333535
7 -2480093.865025
7 -2480099.529237
7 -2480598.495875
7 -2480758.791204
7 -2480112.751656
8 -2468877.758272
8 -2469030.311274
8 -2469107.161736
8 -2469003.35347
8 -2469003.35347
8 -2469096.4352
8 -2469541.39719
8 -2468877.758272
8 -2468877.758272
8 -2468877.758272
8 -2468678.487292
8 -2468877.758272
8 -2469259.139836
8 -2469123.853704
8 -2468668.156298
8 -2469337.531648
8 -2469066.428789
8 -2469248.366886
8 -2469248.366886
8 -2468877.758272
9 -2457656.300641
9 -2458271.455237
9 -2457573.815086
9 -2457352.710012
9 -2458035.074204
9 -2458035.074204
9 -2457555.707145
9 -2457656.300641
9 -2457656.300641
9 -2457656.300641
9 -2457658.668127
9 -2457656.300641
9 -2457742.427337
9 -2457613.121262
9 -2457263.440946
9 -2457920.421976
9 -2457451.470594
9 -2457403.31648
9 -2458271.455237
9 -2457656.300641
