-------------------------------------------------------------------------------
 L       Percentage of nodes in the largest component
 D       Percentage of nodes in components of size at most 3 [-div option]
 R       Percentage of nodes not in L or D: 100 - L -D
 S       Percentage of nodes that are singletons
 E       Fraction of edges retained (input graph has 380)
 cce     Expected size of component, nodewise [ sum(sz^2) / sum^2(sz) ]
 EW      Edge weight traits (mean, median and IQR)
 ND      Node degree traits [mean, median and IQR]
 CCF     Clustering coefficient (scale 1-100)
 eff     Induced component efficiency relative to start graph (scale 1-1000)
Total number of nodes: 20
----------------------------------------------------------------------------------------------
  L   D   R   S     E     cce  EWmean   EWmed   EWiqr  NDmean   NDmed  NDiqr CCF  eff  Cutoff 
----------------------------------------------------------------------------------------------
100   0   0   0 0.879      20    0.62    0.60    0.11    16.7    17.5    3.5   -    -     0.50
100   0   0   0 0.858      20    0.62    0.60    0.11    16.3    16.5    3.5   -    -     0.51
100   0   0   0 0.811      20    0.63    0.61    0.10    15.4    16.5    3.5   -    -     0.52
100   0   0   0 0.779      20    0.63    0.61    0.10    14.8    16.5    3.5   -    -     0.53
100   0   0   0 0.732      20    0.64    0.62    0.09    13.9    14.5    2.5   -    -     0.54
100   0   0   0 0.695      20    0.64    0.62    0.09    13.2    13.5    2.5   -    -     0.55
100   0   0   0 0.653      20    0.65    0.63    0.10    12.4    12.5    3.5   -    -     0.56
100   0   0   0 0.637      20    0.65    0.63    0.10    12.1    12.5    3.5   -    -     0.57
100   0   0   0 0.584      20    0.66    0.64    0.10    11.1    11.5    3.5   -    -     0.58
100   0   0   0 0.532      20    0.67    0.65    0.10    10.1    10.5    2.5   -    -     0.59
100   0   0   0 0.479      20    0.68    0.65    0.09     9.1     9.5    3.5   -    -     0.60
100   0   0   0 0.400      20    0.69    0.68    0.09     7.6     8.5    3.5   -    -     0.61
100   0   0   0 0.374      20    0.69    0.68    0.09     7.1     8.5    3.5   -    -     0.62
100   0   0   0 0.326      20    0.70    0.70    0.09     6.2     6.5    5.5   -    -     0.63
 85  15   0   0 0.289      15    0.71    0.71    0.07     5.5     5.5    5.5   -    -     0.64
 80  20   0   5 0.242      13    0.73    0.72    0.07     4.6     4.5    4.5   -    -     0.65
 80  20   0   5 0.232      13    0.73    0.72    0.06     4.4     4.5    4.5   -    -     0.66
 80  20   0   5 0.226      13    0.73    0.72    0.06     4.3     4.5    4.5   -    -     0.67
 80  20   0   5 0.189      13    0.74    0.73    0.05     3.6     2.5    4.5   -    -     0.68
 75  25   0  10 0.174      12    0.75    0.74    0.05     3.3     2.5    4.5   -    -     0.69
 75  25   0  10 0.153      12    0.76    0.74    0.04     2.9     2.5    2.5   -    -     0.70
 75  25   0  10 0.147      12    0.76    0.74    0.04     2.8     2.5    1.5   -    -     0.71
 75  25   0  10 0.121      12    0.77    0.75    0.04     2.3     2.5    2.5   -    -     0.72
 65  35   0  20 0.095       9    0.78    0.76    0.04     1.8     2.5    1.5   -    -     0.73
 45  35  20  20 0.079       6    0.79    0.76    0.03     1.5     1.5    1.5   -    -     0.74
 35  65   0  20 0.063       4    0.80    0.77    0.02     1.2     1.5    1.5   -    -     0.75
 35  65   0  35 0.053       3    0.81    0.78    0.06     1.0     1.5    1.5   -    -     0.76
 20  80   0  40 0.037       2    0.83    0.78    0.06     0.7     1.5    1.5   -    -     0.77
  0 100   0  65 0.021       2    0.87    0.84    0.04     0.4     0.5    1.5   -    -     0.78
  0 100   0  70 0.016       1    0.89    0.86    0.09     0.3     0.5    1.5   -    -     0.79
  0 100   0  70 0.016       1    0.89    0.86    0.09     0.3     0.5    1.5   -    -     0.80
  0 100   0  70 0.016       1    0.89    0.86    0.09     0.3     0.5    1.5   -    -     0.81
  0 100   0  70 0.016       1    0.89    0.86    0.09     0.3     0.5    1.5   -    -     0.82
  0 100   0  80 0.011       1    0.93    0.93    0.14     0.2     0.5    0.5   -    -     0.83
  0 100   0  80 0.011       1    0.93    0.93    0.14     0.2     0.5    0.5   -    -     0.84
  0 100   0  80 0.011       1    0.93    0.93    0.14     0.2     0.5    0.5   -    -     0.85
  0 100   0  80 0.011       1    0.93    0.93    0.14     0.2     0.5    0.5   -    -     0.86
  0 100   0  90 0.005       1    1.00    1.00    0.00     0.1     0.5    0.5   -    -     0.87
  0 100   0  90 0.005       1    1.00    1.00    0.00     0.1     0.5    0.5   -    -     0.88
  0 100   0  90 0.005       1    1.00    1.00    0.00     0.1     0.5    0.5   -    -     0.89
  0 100   0  90 0.005       1    1.00    1.00    0.00     0.1     0.5    0.5   -    -     0.90
  0 100   0  90 0.005       1    1.00    1.00    0.00     0.1     0.5    0.5   -    -     0.91
  0 100   0  90 0.005       1    1.00    1.00    0.00     0.1     0.5    0.5   -    -     0.92
  0 100   0  90 0.005       1    1.00    1.00    0.00     0.1     0.5    0.5   -    -     0.93
  0 100   0  90 0.005       1    1.00    1.00    0.00     0.1     0.5    0.5   -    -     0.94
  0 100   0  90 0.005       1    1.00    1.00    0.00     0.1     0.5    0.5   -    -     0.95
  0 100   0  90 0.005       1    1.00    1.00    0.00     0.1     0.5    0.5   -    -     0.96
  0 100   0  90 0.005       1    1.00    1.00    0.00     0.1     0.5    0.5   -    -     0.97
  0 100   0  90 0.005       1    1.00    1.00    0.00     0.1     0.5    0.5   -    -     0.98
  0 100   0  90 0.005       1    1.00    1.00    0.00     0.1     0.5    0.5   -    -     0.99
---------------------------------------------------------------------------------------------
