-------------------------------------------------------------------------------
 L       Percentage of nodes in the largest component
 D       Percentage of nodes in components of size at most 3 [-div option]
 R       Percentage of nodes not in L or D: 100 - L -D
 S       Percentage of nodes that are singletons
 E       Fraction of edges retained (input graph has 380)
 cce     Expected size of component, nodewise [ sum(sz^2) / sum^2(sz) ]
 EW      Edge weight traits (mean, median and IQR)
 ND      Node degree traits [mean, median and IQR]
 CCF     Clustering coefficient (scale 1-100)
 eff     Induced component efficiency relative to start graph (scale 1-1000)
Total number of nodes: 20
----------------------------------------------------------------------------------------------
  L   D   R   S     E     cce  EWmean   EWmed   EWiqr  NDmean   NDmed  NDiqr CCF  eff  Cutoff 
----------------------------------------------------------------------------------------------
100   0   0   0 0.911      20    0.69    0.68    0.16    17.3    18.5    3.5   -    -     0.50
100   0   0   0 0.895      20    0.69    0.68    0.16    17.0    17.5    3.5   -    -     0.51
100   0   0   0 0.895      20    0.69    0.68    0.16    17.0    17.5    3.5   -    -     0.52
100   0   0   0 0.874      20    0.70    0.69    0.15    16.6    17.5    3.5   -    -     0.53
100   0   0   0 0.863      20    0.70    0.69    0.15    16.4    17.5    2.5   -    -     0.54
100   0   0   0 0.826      20    0.71    0.69    0.14    15.7    16.5    2.5   -    -     0.55
100   0   0   0 0.805      20    0.71    0.70    0.13    15.3    16.5    2.5   -    -     0.56
100   0   0   0 0.774      20    0.72    0.70    0.13    14.7    16.5    4.5   -    -     0.57
100   0   0   0 0.758      20    0.72    0.71    0.13    14.4    15.5    4.5   -    -     0.58
100   0   0   0 0.737      20    0.73    0.71    0.13    14.0    15.5    4.5   -    -     0.59
100   0   0   0 0.705      20    0.73    0.72    0.14    13.4    14.5    4.5   -    -     0.60
100   0   0   0 0.679      20    0.74    0.72    0.13    12.9    13.5    3.5   -    -     0.61
100   0   0   0 0.647      20    0.74    0.73    0.12    12.3    12.5    3.5   -    -     0.62
100   0   0   0 0.611      20    0.75    0.74    0.12    11.6    12.5    1.5   -    -     0.63
100   0   0   0 0.589      20    0.75    0.74    0.11    11.2    11.5    2.5   -    -     0.64
100   0   0   0 0.574      20    0.76    0.74    0.11    10.9    11.5    2.5   -    -     0.65
100   0   0   0 0.516      20    0.77    0.75    0.11     9.8    10.5    3.5   -    -     0.66
100   0   0   0 0.505      20    0.77    0.75    0.10     9.6    10.5    3.5   -    -     0.67
 95   5   0   5 0.453      18    0.78    0.77    0.09     8.6     9.5    5.5   -    -     0.68
 95   5   0   5 0.442      18    0.78    0.77    0.09     8.4     9.5    4.5   -    -     0.69
 90  10   0  10 0.389      16    0.79    0.78    0.08     7.4     9.5    6.5   -    -     0.70
 90  10   0  10 0.368      16    0.80    0.78    0.10     7.0     8.5    5.5   -    -     0.71
 90  10   0  10 0.353      16    0.80    0.79    0.10     6.7     7.5    4.5   -    -     0.72
 85  15   0  15 0.321      15    0.81    0.80    0.10     6.1     6.5    4.5   -    -     0.73
 85  15   0  15 0.284      15    0.82    0.81    0.10     5.4     6.5    3.5   -    -     0.74
 85  15   0  15 0.253      15    0.83    0.81    0.10     4.8     5.5    4.5   -    -     0.75
 85  15   0  15 0.242      15    0.83    0.81    0.09     4.6     5.5    3.5   -    -     0.76
 65  15  20  15 0.200       9    0.85    0.82    0.09     3.8     4.5    3.5   -    -     0.77
 65  15  20  15 0.184       9    0.85    0.84    0.09     3.5     4.5    2.5   -    -     0.78
 65  15  20  15 0.179       9    0.86    0.84    0.09     3.4     4.5    2.5   -    -     0.79
 60  20  20  20 0.163       8    0.86    0.86    0.09     3.1     4.5    1.5   -    -     0.80
 30  20  50  20 0.126       5    0.88    0.88    0.07     2.4     2.5    3.5   -    -     0.81
 30  50  20  25 0.111       4    0.89    0.88    0.06     2.1     2.5    2.5   -    -     0.82
 25  55  20  35 0.095       3    0.90    0.90    0.05     1.8     1.5    3.5   -    -     0.83
 25  55  20  35 0.095       3    0.90    0.90    0.05     1.8     1.5    3.5   -    -     0.84
 25  55  20  35 0.084       3    0.90    0.90    0.03     1.6     1.5    3.5   -    -     0.85
 25  55  20  35 0.079       3    0.91    0.90    0.04     1.5     1.5    3.5   -    -     0.86
 25  55  20  35 0.068       3    0.91    0.91    0.03     1.3     1.5    2.5   -    -     0.87
 25  55  20  35 0.063       3    0.92    0.91    0.02     1.2     1.5    2.5   -    -     0.88
 25  75   0  40 0.053       3    0.92    0.91    0.02     1.0     1.5    2.5   -    -     0.89
 20  80   0  45 0.047       2    0.93    0.92    0.01     0.9     1.5    2.5   -    -     0.90
  0 100   0  50 0.037       2    0.94    0.92    0.04     0.7     0.5    1.5   -    -     0.91
  0 100   0  70 0.016       1    0.97    0.98    0.04     0.3     0.5    1.5   -    -     0.92
  0 100   0  80 0.011       1    0.99    0.99    0.01     0.2     0.5    0.5   -    -     0.93
  0 100   0  80 0.011       1    0.99    0.99    0.01     0.2     0.5    0.5   -    -     0.94
  0 100   0  80 0.011       1    0.99    0.99    0.01     0.2     0.5    0.5   -    -     0.95
  0 100   0  80 0.011       1    0.99    0.99    0.01     0.2     0.5    0.5   -    -     0.96
  0 100   0  80 0.011       1    0.99    0.99    0.01     0.2     0.5    0.5   -    -     0.97
  0 100   0  80 0.011       1    0.99    0.99    0.01     0.2     0.5    0.5   -    -     0.98
  0 100   0  90 0.005       1    0.99    0.99    0.00     0.1     0.5    0.5   -    -     0.99
---------------------------------------------------------------------------------------------
