1.0000	0.4526	0.4659	0.4014	0.4543	0.4014	0.4128	0.4543	0.4543	0.4543	0.4543	0.4527	0.4543	0.4278	0.4380	0.4442	0.4390	0.4390	0.3843	0.4543
0.4526	1.0000	0.4307	0.4076	0.4620	0.4076	0.4241	0.4620	0.4620	0.4620	0.4620	0.4168	0.4620	0.4330	0.4571	0.4020	0.4639	0.4639	0.3767	0.4620
0.4659	0.4307	1.0000	0.4349	0.5135	0.4349	0.4519	0.5135	0.5135	0.5135	0.5135	0.4626	0.5135	0.4239	0.4571	0.4193	0.4637	0.4637	0.4265	0.5135
0.4014	0.4076	0.4349	1.0000	0.4797	1.0000	0.4114	0.4797	0.4797	0.4797	0.4797	0.4238	0.4797	0.4341	0.4736	0.4481	0.4012	0.4012	0.4181	0.4797
0.4543	0.4620	0.5135	0.4797	1.0000	0.4797	0.4668	1.0000	1.0000	1.0000	1.0000	0.4717	1.0000	0.4793	0.4934	0.4611	0.4569	0.4569	0.4546	1.0000
0.4014	0.4076	0.4349	1.0000	0.4797	1.0000	0.4114	0.4797	0.4797	0.4797	0.4797	0.4238	0.4797	0.4341	0.4736	0.4481	0.4012	0.4012	0.4181	0.4797
0.4128	0.4241	0.4519	0.4114	0.4668	0.4114	1.0000	0.4668	0.4668	0.4668	0.4668	0.4679	0.4668	0.4462	0.4374	0.4261	0.4327	0.4327	0.4041	0.4668
0.4543	0.4620	0.5135	0.4797	1.0000	0.4797	0.4668	1.0000	1.0000	1.0000	1.0000	0.4717	1.0000	0.4793	0.4934	0.4611	0.4569	0.4569	0.4546	1.0000
0.4543	0.4620	0.5135	0.4797	1.0000	0.4797	0.4668	1.0000	1.0000	1.0000	1.0000	0.4717	1.0000	0.4793	0.4934	0.4611	0.4569	0.4569	0.4546	1.0000
0.4543	0.4620	0.5135	0.4797	1.0000	0.4797	0.4668	1.0000	1.0000	1.0000	1.0000	0.4717	1.0000	0.4793	0.4934	0.4611	0.4569	0.4569	0.4546	1.0000
0.4543	0.4620	0.5135	0.4797	1.0000	0.4797	0.4668	1.0000	1.0000	1.0000	1.0000	0.4717	1.0000	0.4793	0.4934	0.4611	0.4569	0.4569	0.4546	1.0000
0.4527	0.4168	0.4626	0.4238	0.4717	0.4238	0.4679	0.4717	0.4717	0.4717	0.4717	1.0000	0.4717	0.4216	0.4081	0.4138	0.4359	0.4359	0.4250	0.4717
0.4543	0.4620	0.5135	0.4797	1.0000	0.4797	0.4668	1.0000	1.0000	1.0000	1.0000	0.4717	1.0000	0.4793	0.4934	0.4611	0.4569	0.4569	0.4546	1.0000
0.4278	0.4330	0.4239	0.4341	0.4793	0.4341	0.4462	0.4793	0.4793	0.4793	0.4793	0.4216	0.4793	1.0000	0.4413	0.4269	0.4319	0.4319	0.3823	0.4793
0.4380	0.4571	0.4571	0.4736	0.4934	0.4736	0.4374	0.4934	0.4934	0.4934	0.4934	0.4081	0.4934	0.4413	1.0000	0.4117	0.4339	0.4339	0.4261	0.4934
0.4442	0.4020	0.4193	0.4481	0.4611	0.4481	0.4261	0.4611	0.4611	0.4611	0.4611	0.4138	0.4611	0.4269	0.4117	1.0000	0.4349	0.4349	0.4281	0.4611
0.4390	0.4639	0.4637	0.4012	0.4569	0.4012	0.4327	0.4569	0.4569	0.4569	0.4569	0.4359	0.4569	0.4319	0.4339	0.4349	1.0000	1.0000	0.3946	0.4569
0.4390	0.4639	0.4637	0.4012	0.4569	0.4012	0.4327	0.4569	0.4569	0.4569	0.4569	0.4359	0.4569	0.4319	0.4339	0.4349	1.0000	1.0000	0.3946	0.4569
0.3843	0.3767	0.4265	0.4181	0.4546	0.4181	0.4041	0.4546	0.4546	0.4546	0.4546	0.4250	0.4546	0.3823	0.4261	0.4281	0.3946	0.3946	1.0000	0.4546
0.4543	0.4620	0.5135	0.4797	1.0000	0.4797	0.4668	1.0000	1.0000	1.0000	1.0000	0.4717	1.0000	0.4793	0.4934	0.4611	0.4569	0.4569	0.4546	1.0000
