-------------------------------------------------------------------------------
 L       Percentage of nodes in the largest component
 D       Percentage of nodes in components of size at most 3 [-div option]
 R       Percentage of nodes not in L or D: 100 - L -D
 S       Percentage of nodes that are singletons
 E       Fraction of edges retained (input graph has 380)
 cce     Expected size of component, nodewise [ sum(sz^2) / sum^2(sz) ]
 EW      Edge weight traits (mean, median and IQR)
 ND      Node degree traits [mean, median and IQR]
 CCF     Clustering coefficient (scale 1-100)
 eff     Induced component efficiency relative to start graph (scale 1-1000)
Total number of nodes: 20
----------------------------------------------------------------------------------------------
  L   D   R   S     E     cce  EWmean   EWmed   EWiqr  NDmean   NDmed  NDiqr CCF  eff  Cutoff 
----------------------------------------------------------------------------------------------
 40  60   0  40 0.158       4    0.89    1.00    0.00     3.0     1.5    7.5   -    -     0.50
 40  60   0  40 0.158       4    0.89    1.00    0.00     3.0     1.5    7.5   -    -     0.51
 35  65   0  45 0.121       3    1.00    1.00    0.00     2.3     1.5    6.5   -    -     0.52
 35  65   0  45 0.121       3    1.00    1.00    0.00     2.3     1.5    6.5   -    -     0.53
 35  65   0  45 0.121       3    1.00    1.00    0.00     2.3     1.5    6.5   -    -     0.54
 35  65   0  45 0.121       3    1.00    1.00    0.00     2.3     1.5    6.5   -    -     0.55
 35  65   0  45 0.121       3    1.00    1.00    0.00     2.3     1.5    6.5   -    -     0.56
 35  65   0  45 0.121       3    1.00    1.00    0.00     2.3     1.5    6.5   -    -     0.57
 35  65   0  45 0.121       3    1.00    1.00    0.00     2.3     1.5    6.5   -    -     0.58
 35  65   0  45 0.121       3    1.00    1.00    0.00     2.3     1.5    6.5   -    -     0.59
 35  65   0  45 0.121       3    1.00    1.00    0.00     2.3     1.5    6.5   -    -     0.60
 35  65   0  45 0.121       3    1.00    1.00    0.00     2.3     1.5    6.5   -    -     0.61
 35  65   0  45 0.121       3    1.00    1.00    0.00     2.3     1.5    6.5   -    -     0.62
 35  65   0  45 0.121       3    1.00    1.00    0.00     2.3     1.5    6.5   -    -     0.63
 35  65   0  45 0.121       3    1.00    1.00    0.00     2.3     1.5    6.5   -    -     0.64
 35  65   0  45 0.121       3    1.00    1.00    0.00     2.3     1.5    6.5   -    -     0.65
 35  65   0  45 0.121       3    1.00    1.00    0.00     2.3     1.5    6.5   -    -     0.66
 35  65   0  45 0.121       3    1.00    1.00    0.00     2.3     1.5    6.5   -    -     0.67
 35  65   0  45 0.121       3    1.00    1.00    0.00     2.3     1.5    6.5   -    -     0.68
 35  65   0  45 0.121       3    1.00    1.00    0.00     2.3     1.5    6.5   -    -     0.69
 35  65   0  45 0.121       3    1.00    1.00    0.00     2.3     1.5    6.5   -    -     0.70
 35  65   0  45 0.121       3    1.00    1.00    0.00     2.3     1.5    6.5   -    -     0.71
 35  65   0  45 0.121       3    1.00    1.00    0.00     2.3     1.5    6.5   -    -     0.72
 35  65   0  45 0.121       3    1.00    1.00    0.00     2.3     1.5    6.5   -    -     0.73
 35  65   0  45 0.121       3    1.00    1.00    0.00     2.3     1.5    6.5   -    -     0.74
 35  65   0  45 0.121       3    1.00    1.00    0.00     2.3     1.5    6.5   -    -     0.75
 35  65   0  45 0.121       3    1.00    1.00    0.00     2.3     1.5    6.5   -    -     0.76
 35  65   0  45 0.121       3    1.00    1.00    0.00     2.3     1.5    6.5   -    -     0.77
 35  65   0  45 0.121       3    1.00    1.00    0.00     2.3     1.5    6.5   -    -     0.78
 35  65   0  45 0.121       3    1.00    1.00    0.00     2.3     1.5    6.5   -    -     0.79
 35  65   0  45 0.121       3    1.00    1.00    0.00     2.3     1.5    6.5   -    -     0.80
 35  65   0  45 0.121       3    1.00    1.00    0.00     2.3     1.5    6.5   -    -     0.81
 35  65   0  45 0.121       3    1.00    1.00    0.00     2.3     1.5    6.5   -    -     0.82
 35  65   0  45 0.121       3    1.00    1.00    0.00     2.3     1.5    6.5   -    -     0.83
 35  65   0  45 0.121       3    1.00    1.00    0.00     2.3     1.5    6.5   -    -     0.84
 35  65   0  45 0.121       3    1.00    1.00    0.00     2.3     1.5    6.5   -    -     0.85
 35  65   0  45 0.121       3    1.00    1.00    0.00     2.3     1.5    6.5   -    -     0.86
 35  65   0  45 0.121       3    1.00    1.00    0.00     2.3     1.5    6.5   -    -     0.87
 35  65   0  45 0.121       3    1.00    1.00    0.00     2.3     1.5    6.5   -    -     0.88
 35  65   0  45 0.121       3    1.00    1.00    0.00     2.3     1.5    6.5   -    -     0.89
 35  65   0  45 0.121       3    1.00    1.00    0.00     2.3     1.5    6.5   -    -     0.90
 35  65   0  45 0.121       3    1.00    1.00    0.00     2.3     1.5    6.5   -    -     0.91
 35  65   0  45 0.121       3    1.00    1.00    0.00     2.3     1.5    6.5   -    -     0.92
 35  65   0  45 0.121       3    1.00    1.00    0.00     2.3     1.5    6.5   -    -     0.93
 35  65   0  45 0.121       3    1.00    1.00    0.00     2.3     1.5    6.5   -    -     0.94
 35  65   0  45 0.121       3    1.00    1.00    0.00     2.3     1.5    6.5   -    -     0.95
 35  65   0  45 0.121       3    1.00    1.00    0.00     2.3     1.5    6.5   -    -     0.96
 35  65   0  45 0.121       3    1.00    1.00    0.00     2.3     1.5    6.5   -    -     0.97
 35  65   0  45 0.121       3    1.00    1.00    0.00     2.3     1.5    6.5   -    -     0.98
 35  65   0  45 0.121       3    1.00    1.00    0.00     2.3     1.5    6.5   -    -     0.99
---------------------------------------------------------------------------------------------
