1 1 (0) 1 : 0.57608811989426467193 0.42391188010573543909
2 2 (0) 1 : 0.69389343369805367434 0.30610656630194638117
3 3 (0) 2 : 0.32754929984651381947 0.67245070015348618053
4 4 (0) 2 : 0.54299243223675552894 0.45700756776324447106
5 5 (0) 2 : 0.21775707795554299917 0.78224292204445700083
6 6 (0) 2 : 0.52726779483198327192 0.47273220516801672808
7 7 (0) 2 : 0.34087948286864955261 0.65912051713135055842
8 8 (0) 2 : 0.00000000100000000000 0.99999999900000002828
9 9 (0) 2 : 0.36939981150081407923 0.63060018849918586525
10 10 (0) 2 : 0.40545309100657095369 0.59454690899342910182
11 11 (0) 2 : 0.45776704774364329609 0.54223295225635670391
12 12 (0) 2 : 0.39782084306322917922 0.60217915693677082078
13 13 (0) 2 : 0.00000000100000000000 0.99999999900000002828
14 14 (0) 2 : 0.27448522550932341613 0.72551477449067658387
15 15 (0) 2 : 0.24115852040278051849 0.75884147959721937049
16 16 (0) 2 : 0.50604552321279983040 0.49395447678720011409
17 17 (0) 2 : 0.60230059373533351152 0.39769940626466648848
18 18 (0) 2 : 0.50834116116015004572 0.49165883883984995428
19 19 (0) 2 : 0.39981233929094145418 0.60018766070905849030
20 20 (0) 2 : 0.55285876165527281234 0.44714123834472724317
21 21 (0) 2 : 0.33062439314009661739 0.66937560685990338261
22 22 (0) 2 : 0.45116216421070293174 0.54883783578929712377
23 23 (0) 2 : 0.44694130912503171604 0.55305869087496828396
24 24 (0) 2 : 0.65344302264876807929 0.34655697735123192071
25 25 (0) 2 : 0.54032628593920783988 0.45967371406079221563
26 26 (0) 2 : 0.32592443891899181008 0.67407556108100807890
27 27 (0) 2 : 0.26036806325775641024 0.73963193674224347873
28 28 (0) 2 : 0.00000000100000000000 0.99999999900000002828
29 29 (0) 2 : 0.30868017504647093929 0.69131982495352917173
30 30 (0) 3 : 0.50255155505280380002 0.49744844494719619998
31 31 (0) 3 : 0.39067730300213515671 0.60932269699786489880
32 32 (0) 3 : 0.29779259926282514170 0.70220740073717491381
33 33 (0) 3 : 0.40255150811794371268 0.59744849188205628732
34 34 (0) 3 : 0.50186417110587844270 0.49813582889412155730
35 35 (0) 3 : 0.41298427878544868852 0.58701572121455136699
36 36 (0) 3 : 0.00000000100000000000 0.99999999900000002828
37 37 (0) 3 : 0.32703062377334940480 0.67296937622665065071
38 38 (0) 3 : 0.99999999900000002828 0.00000000100000000000
39 39 (0) 3 : 0.25097374040776182502 0.74902625959223811947
40 40 (0) 3 : 0.58942624973551804857 0.41057375026448200694
41 41 (0) 3 : 0.41105542066598549367 0.58894457933401456184
42 42 (0) 3 : 0.39028254083352537096 0.60971745916647457353
43 43 (0) 3 : 0.14617990233626507179 0.85382009766373501147
44 44 (0) 3 : 0.00000000100000000000 0.99999999900000002828
45 45 (0) 3 : 0.24780863418120957498 0.75219136581879053605
46 46 (0) 3 : 0.45832718348292700306 0.54167281651707299694
47 47 (0) 3 : 0.28078452455643981844 0.71921547544356023707
48 48 (0) 3 : 0.45017899831551549950 0.54982100168448444499
49 49 (0) 3 : 0.99999991269643151437 0.00000008730356845133
50 50 (0) 3 : 0.21632488822266474071 0.78367511177733528704
51 51 (0) 3 : 0.41811607140998541254 0.58188392859001458746
52 52 (0) 3 : 0.35671944665900662264 0.64328055334099332185
53 53 (0) 3 : 0.20153209750422573787 0.79846790249577437315
54 54 (0) 3 : 0.24671350414758963510 0.75328649585241047593
55 55 (0) 3 : 0.23843957022772493959 0.76156042977227500490
56 56 (0) 3 : 0.32104201034721679964 0.67895798965278320036
57 57 (0) 3 : 0.38966549924615828671 0.61033450075384165778
58 58 (0) 3 : 0.99999999900000002828 0.00000000100000000000
59 59 (0) 3 : 0.33438383914609381975 0.66561616085390618025
60 60 (0) 4 : 0.54871730198047852234 0.45128269801952147766
61 61 (0) 4 : 0.24639859870664540531 0.75360140129335462245
62 62 (0) 4 : 0.46858079398144297789 0.53141920601855707762
63 63 (0) 4 : 0.30276302433418245119 0.69723697566581765983
64 64 (0) 4 : 0.56356008473577179352 0.43643991526422831750
65 65 (0) 4 : 0.39797876508273122287 0.60202123491726888815
66 66 (0) 4 : 0.25223081276561487574 0.74776918723438501324
67 67 (0) 4 : 0.99999999900000002828 0.00000000100000000000
68 68 (0) 4 : 0.48755096454158025621 0.51244903545841979930
69 69 (0) 4 : 0.44426383626986998276 0.55573616373013012826
70 70 (0) 4 : 0.18201382274118474425 0.81798617725881528351
71 71 (0) 1 : 0.34432769369562071793 0.65567230630437933758
72 72 (0) 1 : 0.99999999900000002828 0.00000000100000000000
73 73 (0) 1 : 0.35420349326867067719 0.64579650673132937833
74 74 (0) 1 : 0.41167024045547961908 0.58832975954452049194
75 75 (0) 1 : 0.19850485825326227851 0.80149514174673774924
76 76 (0) 1 : 0.00000000100000000000 0.99999999900000002828
77 77 (0) 1 : 0.99999999900000002828 0.00000000100000000000
78 78 (0) 1 : 0.40476927450843419587 0.59523072549156585964
79 79 (0) 1 : 0.46665415960917816518 0.53334584039082189033
80 80 (0) 1 : 0.00000000100000000000 0.99999999900000002828
81 81 (0) 1 : 0.19564543989846044925 0.80435456010153949524
82 82 (0) 1 : 0.52417462058309183259 0.47582537941690822292
83 83 (0) 1 : 0.53101928183124424976 0.46898071816875569473
84 84 (0) 1 : 0.50599884348336099382 0.49400115651663900618
85 85 (0) 1 : 0.00126429090400723360 0.99873570909599274081
86 86 (0) 1 : 0.56825990309727281158 0.43174009690272718842
87 87 (0) 1 : 0.55177913463758931911 0.44822086536241062538
88 88 (0) 1 : 0.50828974875502253017 0.49171025124497746983
89 89 (0) 1 : 0.59206681180932319020 0.40793318819067675429
90 90 (0) 1 : 0.37219391553215308566 0.62780608446784691434
91 91 (0) 1 : 0.99999999900000002828 0.00000000100000000000
92 92 (0) 1 : 0.20036248466891926068 0.79963751533108073932
93 93 (0) 1 : 0.23489316433921555993 0.76510683566078441231
94 94 (0) 1 : 0.76725224829778759794 0.23274775170221248533
95 95 (0) 1 : 0.46881401534906730344 0.53118598465093269656
96 96 (0) 1 : 0.45063512837067254413 0.54936487162932745587
97 97 (0) 1 : 0.30603188667748659757 0.69396811332251340243
98 98 (0) 1 : 0.51520165355475600055 0.48479834644524399945
99 99 (0) 4 : 0.35970904785478802212 0.64029095214521203339
100 100 (0) 4 : 0.21652064134714521515 0.78347935865285478485
101 101 (0) 5 : 0.43648303693961032490 0.56351696306038967510
102 102 (0) 5 : 0.19355129791487951652 0.80644870208512053900
103 103 (0) 5 : 0.51070256160595728367 0.48929743839404266081
104 104 (0) 5 : 0.00000000100000000000 0.99999999900000002828
105 105 (0) 5 : 0.61461740999661862439 0.38538259000338148663
106 106 (0) 4 : 0.39295560439600113467 0.60704439560399892084
107 107 (0) 4 : 0.35148446214476813942 0.64851553785523186058
108 108 (0) 4 : 0.54811897873709514162 0.45188102126290480287
109 109 (0) 4 : 0.27556260213835437334 0.72443739786164573768
110 110 (0) 4 : 0.19350377804657548086 0.80649622195342451914
111 111 (0) 5 : 0.58283474303261961769 0.41716525696738043782
112 112 (0) 5 : 0.99820704918043146048 0.00179295081956863406
113 113 (0) 5 : 0.40044617855271430473 0.59955382144728575078
114 114 (0) 5 : 0.00000000100000000000 0.99999999900000002828
115 115 (0) 5 : 0.99999999900000002828 0.00000000100000000000
116 116 (0) 5 : 0.22900985829005071626 0.77099014170994928374
117 117 (0) 4 : 0.31936422178655599069 0.68063577821344412033
118 118 (0) 4 : 0.61268877507625585377 0.38731122492374414623
119 119 (0) 4 : 0.27048621809920386783 0.72951378190079618768
120 120 (0) 4 : 0.34407904134678629626 0.65592095865321375925
121 121 (0) 4 : 0.00000000100000000000 0.99999999900000002828
122 122 (0) 4 : 0.99999999900000002828 0.00000000100000000000
123 123 (0) 4 : 0.75893561093834283060 0.24106438906165719716
124 124 (0) 4 : 0.51375166116825754514 0.48624833883174256588
125 125 (0) 5 : 0.45944986365774109771 0.54055013634225901331
126 126 (0) 5 : 0.36169570903274755880 0.63830429096725249671
127 127 (0) 5 : 0.52780763030758737209 0.47219236969241262791
128 128 (0) 5 : 0.53116555518119001889 0.46883444481880992560
129 129 (0) 5 : 0.00000000100000000000 0.99999999900000002828
130 130 (0) 5 : 0.50957985653484916266 0.49042014346515089285
131 131 (0) 5 : 0.00000000100000000000 0.99999999900000002828
132 132 (0) 5 : 0.59394008268415210416 0.40605991731584800686
133 133 (0) 5 : 0.38836913542155820922 0.61163086457844184629
134 134 (0) 5 : 0.52482739589994265028 0.47517260410005734972
135 135 (0) 5 : 0.00000254134870978142 0.99999745865129019418
136 136 (0) 5 : 0.53694759253991741765 0.46305240746008269337
137 137 (0) 5 : 0.00000741849463430586 0.99999258150536562972
138 138 (0) 5 : 0.30670955970721713868 0.69329044029278286132
139 139 (0) 5 : 0.39679498836545168405 0.60320501163454842697
140 140 (0) 5 : 0.55564831425612970506 0.44435168574387035045
141 141 (0) 5 : 0.59805569393077029350 0.40194430606922976201
142 142 (0) 5 : 0.99999999900000002828 0.00000000100000000000
143 143 (0) 5 : 0.24082192938568747209 0.75917807061431263893
144 144 (0) 6 : 0.44642238654137383902 0.55357761345862621649
145 145 (0) 6 : 0.54670353214770228689 0.45329646785229765760
146 146 (0) 6 : 0.51585796358806434991 0.48414203641193559458
147 147 (0) 6 : 0.47752274883660678073 0.52247725116339316376
148 148 (0) 6 : 0.00000000100000000000 0.99999999900000002828
149 149 (0) 6 : 0.52419155737867484390 0.47580844262132526712
150 150 (0) 6 : 0.50304495371383961544 0.49695504628616044007
151 151 (0) 6 : 0.20028837572750873841 0.79971162427249131710
152 152 (0) 6 : 0.26590294485069349006 0.73409705514930656545
153 153 (0) 6 : 0.17221103107248000863 0.82778896892752007464
154 154 (0) 6 : 0.37496386067067799530 0.62503613932932211572
155 155 (0) 6 : 0.55879207659958529675 0.44120792340041464774
156 156 (0) 6 : 0.32819779952391314737 0.67180220047608696365
157 157 (0) 6 : 0.21895516067669665294 0.78104483932330326379
158 158 (0) 6 : 0.40255967934613540171 0.59744032065386465380
159 159 (0) 6 : 0.30310744469170536330 0.69689255530829463670
160 160 (0) 6 : 0.00000000100000000000 0.99999999900000002828
161 161 (0) 6 : 0.33519898484847387987 0.66480101515152623115
162 162 (0) 6 : 0.00000041871246820834 0.99999958128753174691
163 163 (0) 6 : 0.69862985179745928921 0.30137014820254065528
164 164 (0) 6 : 0.31875062469648340890 0.68124937530351648007
165 165 (0) 6 : 0.32695330039845610370 0.67304669960154395181
166 166 (0) 6 : 0.29101916275984629490 0.70898083724015381613
167 167 (0) 6 : 0.45356188635819882915 0.54643811364180117085
168 168 (0) 6 : 0.50476765568554826658 0.49523234431445167791
169 169 (0) 6 : 0.72337289090060585828 0.27662710909939414172
170 170 (0) 6 : 0.36091222484290319539 0.63908777515709680461
171 171 (0) 6 : 0.46808508697614331640 0.53191491302385673912
172 172 (0) 4 : 0.99999999900000002828 0.00000000100000000000
173 173 (0) 4 : 0.00000000100000000000 0.99999999900000002828
174 174 (0) 7 : 0.00013508015203748350 0.99986491984796244115
175 175 (0) 7 : 0.68239685038409958473 0.31760314961590052629
176 176 (0) 7 : 0.36857176086538528947 0.63142823913461476604
177 177 (0) 7 : 0.47231554325810309880 0.52768445674189690120
178 178 (0) 7 : 0.32536258569362419557 0.67463741430637591545
179 179 (0) 7 : 0.50078118487597278463 0.49921881512402715986
180 180 (0) 7 : 0.38080917963927829462 0.61919082036072181641
181 181 (0) 7 : 0.62058776929846015680 0.37941223070153984320
182 182 (0) 7 : 0.26032132042605410360 0.73967867957394595191
183 183 (0) 7 : 0.27720085754608875250 0.72279914245391130301
184 184 (0) 7 : 0.37882923220981451484 0.62117076779018554067
185 185 (0) 7 : 0.28071259367437528809 0.71928740632562460089
186 186 (0) 7 : 0.19828454557812033587 0.80171545442187963637
187 187 (0) 7 : 0.28310011431145704064 0.71689988568854301487
188 188 (0) 7 : 0.00000000100000000000 0.99999999900000002828
189 189 (0) 7 : 0.30434102042039828939 0.69565897957960176612
190 190 (0) 7 : 0.58046571709173999665 0.41953428290825989233
191 191 (0) 7 : 0.37039178089132190896 0.62960821910867814655
192 192 (0) 7 : 0.99999999900000002828 0.00000000100000000000
193 193 (0) 7 : 0.39957028110586750858 0.60042971889413254694
194 194 (0) 7 : 0.49631396764613394668 0.50368603235386610883
195 195 (0) 7 : 0.45982150541402611044 0.54017849458597388956
196 196 (0) 7 : 0.28389937946018722892 0.71610062053981282659
197 197 (0) 7 : 0.52394195795134956839 0.47605804204865048712
198 198 (0) 7 : 0.18895068594258040973 0.81104931405741953476
199 199 (0) 7 : 0.39859457533615827440 0.60140542466384172560
200 200 (0) 7 : 0.12438205308572784780 0.87561794691427219384
201 201 (0) 7 : 0.20015003125376132354 0.79984996874623870422
202 202 (0) 7 : 0.21243835729955973246 0.78756164270044026754
203 203 (0) 7 : 0.40648225615631800034 0.59351774384368194415
1 1 (0) 1 : 0.66078061711477453777 0.33921938288522557325
2 2 (0) 1 : 0.99999999900000002828 0.00000000100000000000
3 3 (0) 2 : 0.31734175887674148653 0.68265824112325856898
4 4 (0) 2 : 0.47639754702349296211 0.52360245297650709340
5 5 (0) 2 : 0.26522103235776228747 0.73477896764223771253
6 6 (0) 2 : 0.52725552796206220929 0.47274447203793773520
7 7 (0) 2 : 0.21324840139208581236 0.78675159860791421540
8 8 (0) 2 : 0.07190620920886801881 0.92809379079113185629
9 9 (0) 2 : 0.32759425666079794448 0.67240574333920211103
10 10 (0) 2 : 0.19521694084932120217 0.80478305915067882559
11 11 (0) 2 : 0.36636246691517976304 0.63363753308482018145
12 12 (0) 2 : 0.34626891074840399076 0.65373108925159595373
13 13 (0) 2 : 0.00000000100000000000 0.99999999900000002828
14 14 (0) 2 : 0.35157723099216270368 0.64842276900783735183
15 15 (0) 2 : 0.23376211063321031269 0.76623788936678960404
16 16 (0) 2 : 0.44249824439377188900 0.55750175560622816651
17 17 (0) 2 : 0.54093421472242664283 0.45906578527757335717
18 18 (0) 2 : 0.38819831371595742153 0.61180168628404252296
19 19 (0) 2 : 0.29031540575238401480 0.70968459424761587417
20 20 (0) 2 : 0.53675409525517614462 0.46324590474482379987
21 21 (0) 2 : 0.31255498411782978163 0.68744501588217021837
22 22 (0) 2 : 0.42029917307650804803 0.57970082692349189646
23 23 (0) 2 : 0.39555476760328839303 0.60444523239671166248
24 24 (0) 2 : 0.55563487300152591963 0.44436512699847408037
25 25 (0) 2 : 0.42414463041201622140 0.57585536958798377860
26 26 (0) 2 : 0.29660323781608644023 0.70339676218391355977
27 27 (0) 2 : 0.16745990605319663325 0.83254009394680350553
28 28 (0) 2 : 0.13421184701226512859 0.86578815298773481590
29 29 (0) 2 : 0.22930866205191879903 0.77069133794808131199
30 30 (0) 3 : 0.57188121117242041169 0.42811878882757964382
31 31 (0) 3 : 0.42904913933301425111 0.57095086066698574889
32 32 (0) 3 : 0.28100243698449250962 0.71899756301550754589
33 33 (0) 3 : 0.21016231529258319610 0.78983768470741688716
34 34 (0) 3 : 0.40587104481629981967 0.59412895518370012482
35 35 (0) 3 : 0.36664274472780522540 0.63335725527219488562
36 36 (0) 3 : 0.00000000100000000000 0.99999999900000002828
37 37 (0) 3 : 0.19110683985521167982 0.80889316014478829242
38 38 (0) 3 : 0.99999999900000002828 0.00000000100000000000
39 39 (0) 3 : 0.37451999885875419949 0.62548000114124568949
40 40 (0) 3 : 0.99999999900000002828 0.00000000100000000000
41 41 (0) 3 : 0.40623800614189181646 0.59376199385810823905
42 42 (0) 3 : 0.37188537475219540784 0.62811462524780470318
43 43 (0) 3 : 0.19936053988597696174 0.80063946011402309377
44 44 (0) 3 : 0.00000000100000000000 0.99999999900000002828
45 45 (0) 3 : 0.17565200978791872810 0.82434799021208127190
46 46 (0) 3 : 0.46271109846050828551 0.53728890153949171449
47 47 (0) 3 : 0.29107772264497927539 0.70892227735502078012
48 48 (0) 3 : 0.42724257784994584819 0.57275742215005420732
49 49 (0) 3 : 0.49702070161893541211 0.50297929838106458789
50 50 (0) 3 : 0.28216420974263756172 0.71783579025736243828
51 51 (0) 3 : 0.26167834810641776855 0.73832165189358234247
52 52 (0) 3 : 0.27633556184186158777 0.72366443815813852325
53 53 (0) 3 : 0.00000000100000000000 0.99999999900000002828
54 54 (0) 3 : 0.33443859688117283380 0.66556140311882716620
55 55 (0) 3 : 0.20451925865836384499 0.79548074134163626603
56 56 (0) 3 : 0.18379590125065436990 0.81620409874934563010
57 57 (0) 3 : 0.41917369589038516731 0.58082630410961488820
58 58 (0) 3 : 0.99999999900000002828 0.00000000100000000000
59 59 (0) 3 : 0.40908106969991941959 0.59091893030008069143
60 60 (0) 4 : 0.43022196056503236861 0.56977803943496763139
61 61 (0) 4 : 0.15998286274000733664 0.84001713725999260785
62 62 (0) 4 : 0.48436760289540070623 0.51563239710459929377
63 63 (0) 4 : 0.31206318501084179262 0.68793681498915815187
64 64 (0) 4 : 0.48132349636507837376 0.51867650363492168175
65 65 (0) 4 : 0.30291377578575989782 0.69708622421424004667
66 66 (0) 4 : 0.21020674257742064106 0.78979325742257944221
67 67 (0) 4 : 0.50749505036591713303 0.49250494963408292248
68 68 (0) 4 : 0.41383925345099265014 0.58616074654900740537
69 69 (0) 4 : 0.35620511744074018212 0.64379488255925987339
70 70 (0) 4 : 0.20433154631056488215 0.79566845368943506234
71 71 (0) 1 : 0.31390347706888266366 0.68609652293111733634
72 72 (0) 1 : 0.99999999900000002828 0.00000000100000000000
73 73 (0) 1 : 0.27643593038240310555 0.72356406961759700547
74 74 (0) 1 : 0.39216974401049220500 0.60783025598950779500
75 75 (0) 1 : 0.00000000100000000000 0.99999999900000002828
76 76 (0) 1 : 0.14101655436756238560 0.85898344563243766991
77 77 (0) 1 : 0.99999999900000002828 0.00000000100000000000
78 78 (0) 1 : 0.43128457110746148961 0.56871542889253845487
79 79 (0) 1 : 0.45231566757081070884 0.54768433242918934667
80 80 (0) 1 : 0.00000000100000000000 0.99999999900000002828
81 81 (0) 1 : 0.31046396556512190212 0.68953603443487809788
82 82 (0) 1 : 0.52976757641082572459 0.47023242358917438644
83 83 (0) 1 : 0.52410514548380959798 0.47589485451619034651
84 84 (0) 1 : 0.30384678014341015562 0.69615321985658984438
85 85 (0) 1 : 0.23652216489948552081 0.76347783510051447919
86 86 (0) 1 : 0.45622419853095635967 0.54377580146904358482
87 87 (0) 1 : 0.64567298424117580691 0.35432701575882419309
88 88 (0) 1 : 0.63370316356482736531 0.36629683643517252367
89 89 (0) 1 : 0.59500934334367161505 0.40499065665632832944
90 90 (0) 1 : 0.25680286556906928297 0.74319713443093071703
91 91 (0) 1 : 0.52225012815228777363 0.47774987184771233739
92 92 (0) 1 : 0.40925862016054714854 0.59074137983945296249
93 93 (0) 1 : 0.27404380822264373663 0.72595619177735626337
94 94 (0) 1 : 0.99999999900000002828 0.00000000100000000000
95 95 (0) 1 : 0.47434695568429147139 0.52565304431570847310
96 96 (0) 1 : 0.36588697540653059015 0.63411302459346952087
97 97 (0) 1 : 0.20455323919160198209 0.79544676080839804566
98 98 (0) 1 : 0.46294775943799271190 0.53705224056200728810
99 99 (0) 4 : 0.14463527786713800682 0.85536472213286196542
100 100 (0) 4 : 0.17613614857747919573 0.82386385142252083202
101 101 (0) 5 : 0.40680537274357747579 0.59319462725642246870
102 102 (0) 5 : 0.29502857020555856016 0.70497142979444138433
103 103 (0) 5 : 0.39694110818680966579 0.60305889181319038972
104 104 (0) 5 : 0.13159956127930641512 0.86840043872069361264
105 105 (0) 5 : 0.39910439626673382962 0.60089560373326622589
106 106 (0) 4 : 0.33870217315964223914 0.66129782684035787188
107 107 (0) 4 : 0.24700849689035411783 0.75299150310964590993
108 108 (0) 4 : 0.59946895623397511432 0.40053104376602477465
109 109 (0) 4 : 0.22961022090100660642 0.77038977909899342134
110 110 (0) 4 : 0.20132220356964228292 0.79867779643035763382
111 111 (0) 5 : 0.49158644562064024441 0.50841355437935975559
112 112 (0) 5 : 0.42558389705292520855 0.57441610294707479145
113 113 (0) 5 : 0.34727833515246603335 0.65272166484753402216
114 114 (0) 5 : 0.00000000100000000000 0.99999999900000002828
115 115 (0) 5 : 0.65715236401598109417 0.34284763598401885032
116 116 (0) 5 : 0.26802869403988549557 0.73197130596011461545
117 117 (0) 4 : 0.24451626481387933598 0.75548373518612066402
118 118 (0) 4 : 0.57109142316941308160 0.42890857683058697392
119 119 (0) 4 : 0.26068424299947762224 0.73931575700052243327
120 120 (0) 4 : 0.28315559199698092652 0.71684440800301918451
121 121 (0) 4 : 0.00008297783114047189 0.99991702216885958165
122 122 (0) 4 : 0.99999999900000002828 0.00000000100000000000
123 123 (0) 4 : 0.64988322742174264857 0.35011677257825735143
124 124 (0) 4 : 0.43581471295859514070 0.56418528704140480379
125 125 (0) 5 : 0.42710592891671600446 0.57289407108328394003
126 126 (0) 5 : 0.40308748602619964840 0.59691251397380029609
127 127 (0) 5 : 0.56970189425197659272 0.43029810574802346279
128 128 (0) 5 : 0.59730389133241368338 0.40269610866758626111
129 129 (0) 5 : 0.00000000100000000000 0.99999999900000002828
130 130 (0) 5 : 0.52451008011645794404 0.47548991988354216698
131 131 (0) 5 : 0.00000000100000000000 0.99999999900000002828
132 132 (0) 5 : 0.57213215258451954881 0.42786784741548050670
133 133 (0) 5 : 0.34592890929881503492 0.65407109070118496508
134 134 (0) 5 : 0.55381680689996548583 0.44618319310003456968
135 135 (0) 5 : 0.21827839150489644626 0.78172160849510352598
136 136 (0) 5 : 0.48176896486867321068 0.51823103513132673381
137 137 (0) 5 : 0.00000000100000000000 0.99999999900000002828
138 138 (0) 5 : 0.32749961428168200550 0.67250038571831805001
139 139 (0) 5 : 0.43553041512940021684 0.56446958487059983867
140 140 (0) 5 : 0.56911794325646947179 0.43088205674353047270
141 141 (0) 5 : 0.47725580252003263482 0.52274419747996736518
142 142 (0) 5 : 0.57297820753141870398 0.42702179246858140704
143 143 (0) 5 : 0.30424710996680193187 0.69575289003319795711
144 144 (0) 6 : 0.53479692094493835874 0.46520307905506169677
145 145 (0) 6 : 0.50564605784243799036 0.49435394215756200964
146 146 (0) 6 : 0.34298108081868800001 0.65701891918131205550
147 147 (0) 6 : 0.44883699032011237229 0.55116300967988773873
148 148 (0) 6 : 0.00000000100000000000 0.99999999900000002828
149 149 (0) 6 : 0.43553999287406514052 0.56446000712593480397
150 150 (0) 6 : 0.64734720281264845898 0.35265279718735148551
151 151 (0) 6 : 0.23910599245977412486 0.76089400754022595841
152 152 (0) 6 : 0.18982027413706117902 0.81017972586293884873
153 153 (0) 6 : 0.18068655206793715617 0.81931344793206284383
154 154 (0) 6 : 0.39213265587723261651 0.60786734412276732797
155 155 (0) 6 : 0.60159015232626078529 0.39840984767373921471
156 156 (0) 6 : 0.37191180971295539903 0.62808819028704465648
157 157 (0) 6 : 0.06972180878668464421 0.93027819121331545293
158 158 (0) 6 : 0.46274517336572013049 0.53725482663427992502
159 159 (0) 6 : 0.27091225730552714879 0.72908774269447274019
160 160 (0) 6 : 0.27208199873029681459 0.72791800126970318541
161 161 (0) 6 : 0.33483566567932576685 0.66516433432067434417
162 162 (0) 6 : 0.08519600275173074000 0.91480399724826921837
163 163 (0) 6 : 0.99999999900000002828 0.00000000100000000000
164 164 (0) 6 : 0.35138277308610849081 0.64861722691389156470
165 165 (0) 6 : 0.31268279984622715517 0.68731720015377284483
166 166 (0) 6 : 0.00000000100000000000 0.99999999900000002828
167 167 (0) 6 : 0.51316039657776357785 0.48683960342223653317
168 168 (0) 6 : 0.48307368485927204560 0.51692631514072795440
169 169 (0) 6 : 0.99999999900000002828 0.00000000100000000000
170 170 (0) 6 : 0.35651157272610450866 0.64348842727389554685
171 171 (0) 6 : 0.49216179318137021070 0.50783820681862990032
172 172 (0) 4 : 0.99999999900000002828 0.00000000100000000000
173 173 (0) 4 : 0.00000000100000000000 0.99999999900000002828
174 174 (0) 7 : 0.00000000100000000000 0.99999999900000002828
175 175 (0) 7 : 0.39427119867112569995 0.60572880132887430005
176 176 (0) 7 : 0.41307448000933910670 0.58692551999066089330
177 177 (0) 7 : 0.33213031989883134987 0.66786968010116853911
178 178 (0) 7 : 0.35642293777401068411 0.64357706222598931589
179 179 (0) 7 : 0.38412430905927241742 0.61587569094072758258
180 180 (0) 7 : 0.34888881113087033548 0.65111118886912966452
181 181 (0) 7 : 0.99999994881337295194 0.00000005118662696327
182 182 (0) 7 : 0.27644849956079375897 0.72355150043920624103
183 183 (0) 7 : 0.41145206144038409812 0.58854793855961595739
184 184 (0) 7 : 0.40304907273206302953 0.59695092726793697047
185 185 (0) 7 : 0.19046145465859784518 0.80953854534140223809
186 186 (0) 7 : 0.19978202921246915325 0.80021797078753076349
187 187 (0) 7 : 0.36940861968697635831 0.63059138031302375271
188 188 (0) 7 : 0.00000000100000000000 0.99999999900000002828
189 189 (0) 7 : 0.19618575810638291812 0.80381424189361705412
190 190 (0) 7 : 0.54768851242218763442 0.45231148757781242109
191 191 (0) 7 : 0.39151393056824596028 0.60848606943175398420
192 192 (0) 7 : 0.62249193466726338020 0.37750806533273661980
193 193 (0) 7 : 0.49650192010742383308 0.50349807989257611140
194 194 (0) 7 : 0.56426504086669793114 0.43573495913330212437
195 195 (0) 7 : 0.41922410370335622121 0.58077589629664372328
196 196 (0) 7 : 0.23590614729925757365 0.76409385270074248186
197 197 (0) 7 : 0.45273280962077949718 0.54726719037922055833
198 198 (0) 7 : 0.17327310750771648951 0.82672689249228359376
199 199 (0) 7 : 0.42886749844285881883 0.57113250155714123668
200 200 (0) 7 : 0.28223361866419416355 0.71776638133580583645
201 201 (0) 7 : 0.21333753234896618567 0.78666246765103375882
202 202 (0) 7 : 0.16484107044946039178 0.83515892955053960822
203 203 (0) 7 : 0.40300710800890654495 0.59699289199109362158
1 1 (0) 1 : 0.64455169887068508583 0.35544830112931485866
2 2 (0) 1 : 0.99999999900000002828 0.00000000100000000000
3 3 (0) 2 : 0.54528834827904892890 0.45471165172095112661
4 4 (0) 2 : 0.53227691178862734933 0.46772308821137270618
5 5 (0) 2 : 0.35728369208108101684 0.64271630791891898316
6 6 (0) 2 : 0.47787606655882947093 0.52212393344117058458
7 7 (0) 2 : 0.51238603418729111727 0.48761396581270893824
8 8 (0) 2 : 0.36248284607482333941 0.63751715392517671610
9 9 (0) 2 : 0.59089242164481425856 0.40910757835518574144
10 10 (0) 2 : 0.56463877058402267561 0.43536122941597732439
11 11 (0) 2 : 0.62889865074680861845 0.37110134925319149257
12 12 (0) 2 : 0.41301868369370864364 0.58698131630629146738
13 13 (0) 2 : 0.43431749874491926144 0.56568250125508079407
14 14 (0) 2 : 0.38946393012292335190 0.61053606987707664810
15 15 (0) 2 : 0.49074391626918234532 0.50925608373081776570
16 16 (0) 2 : 0.65204448153718186365 0.34795551846281824737
17 17 (0) 2 : 0.99999999900000002828 0.00000000100000000000
18 18 (0) 2 : 0.40101252403979109618 0.59898747596020895934
19 19 (0) 2 : 0.67413720575587010586 0.32586279424412994965
20 20 (0) 2 : 0.69185268384762754756 0.30814731615237250795
21 21 (0) 2 : 0.34700094707511358605 0.65299905292488646946
22 22 (0) 2 : 0.48323329720049301717 0.51676670279950687181
23 23 (0) 2 : 0.50045777583741912764 0.49954222416258092787
24 24 (0) 2 : 0.70346817319936916224 0.29653182680063089327
25 25 (0) 2 : 0.51537731476209769355 0.48462268523790236197
26 26 (0) 2 : 0.55952581390871158895 0.44047418609128835554
27 27 (0) 2 : 0.00000000100000000000 0.99999999900000002828
28 28 (0) 2 : 0.00000000100000000000 0.99999999900000002828
29 29 (0) 2 : 0.33053017110260191069 0.66946982889739803380
30 30 (0) 3 : 0.61292508871579109986 0.38707491128420890014
31 31 (0) 3 : 0.57893019100600662252 0.42106980899399332197
32 32 (0) 3 : 0.45171833999437632778 0.54828166000562372773
33 33 (0) 3 : 0.58271184099031048120 0.41728815900968946329
34 34 (0) 3 : 0.75033653395413246745 0.24966346604586750479
35 35 (0) 3 : 0.52462306911750344884 0.47537693088249655116
36 36 (0) 3 : 0.20284270072964830089 0.79715729927035172686
37 37 (0) 3 : 0.36961975900035987097 0.63038024099964007352
38 38 (0) 3 : 0.99999999900000002828 0.00000000100000000000
39 39 (0) 3 : 0.41841164845632911051 0.58158835154367094500
40 40 (0) 3 : 0.79910750853143930339 0.20089249146856069661
41 41 (0) 3 : 0.42221264143054465512 0.57778735856945540039
42 42 (0) 3 : 0.00000000100000000000 0.99999999900000002828
43 43 (0) 3 : 0.35583758337692872331 0.64416241662307127669
44 44 (0) 3 : 0.32081529582804307887 0.67918470417195675459
45 45 (0) 3 : 0.28929257793719737046 0.71070742206280257403
46 46 (0) 3 : 0.69604159795623254947 0.30395840204376739502
47 47 (0) 3 : 0.60295233571592732336 0.39704766428407267664
48 48 (0) 3 : 0.60479569461816773401 0.39520430538183221048
49 49 (0) 3 : 0.48344754442039289399 0.51655245557960716152
50 50 (0) 3 : 0.39865998221557447101 0.60134001778442558450
51 51 (0) 3 : 0.44143719026969513441 0.55856280973030481007
52 52 (0) 3 : 0.47461882813300593220 0.52538117186699406780
53 53 (0) 3 : 0.33607838771835035763 0.66392161228164958686
54 54 (0) 3 : 0.37586476237760618746 0.62413523762239375703
55 55 (0) 3 : 0.56995390435872161916 0.43004609564127826982
56 56 (0) 3 : 0.50063186306973173068 0.49936813693026826932
57 57 (0) 3 : 0.45471395067455222527 0.54528604932544766370
58 58 (0) 3 : 0.99999999900000002828 0.00000000100000000000
59 59 (0) 3 : 0.57229251312755702319 0.42770748687244292130
60 60 (0) 4 : 0.57675184919760635882 0.42324815080239369669
61 61 (0) 4 : 0.45846187010670663708 0.54153812989329330740
62 62 (0) 4 : 0.58763249801502726033 0.41236750198497290620
63 63 (0) 4 : 0.53626479303663854292 0.46373520696336140157
64 64 (0) 4 : 0.62120093901548811832 0.37879906098451182617
65 65 (0) 4 : 0.61063016582333851101 0.38936983417666148899
66 66 (0) 4 : 0.57811804186963389185 0.42188195813036616366
67 67 (0) 4 : 0.54868625836420259478 0.45131374163579746073
68 68 (0) 4 : 0.60414796974291518072 0.39585203025708481928
69 69 (0) 4 : 0.63153835363663579638 0.36846164636336420362
70 70 (0) 4 : 0.00000000100000000000 0.99999999900000002828
71 71 (0) 1 : 0.54280497372358871289 0.45719502627641128711
72 72 (0) 1 : 0.65376971913021297844 0.34623028086978702156
73 73 (0) 1 : 0.51998252754165708023 0.48001747245834286426
74 74 (0) 1 : 0.53105992528444445622 0.46894007471555548827
75 75 (0) 1 : 0.39965614983502500968 0.60034385016497493481
76 76 (0) 1 : 0.00000000100000000000 0.99999999900000002828
77 77 (0) 1 : 0.80762489238863521823 0.19237510761136480952
78 78 (0) 1 : 0.31538513620108005187 0.68461486379892000365
79 79 (0) 1 : 0.54607715312914828498 0.45392284687085182604
80 80 (0) 1 : 0.00000000100000000000 0.99999999900000002828
81 81 (0) 1 : 0.16306919786446608112 0.83693080213553394664
82 82 (0) 1 : 0.52571311556469146886 0.47428688443530858665
83 83 (0) 1 : 0.62280437878934291618 0.37719562121065702831
84 84 (0) 1 : 0.44923162757063545003 0.55076837242936449446
85 85 (0) 1 : 0.45285585041583237276 0.54714414958416768275
86 86 (0) 1 : 0.99999999900000002828 0.00000000100000000000
87 87 (0) 1 : 0.58779175566406871578 0.41220824433593122871
88 88 (0) 1 : 0.99999999900000002828 0.00000000100000000000
89 89 (0) 1 : 0.57592414797755364653 0.42407585202244635347
90 90 (0) 1 : 0.43012648963644672939 0.56987351036355338163
91 91 (0) 1 : 0.99999999900000002828 0.00000000100000000000
92 92 (0) 1 : 0.48678329346489257468 0.51321670653510742532
93 93 (0) 1 : 0.00000000100000000000 0.99999999900000002828
94 94 (0) 1 : 0.99999999900000002828 0.00000000100000000000
95 95 (0) 1 : 0.62529890535912990845 0.37470109464087009155
96 96 (0) 1 : 0.47247374380981316255 0.52752625619018689296
97 97 (0) 1 : 0.28728247960739478062 0.71271752039260527489
98 98 (0) 1 : 0.70448453604587235599 0.29551546395412775503
99 99 (0) 4 : 0.33016417873007353201 0.66983582126992646799
100 100 (0) 4 : 0.32034768768216381751 0.67965231231783607146
101 101 (0) 5 : 0.49141541577018316156 0.50858458422981689395
102 102 (0) 5 : 0.45614801755636841252 0.54385198244363164299
103 103 (0) 5 : 0.41703292272478248437 0.58296707727521746012
104 104 (0) 5 : 0.00000000100000000000 0.99999999900000002828
105 105 (0) 5 : 0.53848787692348298872 0.46151212307651690026
106 106 (0) 4 : 0.61015383896252972651 0.38984616103747032900
107 107 (0) 4 : 0.51376927900088908974 0.48623072099911091026
108 108 (0) 4 : 0.45805556380539275141 0.54194443619460730410
109 109 (0) 4 : 0.00000000100000000000 0.99999999900000002828
110 110 (0) 4 : 0.18848757191025555802 0.81151242808974433096
111 111 (0) 5 : 0.50502503549174948549 0.49497496450825051451
112 112 (0) 5 : 0.99999999900000002828 0.00000000100000000000
113 113 (0) 5 : 0.41057715094284669144 0.58942284905715336407
114 114 (0) 5 : 0.00000000100000000000 0.99999999900000002828
115 115 (0) 5 : 0.78627012374155358376 0.21372987625844649950
116 116 (0) 5 : 0.33105891498467410194 0.66894108501532589806
117 117 (0) 4 : 0.46205160284992019548 0.53794839715007980452
118 118 (0) 4 : 0.59740485964620071435 0.40259514035379923014
119 119 (0) 4 : 0.41761828615105855977 0.58238171384894144023
120 120 (0) 4 : 0.40080448228030279845 0.59919551771969725706
121 121 (0) 4 : 0.32266378713240156939 0.67733621286759826408
122 122 (0) 4 : 0.99999999900000002828 0.00000000100000000000
123 123 (0) 4 : 0.66770946212384141294 0.33229053787615858706
124 124 (0) 4 : 0.72754265125381956114 0.27245734874618043886
125 125 (0) 5 : 0.55612219215017222318 0.44387780784982777682
126 126 (0) 5 : 0.42976434809649965985 0.57023565190350045118
127 127 (0) 5 : 0.56913213556371533564 0.43086786443628460885
128 128 (0) 5 : 0.67576736299852868672 0.32423263700147131328
129 129 (0) 5 : 0.33350854029176879578 0.66649145970823131524
130 130 (0) 5 : 0.63909917328666465686 0.36090082671333539865
131 131 (0) 5 : 0.43487850999200278190 0.56512149000799716259
132 132 (0) 5 : 0.99999999900000002828 0.00000000100000000000
133 133 (0) 5 : 0.42888132922962679539 0.57111867077037326013
134 134 (0) 5 : 0.68339011493953027987 0.31660988506046972013
135 135 (0) 5 : 0.00000000100000000000 0.99999999900000002828
136 136 (0) 5 : 0.50094108767538036986 0.49905891232461963014
137 137 (0) 5 : 0.30264030500547089986 0.69735969499452921117
138 138 (0) 5 : 0.40972432963797772443 0.59027567036202233108
139 139 (0) 5 : 0.00000000100000000000 0.99999999900000002828
140 140 (0) 5 : 0.65817617906147718454 0.34182382093852281546
141 141 (0) 5 : 0.57220915085564960645 0.42779084914435039355
142 142 (0) 5 : 0.59096307308782891621 0.40903692691217108379
143 143 (0) 5 : 0.38094638428920601925 0.61905361571079409178
144 144 (0) 6 : 0.53529082372298464332 0.46470917627701541219
145 145 (0) 6 : 0.59712189657496561601 0.40287810342503432848
146 146 (0) 6 : 0.73823178975084013942 0.26176821024915986058
147 147 (0) 6 : 0.66238322341450028841 0.33761677658549971159
148 148 (0) 6 : 0.22878830025322324793 0.77121169974677683534
149 149 (0) 6 : 0.52510533508542212022 0.47489466491457793529
150 150 (0) 6 : 0.61257005364677252768 0.38742994635322747232
151 151 (0) 6 : 0.50079207444719164855 0.49920792555280840697
152 152 (0) 6 : 0.44309277029597404773 0.55690722970402595227
153 153 (0) 6 : 0.43033271230071312718 0.56966728769928687282
154 154 (0) 6 : 0.67145627185541101323 0.32854372814458893126
155 155 (0) 6 : 0.40280149741749543546 0.59719850258250450903
156 156 (0) 6 : 0.33843706055129246790 0.66156293944870758761
157 157 (0) 6 : 0.57786243786017754687 0.42213756213982239762
158 158 (0) 6 : 0.37155104725403792498 0.62844895274596190848
159 159 (0) 6 : 0.44992305295966911194 0.55007694704033094357
160 160 (0) 6 : 0.64265369854800391547 0.35734630145199597351
161 161 (0) 6 : 0.29426009355914262144 0.70573990644085737856
162 162 (0) 6 : 0.00000859949997051241 0.99999140050002943703
163 163 (0) 6 : 0.99999999900000002828 0.00000000100000000000
164 164 (0) 6 : 0.33303272336020689481 0.66696727663979316070
165 165 (0) 6 : 0.47385273271128108830 0.52614726728871885619
166 166 (0) 6 : 0.45799690047701058226 0.54200309952298941774
167 167 (0) 6 : 0.56847324042635716257 0.43152675957364283743
168 168 (0) 6 : 0.99999999900000002828 0.00000000100000000000
169 169 (0) 6 : 0.73709572515142296467 0.26290427484857703533
170 170 (0) 6 : 0.24649244299164568828 0.75350755700835436723
171 171 (0) 6 : 0.57119480815246892469 0.42880519184753107531
172 172 (0) 4 : 0.72505642249600832372 0.27494357750399156526
173 173 (0) 4 : 0.18757854328210538108 0.81242145671789456340
174 174 (0) 7 : 0.37482830067815808839 0.62517169932184180059
175 175 (0) 7 : 0.85160927790911489232 0.14839072209088516319
176 176 (0) 7 : 0.52252556195807786654 0.47747443804192207795
177 177 (0) 7 : 0.62319540087643310322 0.37680459912356700780
178 178 (0) 7 : 0.38260039452792132808 0.61739960547207861641
179 179 (0) 7 : 0.68171516454267466756 0.31828483545732527693
180 180 (0) 7 : 0.67567038275738267039 0.32432961724261727410
181 181 (0) 7 : 0.47060443982516780848 0.52939556017483224704
182 182 (0) 7 : 0.47551245211637749311 0.52448754788362250689
183 183 (0) 7 : 0.49543431329065940050 0.50456568670934054399
184 184 (0) 7 : 0.70281501089437181662 0.29718498910562818338
185 185 (0) 7 : 0.43373346164895987265 0.56626653835104012735
186 186 (0) 7 : 0.37327499155565940780 0.62672500844434064771
187 187 (0) 7 : 0.45088263678561874004 0.54911736321438131547
188 188 (0) 7 : 0.00000000100000000000 0.99999999900000002828
189 189 (0) 7 : 0.50163076284995977705 0.49836923715004027846
190 190 (0) 7 : 0.60110113724221791998 0.39889886275778202451
191 191 (0) 7 : 0.43093298208033875563 0.56906701791966129989
192 192 (0) 7 : 0.74557119555385131804 0.25442880444614873747
193 193 (0) 7 : 0.56732984581950585135 0.43267015418049420417
194 194 (0) 7 : 0.99999999900000002828 0.00000000100000000000
195 195 (0) 7 : 0.58626022088777374197 0.41373977911222631354
196 196 (0) 7 : 0.44685874160895971974 0.55314125839104022475
197 197 (0) 7 : 0.99999999900000002828 0.00000000100000000000
198 198 (0) 7 : 0.00000000100000000000 0.99999999900000002828
199 199 (0) 7 : 0.60181875387787231446 0.39818124612212774105
200 200 (0) 7 : 0.44209065684633347404 0.55790934315366658147
201 201 (0) 7 : 0.47561844253931306881 0.52438155746068704222
202 202 (0) 7 : 0.27725385706580674139 0.72274614293419336963
203 203 (0) 7 : 0.71508787905936610496 0.28491212094063400606
