1 1 (0) 1 : 0.00000000099999999980 0.00000000099999999980 0.00000000099999999980 0.00000000099999999980 0.00000000099999999980 0.00000000099999999980 0.99999999200000000421 0.00000000099999999980 0.00000000099999999980
2 2 (0) 1 : 0.00000000099999999996 0.00000000099999999996 0.95509025404476111110 0.00000000099999999996 0.00000000099999999996 0.00000000099999999996 0.04490973895523884402 0.00000000099999999996 0.00000000099999999996
3 3 (0) 1 : 0.00000000099999999985 0.00000000099999999985 0.00000000099999999985 0.00000000099999999985 0.00000000099999999985 0.00000000099999999985 0.88087369767394230191 0.00000000099999999985 0.11912629532605770177
4 4 (0) 1 : 0.00000000099999999998 0.00000000099999999998 0.69039242359052688247 0.08453358890163736872 0.12992313577187403206 0.00000000099999999998 0.00000000099999999998 0.09371073381844330363 0.00144011391751842520
5 5 (0) 1 : 0.00000000099999999983 0.00000000099999999983 0.00000000099999999983 0.00000000099999999983 0.00000000099999999983 0.00000000099999999983 0.94454654340942656443 0.00000000099999999983 0.05545344959057348089
6 6 (0) 1 : 0.00000000099999999987 0.00000000099999999987 0.00000000099999999987 0.00000000099999999987 0.00000000099999999987 0.00000000099999999987 0.79119208564067822209 0.00000000099999999987 0.20880790735932175384
7 7 (0) 1 : 0.00000000099999999997 0.00000000099999999997 0.50722257956322036598 0.35967022092555900326 0.00000000099999999997 0.06399583797367031091 0.04196173882976751701 0.02714961870778274597 0.00000000099999999997
8 8 (0) 1 : 0.00000000099999999992 0.00000000099999999992 0.51643934111831024669 0.37308738896499465953 0.11047326391669506918 0.00000000099999999992 0.00000000099999999992 0.00000000099999999992 0.00000000099999999992
9 9 (0) 1 : 0.00000000099999999975 0.00000000099999999975 0.00000000099999999975 0.00000000099999999975 0.00000000099999999975 0.00000000099999999975 0.99999999200000000421 0.00000000099999999975 0.00000000099999999975
10 10 (0) 2 : 0.00000000099999999989 0.00000000099999999989 0.00000000099999999989 0.99999999200000000421 0.00000000099999999989 0.00000000099999999989 0.00000000099999999989 0.00000000099999999989 0.00000000099999999989
11 11 (0) 2 : 0.00000000099999999988 0.00000000099999999988 0.00000000099999999988 0.99999999200000000421 0.00000000099999999988 0.00000000099999999988 0.00000000099999999988 0.00000000099999999988 0.00000000099999999988
12 12 (0) 2 : 0.00000000099999999988 0.00000000099999999988 0.43760116612955696214 0.56239882687044306930 0.00000000099999999988 0.00000000099999999988 0.00000000099999999988 0.00000000099999999988 0.00000000099999999988
13 13 (0) 3 : 0.21196732455113145854 0.00000000099999999987 0.00000000099999999987 0.00000000099999999987 0.00000000099999999987 0.00000000099999999987 0.00000000099999999987 0.00000000099999999987 0.78803266844886854514
14 14 (0) 3 : 0.00000018834136974959 0.00000000099999999992 0.00000000099999999992 0.00000000099999999992 0.00000000099999999992 0.00000000099999999992 0.00000000099999999992 0.00000000099999999992 0.99999980465863014256
15 15 (0) 3 : 0.00000000099999999990 0.00000000099999999990 0.00000000099999999990 0.00000000099999999990 0.00000000099999999990 0.00000000099999999990 0.00000000099999999990 0.00000000099999999990 0.99999999200000000421
16 16 (0) 3 : 0.00000000099999999982 0.00000000099999999982 0.00000000099999999982 0.00000000099999999982 0.00000000099999999982 0.00000000099999999982 0.00000000099999999982 0.00000000099999999982 0.99999999199999989319
17 17 (0) 3 : 0.20501303878701734873 0.00000000099999999985 0.00000000099999999985 0.00000000099999999985 0.00000000099999999985 0.00000000099999999985 0.37204764816684904316 0.00000000099999999985 0.42293930704613363902
18 18 (0) 3 : 0.00000000099999999989 0.00000000099999999989 0.00000000099999999989 0.00000000099999999989 0.00000000099999999989 0.00000000099999999989 0.00000000099999999989 0.00000000099999999989 0.99999999199999989319
19 19 (0) 3 : 0.00000000099999999997 0.00000000099999999997 0.10298457385025985844 0.52364772396340841798 0.29936870922492181402 0.00000000099999999997 0.00000000099999999997 0.06407335848770026598 0.00992563047370955374
20 20 (0) 3 : 0.00000000099999999995 0.03561284989242535087 0.00021775980786914331 0.44660760954275724455 0.38657265846821808886 0.13098911828873019414 0.00000000099999999995 0.00000000099999999995 0.00000000099999999995
21 21 (0) 2 : 0.00000000099999999994 0.00000000099999999994 0.11099711732937424247 0.71125079759966336468 0.00000000099999999994 0.00000000099999999994 0.12525704758595829214 0.05249503248500425601 0.00000000099999999994
22 22 (0) 2 : 0.00000000099999999995 0.00000000099999999995 0.26168200026031063210 0.73831799273968945485 0.00000000099999999995 0.00000000099999999995 0.00000000099999999995 0.00000000099999999995 0.00000000099999999995
23 23 (0) 2 : 0.00000000099999999984 0.00000000099999999984 0.59844446040178378432 0.40155553259821624712 0.00000000099999999984 0.00000000099999999984 0.00000000099999999984 0.00000000099999999984 0.00000000099999999984
24 24 (0) 2 : 0.00000000099999999990 0.00000000099999999990 0.26917986131923621329 0.73082013168076398468 0.00000000099999999990 0.00000000099999999990 0.00000000099999999990 0.00000000099999999990 0.00000000099999999990
25 25 (0) 2 : 0.00000000099999999983 0.00000000099999999983 0.00000000099999999983 0.99999999200000011523 0.00000000099999999983 0.00000000099999999983 0.00000000099999999983 0.00000000099999999983 0.00000000099999999983
26 26 (0) 2 : 0.00000000099999999989 0.00000000099999999989 0.00000000099999999989 0.99999999200000011523 0.00000000099999999989 0.00000000099999999989 0.00000000099999999989 0.00000000099999999989 0.00000000099999999989
27 27 (0) 2 : 0.00000219291613195311 0.00000000099999999998 0.38474422539645547481 0.60382584842394082525 0.00000000099999999998 0.00000000099999999998 0.00000000099999999998 0.00000000099999999998 0.01142772826347179284
28 28 (0) 2 : 0.00000000099999999995 0.00000000099999999995 0.18440040745917521403 0.81559958554082478965 0.00000000099999999995 0.00000000099999999995 0.00000000099999999995 0.00000000099999999995 0.00000000099999999995
29 29 (0) 2 : 0.00000000099999999993 0.00000000099999999993 0.00000000099999999993 0.99999999200000011523 0.00000000099999999993 0.00000000099999999993 0.00000000099999999993 0.00000000099999999993 0.00000000099999999993
30 30 (0) 2 : 0.00000000099999999993 0.00000000099999999993 0.13302218743306384874 0.86697780556693626597 0.00000000099999999993 0.00000000099999999993 0.00000000099999999993 0.00000000099999999993 0.00000000099999999993
31 31 (0) 2 : 0.00000000099999999991 0.00000000099999999991 0.00000000099999999991 0.68513092670791697625 0.00000000099999999991 0.00000000099999999991 0.24972867127439141166 0.00000000099999999991 0.06514039601769162913
32 32 (0) 2 : 0.00000000099999999997 0.00000000099999999997 0.06415972711370386550 0.63371031848328185365 0.00000000099999999997 0.00000000099999999997 0.03405009938929295238 0.10875342533992146676 0.15932642567380012055
33 33 (0) 2 : 0.00000000099999999986 0.00000000099999999986 0.00000000099999999986 0.99999999200000011523 0.00000000099999999986 0.00000000099999999986 0.00000000099999999986 0.00000000099999999986 0.00000000099999999986
34 34 (0) 2 : 0.00000000099999999989 0.00000000099999999989 0.00000000099999999989 0.99999999200000000421 0.00000000099999999989 0.00000000099999999989 0.00000000099999999989 0.00000000099999999989 0.00000000099999999989
35 35 (0) 2 : 0.00000000099999999982 0.00000000099999999982 0.00000000099999999982 0.99999999200000011523 0.00000000099999999982 0.00000000099999999982 0.00000000099999999982 0.00000000099999999982 0.00000000099999999982
36 36 (0) 2 : 0.00000000099999999987 0.04529779981449343074 0.33624449390090127565 0.61845770028460533840 0.00000000099999999987 0.00000000099999999987 0.00000000099999999987 0.00000000099999999987 0.00000000099999999987
37 37 (0) 2 : 0.00170434114507115198 0.00000000099999999991 0.00000000099999999991 0.08723223542470356917 0.00000000099999999991 0.00000000099999999991 0.70461525365918631358 0.00000000099999999991 0.20644816477103911101
38 38 (0) 2 : 0.00000000099999999987 0.00000000099999999987 0.00000000099999999987 0.99999999200000011523 0.00000000099999999987 0.00000000099999999987 0.00000000099999999987 0.00000000099999999987 0.00000000099999999987
39 39 (0) 2 : 0.01462509309997982523 0.00000000099999999999 0.15049472913883712999 0.71688749667678541844 0.03695063559592316055 0.01042307889808401743 0.01144638611847824915 0.05917257847191241538 0.00000000099999999999
40 40 (0) 2 : 0.00000000099999999996 0.00000000099999999996 0.21142221240061556675 0.78857778059938454795 0.00000000099999999996 0.00000000099999999996 0.00000000099999999996 0.00000000099999999996 0.00000000099999999996
41 41 (0) 2 : 0.08358333327488079445 0.00000000099999999996 0.10709464914304756000 0.80499535845634806464 0.00432665412572367548 0.00000000099999999996 0.00000000099999999996 0.00000000099999999996 0.00000000099999999996
42 42 (0) 2 : 0.00000000099999999984 0.00000000099999999984 0.36275899755423218762 0.63724099544576795484 0.00000000099999999984 0.00000000099999999984 0.00000000099999999984 0.00000000099999999984 0.00000000099999999984
43 43 (0) 4 : 0.00000000099999999988 0.00000000099999999988 0.00000000099999999988 0.00000000099999999988 0.00000000099999999988 0.99999999200000011523 0.00000000099999999988 0.00000000099999999988 0.00000000099999999988
44 44 (0) 4 : 0.00004217520111148965 0.00000000099999999997 0.00000000099999999997 0.00000000099999999997 0.00000000099999999997 0.96572033116531685870 0.03270458476581056956 0.00153290386776093121 0.00000000099999999997
45 45 (0) 4 : 0.00000000099999999990 0.08983080182020640458 0.00000000099999999990 0.00000000099999999990 0.00000000099999999990 0.90982908997336053858 0.00000000099999999990 0.00034010220643299917 0.00000000099999999990
46 46 (0) 4 : 0.00000000099999999993 0.12205893642597798188 0.00000000099999999993 0.00000000099999999993 0.10921006155060361542 0.76873099602341843362 0.00000000099999999993 0.00000000099999999993 0.00000000099999999993
47 47 (0) 4 : 0.03582096345953843936 0.00000000099999999997 0.00000000099999999997 0.00000000099999999997 0.00000000099999999997 0.92791300993762237947 0.03541951706896540736 0.00084650453387377460 0.00000000099999999997
48 48 (0) 4 : 0.36148470436252766458 0.00000000099999999987 0.00000000099999999987 0.00000000099999999987 0.00000000099999999987 0.24725196608180483038 0.00000000099999999987 0.00000000099999999987 0.39126332355566739718
49 49 (0) 4 : 0.38120141004068641699 0.00000000099999999989 0.00000000099999999989 0.00000000099999999989 0.00000000099999999989 0.11214851737705235080 0.00000000099999999989 0.00000000099999999989 0.50665006658226097169
50 50 (0) 4 : 0.00000000099999999990 0.00000000099999999990 0.00000000099999999990 0.00000000099999999990 0.00000000099999999990 0.99999999200000000421 0.00000000099999999990 0.00000000099999999990 0.00000000099999999990
51 51 (0) 4 : 0.00000000099999999984 0.00000000099999999984 0.00000000099999999984 0.00000000099999999984 0.05555725619484715855 0.94444273680515300473 0.00000000099999999984 0.00000000099999999984 0.00000000099999999984
52 52 (0) 4 : 0.03899421838335120905 0.01167260450421851031 0.03522035317592450698 0.00000001230658942717 0.00000000099999999999 0.65831577994029988332 0.01868912466648032719 0.23705955845478018928 0.00004834756835595018
53 53 (0) 4 : 0.04498520595973226621 0.00000000099999999993 0.00000000099999999993 0.00000000099999999993 0.00000000099999999993 0.75720772939081648634 0.00000000099999999993 0.19780705864945111183 0.00000000099999999993
54 54 (0) 4 : 0.57816881311551815426 0.00000000099999999990 0.00000000099999999990 0.00000000099999999990 0.00000000099999999990 0.10836815095600302317 0.08356264106976658834 0.00000000099999999990 0.22990038985871244503
55 55 (0) 4 : 0.45208815207425956384 0.00000000099999999984 0.00000000099999999984 0.00000000099999999984 0.00000000099999999984 0.11427201452324729780 0.04604164022549942642 0.00000000099999999984 0.38759818817699365212
56 56 (0) 4 : 0.25698311734457363054 0.00000000099999999989 0.00000000099999999989 0.00000000099999999989 0.00000000099999999989 0.25756988475363001845 0.00000000099999999989 0.00000000099999999989 0.48544699190179640969
57 57 (0) 4 : 0.00000000099999999992 0.00000000099999999992 0.00000000099999999992 0.00000000099999999992 0.00000000099999999992 0.83708727200376353839 0.00000000099999999992 0.16291272099623638203 0.00000000099999999992
58 58 (0) 4 : 0.00000000099999999994 0.00000000099999999994 0.00000000099999999994 0.00000000099999999994 0.06694589051015091552 0.93305410248984899102 0.00000000099999999994 0.00000000099999999994 0.00000000099999999994
59 59 (0) 4 : 0.00000000099999999985 0.00001006092826874949 0.00000000099999999985 0.00000000099999999985 0.00000000099999999985 0.99998993207173125786 0.00000000099999999985 0.00000000099999999985 0.00000000099999999985
60 60 (0) 4 : 0.00000000099999999985 0.00000000099999999985 0.00000000099999999985 0.00000000099999999985 0.00000000099999999985 0.99999999200000011523 0.00000000099999999985 0.00000000099999999985 0.00000000099999999985
61 61 (0) 4 : 0.00000000099999999986 0.00000000099999999986 0.00000000099999999986 0.00000000099999999986 0.06711144622690380646 0.93288854677309607233 0.00000000099999999986 0.00000000099999999986 0.00000000099999999986
62 62 (0) 4 : 0.00000000099999999998 0.00000000099999999998 0.02734891847726149058 0.00000000099999999998 0.00577933787013162545 0.96687173132521964103 0.00000000732738729819 0.00000000099999999998 0.00000000099999999998
63 63 (0) 4 : 0.00000000099999999977 0.00000000099999999977 0.00000000099999999977 0.00000000099999999977 0.00000000099999999977 0.99999999200000000421 0.00000000099999999977 0.00000000099999999977 0.00000000099999999977
64 64 (0) 4 : 0.01875472006169688621 0.00000000099999999992 0.00000000099999999992 0.00000000099999999992 0.00000000099999999992 0.98124527293830310359 0.00000000099999999992 0.00000000099999999992 0.00000000099999999992
65 65 (0) 4 : 0.59072635277991270009 0.00000000099999999989 0.00000000099999999989 0.00000000099999999989 0.00000000099999999989 0.00000000099999999989 0.02246956716146226649 0.00000000099999999989 0.38680407405862515802
66 66 (0) 4 : 0.00000000099999999997 0.00000000099999999997 0.00000000099999999997 0.00003501814938449168 0.07666757739739366029 0.92329739845322200686 0.00000000099999999997 0.00000000099999999997 0.00000000099999999997
67 67 (0) 4 : 0.00000000099999999994 0.03069237209636459934 0.00000000099999999994 0.00000000099999999994 0.00000000099999999994 0.86523049423434472693 0.00000000099999999994 0.10407712766929076709 0.00000000099999999994
68 68 (0) 4 : 0.38827089021271626867 0.00000000099999999996 0.00000000099999999996 0.00000000099999999996 0.00000000099999999996 0.16644966475414676998 0.06174841535241567397 0.00000000099999999996 0.38353102468072103326
69 69 (0) 4 : 0.00000000099999999993 0.00000000099999999993 0.10271639319097192189 0.00000000099999999993 0.01732329789485374805 0.87996030291417437486 0.00000000099999999993 0.00000000099999999993 0.00000000099999999993
70 70 (0) 4 : 0.00068745348518807091 0.00000000099999999992 0.00000000099999999992 0.00000000099999999992 0.00000000099999999992 0.99931253951481191500 0.00000000099999999992 0.00000000099999999992 0.00000000099999999992
71 71 (0) 4 : 0.55054236705196424317 0.00000000099999999994 0.00000000099999999994 0.00000000099999999994 0.00000000099999999994 0.02769336678179803307 0.00000000099999999994 0.00000000099999999994 0.42176426016623796977
72 72 (0) 5 : 0.00000000099999999992 0.00000000099999999992 0.00000000099999999992 0.00000000099999999992 0.99999999200000011523 0.00000000099999999992 0.00000000099999999992 0.00000000099999999992 0.00000000099999999992
73 73 (0) 5 : 0.00000000099999999997 0.00000000099999999997 0.00000000099999999997 0.00000000099999999997 0.51841347132443493795 0.00000000099999999997 0.00000000099999999997 0.48158652167556514900 0.00000000099999999997
74 74 (0) 5 : 0.00000000099999999994 0.27008738372757012947 0.00000000099999999994 0.00000000099999999994 0.72417786875831047233 0.00573474151411934845 0.00000000099999999994 0.00000000099999999994 0.00000000099999999994
75 75 (0) 5 : 0.00000000099999999997 0.00000012293822698029 0.08149265619868854837 0.00000000099999999997 0.91747811369659193481 0.00102910216649241496 0.00000000099999999997 0.00000000099999999997 0.00000000099999999997
76 76 (0) 5 : 0.00000000099999999998 0.26309035132529828838 0.03309597940409836347 0.10517823440308404770 0.40531602319612503038 0.11543185975050077041 0.07788754892089355675 0.00000000099999999998 0.00000000099999999998
77 77 (0) 5 : 0.00000000099999999989 0.00000000099999999989 0.00000000099999999989 0.00000000099999999989 0.86910772730549112897 0.00000000099999999989 0.00000000099999999989 0.13089226569450890247 0.00000000099999999989
78 78 (0) 5 : 0.00000000099999999989 0.00000000099999999989 0.00000000099999999989 0.00000000099999999989 0.99999999200000011523 0.00000000099999999989 0.00000000099999999989 0.00000000099999999989 0.00000000099999999989
79 79 (0) 5 : 0.00000000099999999995 0.00000000099999999995 0.00000000099999999995 0.00000000099999999995 0.99999999200000000421 0.00000000099999999995 0.00000000099999999995 0.00000000099999999995 0.00000000099999999995
80 80 (0) 5 : 0.15520795948597224112 0.04418267889683755861 0.00000000099999999997 0.00000000099999999997 0.08161465930311356809 0.00000000099999999997 0.00000000099999999997 0.00014588543337840356 0.71884881288069824024
81 81 (0) 5 : 0.00000000099999999995 0.00000000099999999995 0.00000000099999999995 0.00000000099999999995 0.49456139822161437891 0.00000000099999999995 0.00000000099999999995 0.00000000099999999995 0.50543859477838570804
82 82 (0) 5 : 0.00000000099999999995 0.16445401917892493726 0.00000000099999999995 0.00000000099999999995 0.48086351387108566824 0.26240785727326892962 0.00000000099999999995 0.09227460467672062017 0.00000000099999999995
83 83 (0) 5 : 0.00000000099999999993 0.00000000099999999993 0.00000000099999999993 0.00000000099999999993 0.90836660681142511464 0.00000000099999999993 0.00000000099999999993 0.09163338618857481965 0.00000000099999999993
84 84 (0) 5 : 0.00000000099999999988 0.00000000099999999988 0.00000000099999999988 0.00000000099999999988 0.99999999200000011523 0.00000000099999999988 0.00000000099999999988 0.00000000099999999988 0.00000000099999999988
85 85 (0) 5 : 0.00000000099999999986 0.00000000099999999986 0.00000000099999999986 0.00000000099999999986 0.99999999200000000421 0.00000000099999999986 0.00000000099999999986 0.00000000099999999986 0.00000000099999999986
86 86 (0) 5 : 0.00000000099999999986 0.00000000099999999986 0.00000000099999999986 0.00000000099999999986 0.99999999200000000421 0.00000000099999999986 0.00000000099999999986 0.00000000099999999986 0.00000000099999999986
87 87 (0) 5 : 0.00000000099999999997 0.00000000099999999997 0.03162080287050741956 0.00000000099999999997 0.96837919012949258413 0.00000000099999999997 0.00000000099999999997 0.00000000099999999997 0.00000000099999999997
88 88 (0) 5 : 0.00000000099999999984 0.00000000099999999984 0.00000000099999999984 0.00000000099999999984 0.99999999200000000421 0.00000000099999999984 0.00000000099999999984 0.00000000099999999984 0.00000000099999999984
89 89 (0) 5 : 0.00000000099999999992 0.00000000099999999992 0.00000000099999999992 0.00000000099999999992 0.99999999200000011523 0.00000000099999999992 0.00000000099999999992 0.00000000099999999992 0.00000000099999999992
90 90 (0) 5 : 0.00000000099999999983 0.00000000099999999983 0.00000000099999999983 0.00000000099999999983 0.99999999200000000421 0.00000000099999999983 0.00000000099999999983 0.00000000099999999983 0.00000000099999999983
91 91 (0) 5 : 0.00000000099999999992 0.00000000099999999992 0.00000000099999999992 0.00000000099999999992 0.99999999200000000421 0.00000000099999999992 0.00000000099999999992 0.00000000099999999992 0.00000000099999999992
92 92 (0) 5 : 0.11115991829251009593 0.00000000099999999994 0.00000000099999999994 0.00000000099999999994 0.19819262228081327426 0.00000000099999999994 0.00000000099999999994 0.00000000099999999994 0.69064745342667654970
93 93 (0) 5 : 0.00000000099999999997 0.15320688885389213696 0.00000000099999999997 0.00123951272233173166 0.84555359242377625684 0.00000000099999999997 0.00000000099999999997 0.00000000099999999997 0.00000000099999999997
94 94 (0) 5 : 0.00000000099999999990 0.00000000099999999990 0.00000000099999999990 0.00000000099999999990 0.62142247060613586829 0.00000000099999999990 0.00000000099999999990 0.37857752239386416315 0.00000000099999999990
95 95 (0) 5 : 0.00000000099999999992 0.13528527910515064647 0.00000000099999999992 0.00000000099999999992 0.73518557117009919466 0.12952914372475024529 0.00000000099999999992 0.00000000099999999992 0.00000000099999999992
96 96 (0) 5 : 0.00000000099999999997 0.19813285738734931485 0.00000000099999999997 0.03386173137430948527 0.65471809818126591729 0.11328730805707538931 0.00000000099999999997 0.00000000099999999997 0.00000000099999999997
97 97 (0) 6 : 0.00000000099999999999 0.01274961053689391624 0.38011945515956985231 0.02479066976972922956 0.41188531497224234457 0.16054458361629339591 0.00000000099999999999 0.00000000099999999999 0.00991036294527128901
98 98 (0) 6 : 0.00000000099999999997 0.00000000099999999997 0.84228253537734121270 0.00000000099999999997 0.00013728024183372141 0.00000000099999999997 0.00000000099999999997 0.15758017838082491457 0.00000000099999999997
99 99 (0) 6 : 0.12806470179449139235 0.00000000099999999986 0.00000000099999999986 0.00000000099999999986 0.00000000099999999986 0.00000000099999999986 0.74514263285970061546 0.00000000099999999986 0.12679265934580805086
100 100 (0) 6 : 0.00000000099999999999 0.00000000099999999999 0.57441011142122000432 0.07675087733870472606 0.16983833685366483968 0.17879143283699744371 0.00000000099999999999 0.00000000099999999999 0.00020923754941302894
101 101 (0) 6 : 0.00000000099999999989 0.00000000099999999989 0.00000000099999999989 0.00000000099999999989 0.00000000099999999989 0.00000000099999999989 0.20253446634671826154 0.00000000099999999989 0.79746552665328185316
102 102 (0) 6 : 0.12254141287647743463 0.00000000099999999997 0.00000000099999999997 0.00000000099999999997 0.00000000099999999997 0.00000000099999999997 0.81620624181407752662 0.00000000099999999997 0.06125233930944500721
103 103 (0) 6 : 0.01718555414981613044 0.00000000099999999997 0.00000000099999999997 0.00000000099999999997 0.00000000099999999997 0.00000000099999999997 0.40443829372861350713 0.00000000099999999997 0.57837614612157040028
104 104 (0) 6 : 0.00000000099999999999 0.00000000099999999999 0.31168060350957244031 0.00000000699249591070 0.20412646463284167542 0.06759273908154948829 0.05343201450751431519 0.26695695154593651610 0.09621121773008958766
105 105 (0) 6 : 0.00000000099999999987 0.00000000099999999987 0.00000000099999999987 0.00000000099999999987 0.00000000099999999987 0.00000000099999999987 0.69037179463604014806 0.00000000099999999987 0.30962819836395971684
106 106 (0) 6 : 0.00000000099999999996 0.00296181302107630280 0.79409607974699247812 0.00000000099999999996 0.20294210123193129336 0.00000000099999999996 0.00000000099999999996 0.00000000099999999996 0.00000000099999999996
107 107 (0) 3 : 0.00000000099999999993 0.00000000099999999993 0.00000000099999999993 0.00000000099999999993 0.00000000099999999993 0.00000000099999999993 0.24189340632677117093 0.00000000099999999993 0.75810658667322872173
108 108 (0) 3 : 0.00000000099999999997 0.00000000099999999997 0.40568095223145206329 0.00000000099999999997 0.30484189308023612597 0.14535160302917932151 0.00000000099999999997 0.14412554665913238083 0.00000000099999999997
109 109 (0) 3 : 0.00000000099999999987 0.00000000099999999987 0.00000000099999999987 0.00000000099999999987 0.00000000099999999987 0.00000000099999999987 0.00000000099999999987 0.00000000099999999987 0.99999999200000000421
110 110 (0) 2 : 0.00000000099999999995 0.00000000099999999995 0.99999999200000000421 0.00000000099999999995 0.00000000099999999995 0.00000000099999999995 0.00000000099999999995 0.00000000099999999995 0.00000000099999999995
111 111 (0) 2 : 0.00000000099999999994 0.00000000099999999994 0.00000000099999999994 0.00000000099999999994 0.00000000099999999994 0.00000000099999999994 0.42248730708275311629 0.00000000099999999994 0.57751268591724680412
112 112 (0) 3 : 0.00000000099999999994 0.00000000099999999994 0.00000000099999999994 0.00000000099999999994 0.00000000099999999994 0.00000000099999999994 0.00000000099999999994 0.00000000099999999994 0.99999999200000000421
113 113 (0) 2 : 0.00000000099999999991 0.00000000099999999991 0.08348335674142630392 0.91651663625857382467 0.00000000099999999991 0.00000000099999999991 0.00000000099999999991 0.00000000099999999991 0.00000000099999999991
114 114 (0) 2 : 0.00000000099999999996 0.00000000099999999996 0.01396312951330401682 0.00000000099999999996 0.00000000099999999996 0.00000000099999999996 0.35405599995922715229 0.00000000099999999996 0.63198086452746882191
115 115 (0) 3 : 0.00000000099999999987 0.00000000099999999987 0.00000000099999999987 0.00000000099999999987 0.00000000099999999987 0.00000000099999999987 0.14326865305409791640 0.00000000099999999987 0.85673133994590200402
116 116 (0) 3 : 0.01931165172570495706 0.00000000099999999993 0.00000000099999999993 0.00000000099999999993 0.00000000099999999993 0.00000000099999999993 0.00000000099999999993 0.00000000099999999993 0.98068834127429505010
117 117 (0) 3 : 0.13138018578082419352 0.00000000099999999997 0.00000000099999999997 0.00000000099999999997 0.00000000099999999997 0.00000000099999999997 0.00000296300772020073 0.00000000099999999997 0.86861684521145554605
118 118 (0) 3 : 0.00000000099999999995 0.00000000099999999995 0.00000000099999999995 0.00000000099999999995 0.00000000099999999995 0.00000000099999999995 0.14686702033446261129 0.00000000099999999995 0.85313297266553733689
119 119 (0) 3 : 0.00000000099999999988 0.00000000099999999988 0.00000000099999999988 0.00000000099999999988 0.00000000099999999988 0.00000000099999999988 0.14679081432984067423 0.00000000099999999988 0.85320917867015944047
120 120 (0) 3 : 0.00000000099999999996 0.00000002058943453274 0.32033965396882241317 0.22656240287956613821 0.36377864774519114155 0.07434547655370894736 0.00000000099999999996 0.01497379526327699203 0.00000000099999999996
121 121 (0) 3 : 0.00000000099999999989 0.00000000099999999989 0.00000000099999999989 0.00000000099999999989 0.00000000099999999989 0.00000000099999999989 0.00000000099999999989 0.00000000099999999989 0.99999999199999989319
122 122 (0) 3 : 0.06257389914390786012 0.00000000099999999992 0.00000000099999999992 0.00000000099999999992 0.00000000099999999992 0.00000000099999999992 0.14749225737503837697 0.07542860999593310745 0.71450522848512065810
123 123 (0) 3 : 0.01429521920196850926 0.00000000099999999990 0.00000000099999999990 0.00000000099999999990 0.00000000099999999990 0.00000000099999999990 0.04714029951457184009 0.20365002956750649643 0.73491444671595318461
124 124 (0) 3 : 0.00000000099999999990 0.00000000099999999990 0.00000000099999999990 0.00000000099999999990 0.00000000099999999990 0.00000000099999999990 0.00000000099999999990 0.00000000099999999990 0.99999999199999989319
125 125 (0) 3 : 0.00000000100000000000 0.02754405314520546461 0.24142061826473759645 0.46724302211360468906 0.13686816620179742543 0.10649252051674228114 0.00000000100000000000 0.00000040523659985783 0.02043121252131260140
126 126 (0) 3 : 0.00000000099999999988 0.00000000099999999988 0.00000000099999999988 0.00000000099999999988 0.00000000099999999988 0.00000000099999999988 0.00000000099999999988 0.00000000099999999988 0.99999999200000000421
127 127 (0) 3 : 0.00000000099999999996 0.00000000099999999996 0.54800919711937889911 0.24674788661600707829 0.20524291026461405352 0.00000000099999999996 0.00000000099999999996 0.00000000099999999996 0.00000000099999999996
128 128 (0) 3 : 0.00000000099999999983 0.00000000099999999983 0.00000000099999999983 0.00000000099999999983 0.00000000099999999983 0.00000000099999999983 0.00000000099999999983 0.00000000099999999983 0.99999999200000000421
129 129 (0) 6 : 0.00000000099999999999 0.00000000099999999999 0.07983241838599069995 0.00000000099999999999 0.00000000099999999999 0.00000000170621013910 0.20830111411400875632 0.00000000099999999999 0.71186646079379034546
130 130 (0) 6 : 0.00000000099999999994 0.00000000099999999994 0.58971910256212245471 0.00000000099999999994 0.19256848219623784457 0.00000000099999999994 0.00000000099999999994 0.21771240924163956509 0.00000000099999999994
131 131 (0) 6 : 0.04508331262102454468 0.00000000099999999987 0.00000000099999999987 0.00000000099999999987 0.00000000099999999987 0.00000000099999999987 0.35439214794700929501 0.00000000099999999987 0.60052453343196610103
132 132 (0) 6 : 0.00000000099999999997 0.00806131453490699715 0.54964822829283443983 0.18712252618014332817 0.25516792599211535197 0.00000000099999999997 0.00000000099999999997 0.00000000099999999997 0.00000000099999999997
133 133 (0) 6 : 0.00000000099999999986 0.00000000099999999986 0.00000000099999999986 0.00000000099999999986 0.00000000099999999986 0.00000000099999999986 0.99999999199999989319 0.00000000099999999986 0.00000000099999999986
134 134 (0) 6 : 0.00000000099999999999 0.00000000099999999999 0.03358152089427673959 0.00000000099999999999 0.00000000099999999999 0.00000000099999999999 0.35798832643998779179 0.00000000099999999999 0.60843014666573536076
135 135 (0) 6 : 0.00000000099999999996 0.00000000099999999996 0.00000000099999999996 0.00000000099999999996 0.00000000099999999996 0.00000000099999999996 0.33173391665205070877 0.00000000099999999996 0.66826607634794910062
136 136 (0) 6 : 0.01975087682766242178 0.00000000099999999995 0.00000000099999999995 0.00000000099999999995 0.00000000099999999995 0.00000000099999999995 0.39090515390764696280 0.00000000099999999995 0.58934396326469062899
137 137 (0) 6 : 0.00000000099999999992 0.00000000099999999992 0.00000000099999999992 0.00000000099999999992 0.00000000099999999992 0.00000000099999999992 0.40068745184718868035 0.00000000099999999992 0.59931254115281129558
138 138 (0) 6 : 0.00000000099999999984 0.00000000099999999984 0.00000000099999999984 0.00000000099999999984 0.00000000099999999984 0.00000000099999999984 0.37505023049115465694 0.00000000099999999984 0.62494976250884526348
139 139 (0) 6 : 0.00000000099999999997 0.00000000099999999997 0.00000000099999999997 0.00000000099999999997 0.06237515059444909832 0.00000000099999999997 0.15186213096251249821 0.00000000099999999997 0.78576271244303841357
140 140 (0) 6 : 0.00000000099999999998 0.14411361777758996405 0.31506521182440228035 0.31610985598711449640 0.09146975386660685658 0.10839458885320937820 0.00000000099999999998 0.00000000099999999998 0.02484696869107714048
141 141 (0) 1 : 0.00000000099999999994 0.00000000099999999994 0.99999999200000000421 0.00000000099999999994 0.00000000099999999994 0.00000000099999999994 0.00000000099999999994 0.00000000099999999994 0.00000000099999999994
142 142 (0) 1 : 0.00000000099999999997 0.00000000099999999997 0.11073708860873063275 0.00000000099999999997 0.00000000099999999997 0.00000000099999999997 0.34812926752909767458 0.00000000099999999997 0.54113363786217161255
143 143 (0) 1 : 0.00000000099999999995 0.08519467491668390735 0.70801646688073871516 0.13384074287989661256 0.00000000099999999995 0.00000000099999999995 0.00000000099999999995 0.07294811032268087858 0.00000000099999999995
144 144 (0) 1 : 0.01327837979215932586 0.00000000099999999994 0.98672161320784079752 0.00000000099999999994 0.00000000099999999994 0.00000000099999999994 0.00000000099999999994 0.00000000099999999994 0.00000000099999999994
145 145 (0) 1 : 0.00000000099999999991 0.00000000099999999991 0.99999999200000011523 0.00000000099999999991 0.00000000099999999991 0.00000000099999999991 0.00000000099999999991 0.00000000099999999991 0.00000000099999999991
146 146 (0) 1 : 0.00000000099999999982 0.00000000099999999982 0.00000000099999999982 0.00000000099999999982 0.00000000099999999982 0.00000000099999999982 0.99999999200000000421 0.00000000099999999982 0.00000000099999999982
147 147 (0) 6 : 0.00000000099999999993 0.00000000099999999993 0.00000000099999999993 0.00000000099999999993 0.00000000099999999993 0.00000000099999999993 0.51500133844319440080 0.00000000099999999993 0.48499865455680563064
148 148 (0) 6 : 0.00000000099999999998 0.00000000099999999998 0.91908460681600490094 0.00000000099999999998 0.08091537335026162403 0.00000000099999999998 0.00000001383373353077 0.00000000099999999998 0.00000000099999999998
149 149 (0) 6 : 0.08930186823077443381 0.00000000099999999996 0.00000000099999999996 0.02053589161162088297 0.00000000099999999996 0.00000000099999999996 0.74760302784837762147 0.02971221003205481992 0.11284699827717216414
150 150 (0) 6 : 0.00000000099999999999 0.00000000099999999999 0.03325873330721208082 0.00000000099999999999 0.00000000099999999999 0.03806721222471787236 0.54006702640965531526 0.00000000099999999999 0.38860702305841465787
151 151 (0) 6 : 0.00000000099999999997 0.00000000099999999997 0.00000000099999999997 0.00000000099999999997 0.00000000099999999997 0.00000000099999999997 0.85134743194175255265 0.00000000099999999997 0.14865256105824745103
152 152 (0) 6 : 0.00000000099999999994 0.00000000099999999994 0.00000000099999999994 0.00000000099999999994 0.00000000099999999994 0.00000000099999999994 0.36980446937856659151 0.00000000099999999994 0.63019552362143349544
153 153 (0) 6 : 0.00000000099999999994 0.00000000099999999994 0.74280797084195981927 0.00000000099999999994 0.22708316260565830635 0.03010886055238183590 0.00000000099999999994 0.00000000099999999994 0.00000000099999999994
154 154 (0) 1 : 0.00000000099999999982 0.00000000099999999982 0.99999999200000011523 0.00000000099999999982 0.00000000099999999982 0.00000000099999999982 0.00000000099999999982 0.00000000099999999982 0.00000000099999999982
155 155 (0) 1 : 0.00000000099999999967 0.00000000099999999967 0.00000000099999999967 0.00000000099999999967 0.00000000099999999967 0.00000000099999999967 0.99999999199999989319 0.00000000099999999967 0.00000000099999999967
156 156 (0) 1 : 0.00000000099999999964 0.00000000099999999964 0.00000000099999999964 0.00000000099999999964 0.00000000099999999964 0.00000000099999999964 0.99999999200000000421 0.00000000099999999964 0.00000000099999999964
157 157 (0) 1 : 0.00000000099999999972 0.00000000099999999972 0.00000000099999999972 0.00000000099999999972 0.00000000099999999972 0.00000000099999999972 0.99999999199999989319 0.00000000099999999972 0.00000000099999999972
158 158 (0) 1 : 0.00000000099999999993 0.00000000099999999993 0.69107784855856679851 0.29206090102205756187 0.00000000099999999993 0.00000000099999999993 0.01686124441937556298 0.00000000099999999993 0.00000000099999999993
159 159 (0) 1 : 0.00000000099999999979 0.00000000099999999979 0.99999999200000011523 0.00000000099999999979 0.00000000099999999979 0.00000000099999999979 0.00000000099999999979 0.00000000099999999979 0.00000000099999999979
160 160 (0) 1 : 0.00000000099999999990 0.00000000099999999990 0.66558999431074183928 0.33440999868925819216 0.00000000099999999990 0.00000000099999999990 0.00000000099999999990 0.00000000099999999990 0.00000000099999999990
161 161 (0) 1 : 0.00000000099999999974 0.00000000099999999974 0.00000000099999999974 0.00000000099999999974 0.00000000099999999974 0.00000000099999999974 0.99999999199999989319 0.00000000099999999974 0.00000000099999999974
162 162 (0) 1 : 0.00000000099999999993 0.00000000099999999993 0.88674251128936143473 0.10000934158197694046 0.01324814112866151694 0.00000000099999999993 0.00000000099999999993 0.00000000099999999993 0.00000000099999999993
163 163 (0) 1 : 0.00000000099999999991 0.00000000099999999991 0.63137273395597670600 0.36862725904402321442 0.00000000099999999991 0.00000000099999999991 0.00000000099999999991 0.00000000099999999991 0.00000000099999999991
164 164 (0) 1 : 0.00000000099999999972 0.00000000099999999972 0.00000000099999999972 0.00000000099999999972 0.00000000099999999972 0.00000000099999999972 0.99999999200000000421 0.00000000099999999972 0.00000000099999999972
165 165 (0) 1 : 0.00000000099999999977 0.00000000099999999977 0.00000000099999999977 0.00000000099999999977 0.00000000099999999977 0.00000000099999999977 0.99999999199999989319 0.00000000099999999977 0.00000000099999999977
166 166 (0) 1 : 0.00000000099999999983 0.00000000099999999983 0.99999999200000000421 0.00000000099999999983 0.00000000099999999983 0.00000000099999999983 0.00000000099999999983 0.00000000099999999983 0.00000000099999999983
167 167 (0) 1 : 0.00000000099999999977 0.00000000099999999977 0.00000000099999999977 0.00000000099999999977 0.00000000099999999977 0.00000000099999999977 0.99999999199999989319 0.00000000099999999977 0.00000000099999999977
168 168 (0) 7 : 0.00000000099999999995 0.15242333269140345697 0.27159460480410207994 0.00000000099999999995 0.00000000099999999995 0.00000000099999999995 0.00000000099999999995 0.57598205650449429971 0.00000000099999999995
169 169 (0) 7 : 0.00000000099999999971 0.00000000099999999971 0.00000000099999999971 0.00000000099999999971 0.00000000099999999971 0.00000000099999999971 0.00000000099999999971 0.99999999199999989319 0.00000000099999999971
170 170 (0) 7 : 0.11341109341502644825 0.39235300908462483749 0.00000000099999999992 0.00000000099999999992 0.00000000099999999992 0.00000000099999999992 0.04075999744571538047 0.45347589505463353765 0.00000000099999999992
171 171 (0) 7 : 0.00000000099999999982 0.00000000099999999982 0.00000000099999999982 0.00000000099999999982 0.00000000099999999982 0.00000000099999999982 0.00000000099999999982 0.99999999200000000421 0.00000000099999999982
172 172 (0) 7 : 0.00000000099999999969 0.99999999200000022626 0.00000000099999999969 0.00000000099999999969 0.00000000099999999969 0.00000000099999999969 0.00000000099999999969 0.00000000099999999969 0.00000000099999999969
173 173 (0) 7 : 0.00000000099999999991 0.41813648360000466031 0.00000000099999999991 0.00000000099999999991 0.13571526069377692902 0.00000000099999999991 0.00000000099999999991 0.44614824970621824729 0.00000000099999999991
174 174 (0) 7 : 0.00000000099999999979 0.99999999200000022626 0.00000000099999999979 0.00000000099999999979 0.00000000099999999979 0.00000000099999999979 0.00000000099999999979 0.00000000099999999979 0.00000000099999999979
175 175 (0) 7 : 0.99999999200000011523 0.00000000099999999975 0.00000000099999999975 0.00000000099999999975 0.00000000099999999975 0.00000000099999999975 0.00000000099999999975 0.00000000099999999975 0.00000000099999999975
176 176 (0) 7 : 0.00000000099999999979 0.70118464112245115771 0.00000000099999999979 0.00000000099999999979 0.00000000099999999979 0.00000000099999999979 0.00000000099999999979 0.29881535187754898475 0.00000000099999999979
177 177 (0) 7 : 0.00000000099999999982 0.99999999200000011523 0.00000000099999999982 0.00000000099999999982 0.00000000099999999982 0.00000000099999999982 0.00000000099999999982 0.00000000099999999982 0.00000000099999999982
178 178 (0) 7 : 0.82120559169233120489 0.00000000099999999985 0.00000000099999999985 0.00000000099999999985 0.00000000099999999985 0.00000000099999999985 0.00000000099999999985 0.05310971806236890885 0.12568468424530013228
179 179 (0) 7 : 0.99999999200000022626 0.00000000099999999962 0.00000000099999999962 0.00000000099999999962 0.00000000099999999962 0.00000000099999999962 0.00000000099999999962 0.00000000099999999962 0.00000000099999999962
180 180 (0) 7 : 0.00000000099999999995 0.99999999200000011523 0.00000000099999999995 0.00000000099999999995 0.00000000099999999995 0.00000000099999999995 0.00000000099999999995 0.00000000099999999995 0.00000000099999999995
181 181 (0) 7 : 0.00000000099999999991 0.99999999200000022626 0.00000000099999999991 0.00000000099999999991 0.00000000099999999991 0.00000000099999999991 0.00000000099999999991 0.00000000099999999991 0.00000000099999999991
182 182 (0) 7 : 0.00000000099999999992 0.70871714507173066977 0.00000000099999999992 0.00000000099999999992 0.05207292194908853811 0.00000000099999999992 0.00000000099999999992 0.23920992697918080916 0.00000000099999999992
183 183 (0) 7 : 0.00000000099999999969 0.00000000099999999969 0.00000000099999999969 0.00000000099999999969 0.00000000099999999969 0.00000000099999999969 0.00000000099999999969 0.99999999199999989319 0.00000000099999999969
184 184 (0) 7 : 0.99999999200000022626 0.00000000099999999979 0.00000000099999999979 0.00000000099999999979 0.00000000099999999979 0.00000000099999999979 0.00000000099999999979 0.00000000099999999979 0.00000000099999999979
185 185 (0) 7 : 0.00000000099999999983 0.99999999200000022626 0.00000000099999999983 0.00000000099999999983 0.00000000099999999983 0.00000000099999999983 0.00000000099999999983 0.00000000099999999983 0.00000000099999999983
186 186 (0) 7 : 0.99999999200000011523 0.00000000099999999966 0.00000000099999999966 0.00000000099999999966 0.00000000099999999966 0.00000000099999999966 0.00000000099999999966 0.00000000099999999966 0.00000000099999999966
187 187 (0) 7 : 0.00000000099999999986 0.99999999200000022626 0.00000000099999999986 0.00000000099999999986 0.00000000099999999986 0.00000000099999999986 0.00000000099999999986 0.00000000099999999986 0.00000000099999999986
188 188 (0) 7 : 0.99999999200000022626 0.00000000099999999971 0.00000000099999999971 0.00000000099999999971 0.00000000099999999971 0.00000000099999999971 0.00000000099999999971 0.00000000099999999971 0.00000000099999999971
189 189 (0) 7 : 0.24053732121993090520 0.21542924249344522214 0.00000000099999999995 0.00000000099999999995 0.10002380790296820645 0.00000000099999999995 0.00000000099999999995 0.44400962338365546067 0.00000000099999999995
190 190 (0) 7 : 0.00922517837749768470 0.30870665696785187793 0.00000000099999999997 0.05061478944649060174 0.08406792142409640067 0.00000000099999999997 0.00000000099999999997 0.54738544978406322716 0.00000000099999999997
191 191 (0) 7 : 0.00000000099999999968 0.00000000099999999968 0.00000000099999999968 0.00000000099999999968 0.00000000099999999968 0.00000000099999999968 0.00000000099999999968 0.99999999199999989319 0.00000000099999999968
192 192 (0) 7 : 0.28975563843456803026 0.21763856012615967472 0.00011876632686273533 0.00000000099999999995 0.00000000099999999995 0.03641361838874685591 0.00000000099999999995 0.45607341272366275220 0.00000000099999999995
193 193 (0) 7 : 0.00000000099999999987 0.99999999200000022626 0.00000000099999999987 0.00000000099999999987 0.00000000099999999987 0.00000000099999999987 0.00000000099999999987 0.00000000099999999987 0.00000000099999999987
194 194 (0) 7 : 0.99999999200000011523 0.00000000099999999981 0.00000000099999999981 0.00000000099999999981 0.00000000099999999981 0.00000000099999999981 0.00000000099999999981 0.00000000099999999981 0.00000000099999999981
195 195 (0) 7 : 0.02369582008355456196 0.60478230583983760837 0.00000000099999999994 0.00000000099999999994 0.20053537302632631900 0.00000000099999999994 0.00000000099999999994 0.17098649605028157228 0.00000000099999999994
196 196 (0) 7 : 0.99999999200000011523 0.00000000099999999967 0.00000000099999999967 0.00000000099999999967 0.00000000099999999967 0.00000000099999999967 0.00000000099999999967 0.00000000099999999967 0.00000000099999999967
197 197 (0) 7 : 0.99968096372299086738 0.00000000099999999986 0.00000000099999999986 0.00000000099999999986 0.00000000099999999986 0.00000000099999999986 0.00000000099999999986 0.00031902927700922423 0.00000000099999999986
1 1 (0) 1 : 0.00000000099999999980 0.00000000099999999980 0.00000000099999999980 0.99999999200000011523 0.00000000099999999980 0.00000000099999999980 0.00000000099999999980 0.00000000099999999980 0.00000000099999999980
2 2 (0) 1 : 0.00000000099999999996 0.78239122754670353821 0.02815963128124706477 0.05147408767415517783 0.00000000099999999996 0.00000000099999999996 0.00000000099999999996 0.13797504849789421488 0.00000000099999999996
3 3 (0) 1 : 0.00000000099999999986 0.00000000099999999986 0.00000000099999999986 0.87642322838452801914 0.00000000099999999986 0.00000000099999999986 0.12357676461547188740 0.00000000099999999986 0.00000000099999999986
4 4 (0) 1 : 0.00000000099999999998 0.64066861926294693674 0.14775329390684080466 0.00000000099999999998 0.00000000099999999998 0.00017193419599433385 0.00586059677299022828 0.14069964784685054515 0.06484590501437725862
5 5 (0) 1 : 0.00000000099999999983 0.00000000099999999983 0.00000000099999999983 0.93696684392693230237 0.00000000099999999983 0.00000000099999999983 0.06303314907306778458 0.00000000099999999983 0.00000000099999999983
6 6 (0) 1 : 0.00000000099999999987 0.00000000099999999987 0.00000000099999999987 0.79057378807991207648 0.00000000099999999987 0.00000000099999999987 0.20942620492008792721 0.00000000099999999987 0.00000000099999999987
7 7 (0) 1 : 0.00000000099999999997 0.49838141073224506705 0.00000000099999999997 0.04118997196488814044 0.06125338597903317445 0.00000000099999999997 0.00000000099999999997 0.36675102153666117033 0.03242420578717261637
8 8 (0) 1 : 0.00000000099999999992 0.49334089998743324568 0.11302585928781450075 0.00000000099999999992 0.00000000099999999992 0.00000000099999999992 0.00000000099999999992 0.39363323472475236775 0.00000000099999999992
9 9 (0) 1 : 0.00000000099999999975 0.00000000099999999975 0.00000000099999999975 0.99999999200000000421 0.00000000099999999975 0.00000000099999999975 0.00000000099999999975 0.00000000099999999975 0.00000000099999999975
10 10 (0) 2 : 0.00000000099999999988 0.00000000099999999988 0.00000000099999999988 0.00000000099999999988 0.00000000099999999988 0.00000000099999999988 0.00000000099999999988 0.99999999200000000421 0.00000000099999999988
11 11 (0) 2 : 0.00000000099999999989 0.01202791705577241875 0.00000000099999999989 0.00000000099999999989 0.00000000099999999989 0.00000000099999999989 0.00000000099999999989 0.98797207594422764565 0.00000000099999999989
12 12 (0) 2 : 0.00000000099999999989 0.42295959322484166787 0.00000000099999999989 0.00000000099999999989 0.00000000099999999989 0.00000000099999999989 0.00000000099999999989 0.57704039977515819704 0.00000000099999999989
13 13 (0) 3 : 0.21182919581142944931 0.00000000099999999987 0.00000000099999999987 0.00000000099999999987 0.00000000099999999987 0.00000000099999999987 0.78817079718857063764 0.00000000099999999987 0.00000000099999999987
14 14 (0) 3 : 0.00000000099999999992 0.00000000099999999992 0.00000000099999999992 0.00000000099999999992 0.00000000099999999992 0.00000000099999999992 0.99999999200000000421 0.00000000099999999992 0.00000000099999999992
15 15 (0) 3 : 0.00000000099999999990 0.00000000099999999990 0.00000000099999999990 0.00000000099999999990 0.00000000099999999990 0.00000000099999999990 0.99999999199999989319 0.00000000099999999990 0.00000000099999999990
16 16 (0) 3 : 0.00000000099999999982 0.00000000099999999982 0.00000000099999999982 0.00000000099999999982 0.00000000099999999982 0.00000000099999999982 0.99999999199999989319 0.00000000099999999982 0.00000000099999999982
17 17 (0) 3 : 0.20846092300612883985 0.00000000099999999985 0.00000000099999999985 0.36884324204468960096 0.00000000099999999985 0.00000000099999999985 0.42269582894918178440 0.00000000099999999985 0.00000000099999999985
18 18 (0) 3 : 0.00000000099999999989 0.00000000099999999989 0.00000000099999999989 0.00000000099999999989 0.00000000099999999989 0.00000000099999999989 0.99999999200000000421 0.00000000099999999989 0.00000000099999999989
19 19 (0) 3 : 0.00000000099999999997 0.11691395821343066042 0.29439416833078824176 0.00000000099999999997 0.00000000099999999997 0.00000000099999999997 0.01191441577352262728 0.50966423698906671014 0.06711321669319161853
20 20 (0) 3 : 0.00000000099999999995 0.02937693993344199506 0.37339425143754834124 0.00000000099999999995 0.13368336488682899810 0.04631083557774754583 0.00000000099999999995 0.41723460416443314269 0.00000000099999999995
21 21 (0) 2 : 0.00000000099999999994 0.11160226201452119743 0.00000000099999999994 0.12633012518527522716 0.00000000099999999994 0.00000000099999999994 0.00000000099999999994 0.72011852658148078898 0.04194908121872282375
22 22 (0) 2 : 0.00000000099999999995 0.26022485385898846966 0.00000000099999999995 0.00000000099999999995 0.00000000099999999995 0.00000000099999999995 0.00000000099999999995 0.73977513914101145076 0.00000000099999999995
23 23 (0) 2 : 0.00000000099999999984 0.60271389461357283146 0.00000000099999999984 0.00000000099999999984 0.00000000099999999984 0.00000000099999999984 0.00000000099999999984 0.39728609838642736651 0.00000000099999999984
24 24 (0) 2 : 0.00000000099999999990 0.27795533581894127373 0.00000000099999999990 0.00000000099999999990 0.00000000099999999990 0.00000000099999999990 0.00000000099999999990 0.72204465718105836913 0.00000000099999999990
25 25 (0) 2 : 0.00000000099999999983 0.00000000099999999983 0.00000000099999999983 0.00000000099999999983 0.00000000099999999983 0.00000000099999999983 0.00000000099999999983 0.99999999200000000421 0.00000000099999999983
26 26 (0) 2 : 0.00000000099999999989 0.00000000099999999989 0.00000000099999999989 0.00000000099999999989 0.00000000099999999989 0.00000000099999999989 0.00000000099999999989 0.99999999199999989319 0.00000000099999999989
27 27 (0) 2 : 0.00000465532726890721 0.37979102201807590777 0.00000000099999999998 0.00000000099999999998 0.00000000099999999998 0.00000000099999999998 0.00108362725754072528 0.61912069039711425944 0.00000000099999999998
28 28 (0) 2 : 0.00000000099999999995 0.19108493865664771816 0.00000000099999999995 0.00000000099999999995 0.00000000099999999995 0.00000000099999999995 0.00000000099999999995 0.80891505434335220226 0.00000000099999999995
29 29 (0) 2 : 0.00000000099999999992 0.00000000099999999992 0.00000000099999999992 0.00000000099999999992 0.00000000099999999992 0.00000000099999999992 0.00000000099999999992 0.99999999199999989319 0.00000000099999999992
30 30 (0) 2 : 0.00000000099999999993 0.14442406528708476299 0.00000000099999999993 0.00000000099999999993 0.00000000099999999993 0.00000000099999999993 0.00000000099999999993 0.85557592771291512967 0.00000000099999999993
31 31 (0) 2 : 0.00000000099999999991 0.00000000099999999991 0.00000000099999999991 0.24737953270083334889 0.00000000099999999991 0.00000000099999999991 0.06115583090220692158 0.69146463039695971187 0.00000000099999999991
32 32 (0) 2 : 0.00000000099999999997 0.00000000099999999997 0.00000000099999999997 0.03410373534960378650 0.00000000099999999997 0.00000000099999999997 0.14975773156767388516 0.71123910476245189027 0.10489942332027045457
33 33 (0) 2 : 0.00000000099999999986 0.00000000099999999986 0.00000000099999999986 0.00000000099999999986 0.00000000099999999986 0.00000000099999999986 0.00000000099999999986 0.99999999199999989319 0.00000000099999999986
34 34 (0) 2 : 0.00000000099999999988 0.00000000099999999988 0.00000000099999999988 0.00000000099999999988 0.00000000099999999988 0.00000000099999999988 0.00000000099999999988 0.99999999200000000421 0.00000000099999999988
35 35 (0) 2 : 0.00000000099999999982 0.00000000099999999982 0.00000000099999999982 0.00000000099999999982 0.00000000099999999982 0.00000000099999999982 0.00000000099999999982 0.99999999200000000421 0.00000000099999999982
36 36 (0) 2 : 0.00000000099999999987 0.34856566263759042323 0.00000000099999999987 0.00000000099999999987 0.00000000099999999987 0.04358773924899834312 0.00000000099999999987 0.60784659211341096618 0.00000000099999999987
37 37 (0) 2 : 0.00208982629597608991 0.00000000099999999991 0.00000000099999999991 0.70447065351532200950 0.00000000099999999991 0.00000000099999999991 0.20630274289982766800 0.08713677228887428683 0.00000000099999999991
38 38 (0) 2 : 0.00000000099999999987 0.00000000099999999987 0.00000000099999999987 0.00000000099999999987 0.00000000099999999987 0.00000000099999999987 0.00000000099999999987 0.99999999200000000421 0.00000000099999999987
39 39 (0) 2 : 0.02430522763852271950 0.13523750244487675598 0.04304599818018597229 0.00000010724678016843 0.00359284137484097623 0.00000000099999999999 0.00000000099999999999 0.74147182567548308718 0.05234649543931027549
40 40 (0) 2 : 0.00000000099999999996 0.20510969288327862703 0.00000000099999999996 0.00000000099999999996 0.00000000099999999996 0.00000000099999999996 0.00000000099999999996 0.79489030011672134890 0.00000000099999999996
41 41 (0) 2 : 0.08490854524398523673 0.11922178045463233120 0.00023207945160520776 0.00000000099999999996 0.00000000099999999996 0.00000000099999999996 0.00000000099999999996 0.79563758984977706046 0.00000000099999999996
42 42 (0) 2 : 0.00000000099999999984 0.37786970820458931630 0.00000000099999999984 0.00000000099999999984 0.00000000099999999984 0.00000000099999999984 0.00000000099999999984 0.62213028479541054860 0.00000000099999999984
43 43 (0) 4 : 0.00000000099999999988 0.00000000099999999988 0.00000000099999999988 0.00000000099999999988 0.99999999200000000421 0.00000000099999999988 0.00000000099999999988 0.00000000099999999988 0.00000000099999999988
44 44 (0) 4 : 0.00721862889329531656 0.00000000099999999997 0.00000000099999999997 0.02780400057845967832 0.96497659384770140267 0.00000000099999999997 0.00000000099999999997 0.00000000099999999997 0.00000077168054369396
45 45 (0) 4 : 0.00000000099999999990 0.00000000099999999990 0.00000000099999999990 0.00000000099999999990 0.92344831068821764397 0.00036614717190648112 0.00000000099999999990 0.00000000099999999990 0.07618553613987578965
46 46 (0) 4 : 0.00000000099999999992 0.00000000099999999992 0.10156874948339697506 0.00000000099999999992 0.76971553449613783204 0.12871571002046508503 0.00000000099999999992 0.00000000099999999992 0.00000000099999999992
47 47 (0) 4 : 0.03151428434069105528 0.00000000099999999997 0.00000000099999999997 0.03620560067387230962 0.91626759671338620095 0.00000000099999999997 0.00000000099999999997 0.00000000099999999997 0.01601251327205058944
48 48 (0) 4 : 0.36388944759052460620 0.00000000099999999987 0.00000000099999999987 0.00000000099999999987 0.24646018365898739177 0.00000000099999999987 0.38965036275048808845 0.00000000099999999987 0.00000000099999999987
49 49 (0) 4 : 0.38313533468087979106 0.00000000099999999989 0.00000000099999999989 0.00000000099999999989 0.11212739531077364763 0.00000000099999999989 0.50473726400834639794 0.00000000099999999989 0.00000000099999999989
50 50 (0) 4 : 0.00000000099999999990 0.00000000099999999990 0.00000000099999999990 0.00000000099999999990 0.99999999200000011523 0.00000000099999999990 0.00000000099999999990 0.00000000099999999990 0.00000000099999999990
51 51 (0) 4 : 0.00000000099999999984 0.00000000099999999984 0.05394985861723604337 0.00000000099999999984 0.94605013438276397419 0.00000000099999999984 0.00000000099999999984 0.00000000099999999984 0.00000000099999999984
52 52 (0) 4 : 0.02891123077330819829 0.03773895119458607617 0.00000000100000000000 0.02041022899784879219 0.65063484524767167816 0.05019449484577596238 0.01294667260928359688 0.00000094320711298234 0.19916263212441276398
53 53 (0) 4 : 0.03174379316552564112 0.00000000099999999993 0.00000000099999999993 0.00000000099999999993 0.75019734806277260653 0.00000000099999999993 0.00000000099999999993 0.00000000099999999993 0.21805885277170186654
54 54 (0) 4 : 0.58261050506409373106 0.00000000099999999991 0.00000000099999999991 0.08180498419298394552 0.10771157535662068128 0.00000000099999999991 0.22787293038630171416 0.00000000099999999991 0.00000000099999999991
55 55 (0) 4 : 0.45729195289954072123 0.00000000099999999984 0.00000000099999999984 0.04239849220870201690 0.11325874346216438515 0.00000000099999999984 0.38705080642959283077 0.00000000099999999984 0.00000000099999999984
56 56 (0) 4 : 0.25986431799461168213 0.00000000099999999989 0.00000000099999999989 0.00000000099999999989 0.25696293158461697148 0.00000000099999999989 0.48317274442077146057 0.00000000099999999989 0.00000000099999999989
57 57 (0) 4 : 0.00000000099999999992 0.00000000099999999992 0.00000000099999999992 0.00000000099999999992 0.84111775417001521937 0.00000000099999999992 0.00000000099999999992 0.00000000099999999992 0.15888223882998489533
58 58 (0) 4 : 0.00000000099999999994 0.00000000099999999994 0.06669932006916552691 0.00000000099999999994 0.93330067293083451840 0.00000000099999999994 0.00000000099999999994 0.00000000099999999994 0.00000000099999999994
59 59 (0) 4 : 0.00000000099999999985 0.00000000099999999985 0.00000000099999999985 0.00000000099999999985 0.99999999200000000421 0.00000000099999999985 0.00000000099999999985 0.00000000099999999985 0.00000000099999999985
60 60 (0) 4 : 0.00000000099999999985 0.00000000099999999985 0.00000000099999999985 0.00000000099999999985 0.99999999200000011523 0.00000000099999999985 0.00000000099999999985 0.00000000099999999985 0.00000000099999999985
61 61 (0) 4 : 0.00000000099999999986 0.00000000099999999986 0.06779689731276893061 0.00000000099999999986 0.93220309568723114246 0.00000000099999999986 0.00000000099999999986 0.00000000099999999986 0.00000000099999999986
62 62 (0) 4 : 0.00000000099999999998 0.03076285139194948753 0.00283217905535918749 0.00000000099999999998 0.96640496355269145390 0.00000000099999999998 0.00000000099999999998 0.00000000099999999998 0.00000000099999999998
63 63 (0) 4 : 0.00000000099999999977 0.00000000099999999977 0.00000000099999999977 0.00000000099999999977 0.99999999200000011523 0.00000000099999999977 0.00000000099999999977 0.00000000099999999977 0.00000000099999999977
64 64 (0) 4 : 0.01839121069398105476 0.00000000099999999992 0.00000000099999999992 0.00000000099999999992 0.98160878230601888994 0.00000000099999999992 0.00000000099999999992 0.00000000099999999992 0.00000000099999999992
65 65 (0) 4 : 0.59609477767644403201 0.00000000099999999989 0.00000000099999999989 0.01878700864817117039 0.00000000099999999989 0.00000000099999999989 0.38511820767538484933 0.00000000099999999989 0.00000000099999999989
66 66 (0) 4 : 0.00000000099999999997 0.00000000099999999997 0.07824643354801212591 0.00000000099999999997 0.92171245414728986134 0.00000000099999999997 0.00000000099999999997 0.00004110630469791884 0.00000000099999999997
67 67 (0) 4 : 0.00000000099999999993 0.00000000099999999993 0.00000000099999999993 0.00000000099999999993 0.86799037814828794435 0.00000000099999999993 0.00000000099999999993 0.00000000099999999993 0.13200961485171219811
68 68 (0) 4 : 0.38901946346277077593 0.00000000099999999996 0.00000000099999999996 0.05993929262356255394 0.16602821368945080982 0.00000000099999999996 0.38501302522421587682 0.00000000099999999996 0.00000000099999999996
69 69 (0) 4 : 0.00000000099999999993 0.11426674048177903886 0.00742178185140661851 0.00000000099999999993 0.87831147166681433625 0.00000000099999999993 0.00000000099999999993 0.00000000099999999993 0.00000000099999999993
70 70 (0) 4 : 0.00000010846307233752 0.00000000099999999992 0.00000000099999999992 0.00000000099999999992 0.99999988453692778556 0.00000000099999999992 0.00000000099999999992 0.00000000099999999992 0.00000000099999999992
71 71 (0) 4 : 0.55861651163340730886 0.00000000099999999994 0.00000000099999999994 0.00000000099999999994 0.02478488808091839149 0.00000000099999999994 0.41659859428567436179 0.00000000099999999994 0.00000000099999999994
72 72 (0) 5 : 0.00000000099999999992 0.00000000099999999992 0.99999999200000000421 0.00000000099999999992 0.00000000099999999992 0.00000000099999999992 0.00000000099999999992 0.00000000099999999992 0.00000000099999999992
73 73 (0) 5 : 0.00000000099999999996 0.00000000099999999996 0.51129124733044262197 0.00000000099999999996 0.00000000099999999996 0.00000000099999999996 0.00000000099999999996 0.00000000099999999996 0.48870874566955752050
74 74 (0) 5 : 0.00000000099999999994 0.00000000099999999994 0.72020324656401046859 0.00000000099999999994 0.00635212556650198174 0.27344462186948764737 0.00000000099999999994 0.00000000099999999994 0.00000000099999999994
75 75 (0) 5 : 0.00000000099999999997 0.08828760782456425427 0.91171166212486920433 0.00000000099999999997 0.00000072405056658595 0.00000000099999999997 0.00000000099999999997 0.00000000099999999997 0.00000000099999999997
76 76 (0) 5 : 0.00000000099999999999 0.03068349823951732613 0.40396702898486491762 0.07878106194786253791 0.11876696662592509113 0.26327027816945425265 0.00000000099999999999 0.10453116303237566798 0.00000000099999999999
77 77 (0) 5 : 0.00000000099999999989 0.00000000099999999989 0.87529456481680667501 0.00000000099999999989 0.00000000099999999989 0.00000000099999999989 0.00000000099999999989 0.00000000099999999989 0.12470542818319339806
78 78 (0) 5 : 0.00000000099999999989 0.00000000099999999989 0.99999999200000000421 0.00000000099999999989 0.00000000099999999989 0.00000000099999999989 0.00000000099999999989 0.00000000099999999989 0.00000000099999999989
79 79 (0) 5 : 0.00000000099999999995 0.00000000099999999995 0.99999999200000000421 0.00000000099999999995 0.00000000099999999995 0.00000000099999999995 0.00000000099999999995 0.00000000099999999995 0.00000000099999999995
80 80 (0) 5 : 0.14305128702756439441 0.00000000099999999997 0.08932681738221416590 0.00000000099999999997 0.00000000099999999997 0.00000000099999999997 0.72054156096305621571 0.00000000099999999997 0.04708032962716524050
81 81 (0) 5 : 0.00000000099999999995 0.00000000099999999995 0.49582778449164155443 0.00000000099999999995 0.00000000099999999995 0.00000000099999999995 0.50417220850835842150 0.00000000099999999995 0.00000000099999999995
82 82 (0) 5 : 0.00000000099999999995 0.00000000099999999995 0.47956917381057034833 0.00000000099999999995 0.26412363323884369137 0.14218128874242547122 0.00000000099999999995 0.00000000099999999995 0.11412589920816045008
83 83 (0) 5 : 0.00000000099999999993 0.00000000099999999993 0.90928375026453789332 0.00000000099999999993 0.00000000099999999993 0.00000000099999999993 0.00000000099999999993 0.00000000099999999993 0.09071624273546233241
84 84 (0) 5 : 0.00000000099999999988 0.00000000099999999988 0.99999999200000000421 0.00000000099999999988 0.00000000099999999988 0.00000000099999999988 0.00000000099999999988 0.00000000099999999988 0.00000000099999999988
85 85 (0) 5 : 0.00000000099999999987 0.00000000099999999987 0.99999999200000000421 0.00000000099999999987 0.00000000099999999987 0.00000000099999999987 0.00000000099999999987 0.00000000099999999987 0.00000000099999999987
86 86 (0) 5 : 0.00000000099999999986 0.00000000099999999986 0.99999999200000011523 0.00000000099999999986 0.00000000099999999986 0.00000000099999999986 0.00000000099999999986 0.00000000099999999986 0.00000000099999999986
87 87 (0) 5 : 0.00000000099999999997 0.04195830473684665496 0.95804168826315339036 0.00000000099999999997 0.00000000099999999997 0.00000000099999999997 0.00000000099999999997 0.00000000099999999997 0.00000000099999999997
88 88 (0) 5 : 0.00000000099999999984 0.00000000099999999984 0.99999999200000011523 0.00000000099999999984 0.00000000099999999984 0.00000000099999999984 0.00000000099999999984 0.00000000099999999984 0.00000000099999999984
89 89 (0) 5 : 0.00000000099999999992 0.00000000099999999992 0.99999999200000011523 0.00000000099999999992 0.00000000099999999992 0.00000000099999999992 0.00000000099999999992 0.00000000099999999992 0.00000000099999999992
90 90 (0) 5 : 0.00000000099999999983 0.00000000099999999983 0.99999999200000000421 0.00000000099999999983 0.00000000099999999983 0.00000000099999999983 0.00000000099999999983 0.00000000099999999983 0.00000000099999999983
91 91 (0) 5 : 0.00000000099999999992 0.00000000099999999992 0.99999999200000011523 0.00000000099999999992 0.00000000099999999992 0.00000000099999999992 0.00000000099999999992 0.00000000099999999992 0.00000000099999999992
92 92 (0) 5 : 0.10908510851086546112 0.00000000099999999994 0.19921856542936963730 0.00000000099999999994 0.00000000099999999994 0.00000000099999999994 0.69169595203774403291 0.00000000099999999994 0.00000036902202082471
93 93 (0) 5 : 0.00000000099999999997 0.00000000099999999997 0.84137431193894962611 0.00000000099999999997 0.00000000099999999997 0.15862561083532814021 0.00000000099999999997 0.00000007122572225397 0.00000000099999999997
94 94 (0) 5 : 0.00000000099999999990 0.00000000099999999990 0.62957316800721918604 0.00000000099999999990 0.00000000099999999990 0.00000000099999999990 0.00000000099999999990 0.00000000099999999990 0.37042682499278101194
95 95 (0) 5 : 0.00000000099999999991 0.00000000099999999991 0.73121614406387802632 0.00000000099999999991 0.12842836862306597490 0.14035548131305589092 0.00000000099999999991 0.00000000099999999991 0.00000000099999999991
96 96 (0) 5 : 0.00000000099999999997 0.00000000099999999997 0.65529283091049095322 0.00000000099999999997 0.11827820893196883123 0.19088999711173310070 0.00000000099999999997 0.03553895804580710360 0.00000000099999999997
97 97 (0) 6 : 0.00000410196075644060 0.37476874425039030658 0.40977722960757123616 0.00000000099999999999 0.15208839447146291213 0.03069958231020235295 0.00987991902616257994 0.02278202637345424011 0.00000000099999999999
98 98 (0) 6 : 0.00000000099999999998 0.84549947222658072832 0.02867172265696635650 0.00000000099999999998 0.00000000099999999998 0.00000000386359453632 0.00000000099999999998 0.00000000099999999998 0.12582879625285850467
99 99 (0) 6 : 0.12811750441689168101 0.00000000099999999986 0.00000000099999999986 0.74420397233749446819 0.00000000099999999986 0.00000000099999999986 0.12767851724561379845 0.00000000099999999986 0.00000000099999999986
100 100 (0) 6 : 0.00000000099999999999 0.56667323015761283944 0.17024060951542219211 0.00000000099999999999 0.17831363032990199535 0.00000000099999999999 0.00031495913334889249 0.08445756686371429234 0.00000000099999999999
101 101 (0) 6 : 0.00000000099999999989 0.00000000099999999989 0.00000000099999999989 0.20415864801556954378 0.00000000099999999989 0.00000000099999999989 0.79584134498443048766 0.00000000099999999989 0.00000000099999999989
102 102 (0) 6 : 0.12401680120402941432 0.00000000099999999997 0.00000000099999999997 0.81423656351399831266 0.00000000099999999997 0.00000000099999999997 0.06174662928197234557 0.00000000099999999997 0.00000000099999999997
103 103 (0) 6 : 0.01859784540829343552 0.00000000099999999997 0.00000000099999999997 0.40365600434084863979 0.00000000099999999997 0.00000000099999999997 0.57774614425085790703 0.00000000099999999997 0.00000000099999999997
104 104 (0) 6 : 0.00000000099999999999 0.28831869192743053709 0.21742618811413105817 0.05582167458215894079 0.07049383489492870580 0.00000000099999999999 0.09391398169344010449 0.00796933399652803576 0.26605629279138276466
105 105 (0) 6 : 0.00000000099999999987 0.00000000099999999987 0.00000000099999999987 0.69306053628557307000 0.00000000099999999987 0.00000000099999999987 0.30693945671442690593 0.00000000099999999987 0.00000000099999999987
106 106 (0) 6 : 0.00000000099999999996 0.79576497780155108774 0.20423501519844913799 0.00000000099999999996 0.00000000099999999996 0.00000000099999999996 0.00000000099999999996 0.00000000099999999996 0.00000000099999999996
107 107 (0) 3 : 0.00000000099999999993 0.00000000099999999993 0.00000000099999999993 0.24081300724753487708 0.00000000099999999993 0.00000000099999999993 0.75918698575246523763 0.00000000099999999993 0.00000000099999999993
108 108 (0) 3 : 0.00000000099999999997 0.40948160387765297763 0.30034846435417983379 0.00000000099999999997 0.13886031272207791099 0.00000000099999999997 0.00000000099999999997 0.00000000099999999997 0.15130961404608925247
109 109 (0) 3 : 0.00000000099999999987 0.00000000099999999987 0.00000000099999999987 0.00000000099999999987 0.00000000099999999987 0.00000000099999999987 0.99999999199999989319 0.00000000099999999987 0.00000000099999999987
110 110 (0) 2 : 0.00000000099999999995 0.99999999200000011523 0.00000000099999999995 0.00000000099999999995 0.00000000099999999995 0.00000000099999999995 0.00000000099999999995 0.00000000099999999995 0.00000000099999999995
111 111 (0) 2 : 0.00000000099999999994 0.00000000099999999994 0.00000000099999999994 0.42274358819057500369 0.00000000099999999994 0.00000000099999999994 0.57725638543949442383 0.00000002036993046035 0.00000000099999999994
112 112 (0) 3 : 0.00000000099999999994 0.00000000099999999994 0.00000000099999999994 0.00000000099999999994 0.00000000099999999994 0.00000000099999999994 0.99999999199999989319 0.00000000099999999994 0.00000000099999999994
113 113 (0) 2 : 0.00000000099999999991 0.08999719118609238178 0.00000000099999999991 0.00000000099999999991 0.00000000099999999991 0.00000000099999999991 0.00000000099999999991 0.91000280181390758028 0.00000000099999999991
114 114 (0) 2 : 0.00000000099999999996 0.01409221542983361136 0.00000000099999999996 0.35277119990926408821 0.00000000099999999996 0.00000000099999999996 0.63313657866090222726 0.00000000099999999996 0.00000000099999999996
115 115 (0) 3 : 0.00000000099999999987 0.00000000099999999987 0.00000000099999999987 0.14105849548776033808 0.00000000099999999987 0.00000000099999999987 0.85894149751223958233 0.00000000099999999987 0.00000000099999999987
116 116 (0) 3 : 0.02136699333763887598 0.00000000099999999993 0.00000000099999999993 0.00000000099999999993 0.00000000099999999993 0.00000000099999999993 0.97863299966236105831 0.00000000099999999993 0.00000000099999999993
117 117 (0) 3 : 0.13240893915381357626 0.00000000099999999997 0.00000000099999999997 0.00000145299494856954 0.00000000099999999997 0.00000000099999999997 0.86758960185123790154 0.00000000099999999997 0.00000000099999999997
118 118 (0) 3 : 0.00000000099999999995 0.00000000099999999995 0.00000000099999999995 0.14829201923614085401 0.00000000099999999995 0.00000000099999999995 0.85170797376385909416 0.00000000099999999995 0.00000000099999999995
119 119 (0) 3 : 0.00000000099999999988 0.00000000099999999988 0.00000000099999999988 0.14592699013316740020 0.00000000099999999988 0.00000000099999999988 0.85407300286683263124 0.00000000099999999988 0.00000000099999999988
120 120 (0) 3 : 0.00000000099999999996 0.32822499125726378733 0.35731086133377781833 0.00000000099999999996 0.07458062028084451456 0.00000000099999999996 0.00000000099999999996 0.21929403266045052745 0.02058949046766323648
121 121 (0) 3 : 0.00000000099999999989 0.00000000099999999989 0.00000000099999999989 0.00000000099999999989 0.00000000099999999989 0.00000000099999999989 0.99999999200000000421 0.00000000099999999989 0.00000000099999999989
122 122 (0) 3 : 0.04760269549228782204 0.00000000099999999992 0.00000000099999999992 0.14950992944924137995 0.00000000099999999992 0.00000000099999999992 0.71528608632178847238 0.00000000099999999992 0.08760128373668236990
123 123 (0) 3 : 0.00000000099999999989 0.00000000099999999989 0.00000000099999999989 0.05059317631834577000 0.00000000099999999989 0.00000000099999999989 0.73102015082434823601 0.00000000099999999989 0.21838666685730601102
124 124 (0) 3 : 0.00000000099999999990 0.00000000099999999990 0.00000000099999999990 0.00000000099999999990 0.00000000099999999990 0.00000000099999999990 0.99999999199999989319 0.00000000099999999990 0.00000000099999999990
125 125 (0) 3 : 0.00000000100000000000 0.23230225371020798986 0.13824535150899977531 0.00000000100000000000 0.10598651534180060507 0.02781205689747582449 0.01982473552392539917 0.47582908401759038686 0.00000000100000000000
126 126 (0) 3 : 0.00000000099999999988 0.00000000099999999988 0.00000000099999999988 0.00000000099999999988 0.00000000099999999988 0.00000000099999999988 0.99999999199999989319 0.00000000099999999988 0.00000000099999999988
127 127 (0) 3 : 0.00000000099999999996 0.54235319186074804065 0.20393705036378004247 0.00000000099999999996 0.00000000099999999996 0.00000000099999999996 0.00000000099999999996 0.25370975177547211432 0.00000000099999999996
128 128 (0) 3 : 0.00000000099999999983 0.00000000099999999983 0.00000000099999999983 0.00000000099999999983 0.00000000099999999983 0.00000000099999999983 0.99999999199999989319 0.00000000099999999983 0.00000000099999999983
129 129 (0) 6 : 0.00000000099999999999 0.07806975075666408581 0.00000000099999999999 0.21036172100923844486 0.00000185360358516382 0.00000000099999999999 0.71156666963051218300 0.00000000099999999999 0.00000000099999999999
130 130 (0) 6 : 0.00000000099999999994 0.59163054495756717266 0.18797904642454460467 0.00000000099999999994 0.00000000099999999994 0.00000000099999999994 0.00000000099999999994 0.00000000099999999994 0.22039040261788839237
131 131 (0) 6 : 0.03898514243044646360 0.00000000099999999987 0.00000000099999999987 0.35565525548991788751 0.00000000099999999987 0.00000000099999999987 0.60535959607963563123 0.00000000099999999987 0.00000000099999999987
132 132 (0) 6 : 0.00000000099999999997 0.54152491039060901556 0.25563809574118362411 0.00000000099999999997 0.00000000099999999997 0.01178139224717676334 0.00000000099999999997 0.19105559662103072105 0.00000000099999999997
133 133 (0) 6 : 0.00000000099999999987 0.00000000099999999987 0.00000000099999999987 0.99999999200000011523 0.00000000099999999987 0.00000000099999999987 0.00000000099999999987 0.00000000099999999987 0.00000000099999999987
134 134 (0) 6 : 0.00000000099999999999 0.03403566470525194732 0.00000000099999999999 0.35693132338452610020 0.00000000099999999999 0.00000000099999999999 0.60903300591022180299 0.00000000099999999999 0.00000000099999999999
135 135 (0) 6 : 0.00000000099999999996 0.00000000099999999996 0.00000000099999999996 0.33090766940005306163 0.00000000099999999996 0.00000000099999999996 0.66909232359994685879 0.00000000099999999996 0.00000000099999999996
136 136 (0) 6 : 0.02002614494908739468 0.00000000099999999995 0.00000000099999999995 0.38981567652116139167 0.00000000099999999995 0.00000000099999999995 0.59015817252975122376 0.00000000099999999995 0.00000000099999999995
137 137 (0) 6 : 0.00000000099999999992 0.00000000099999999992 0.00000000099999999992 0.40059122896622750831 0.00000000099999999992 0.00000000099999999992 0.59940876403377241211 0.00000000099999999992 0.00000000099999999992
138 138 (0) 6 : 0.00000000099999999984 0.00000000099999999984 0.00000000099999999984 0.37387525284522676872 0.00000000099999999984 0.00000000099999999984 0.62612474015477304068 0.00000000099999999984 0.00000000099999999984
139 139 (0) 6 : 0.00000000099999999997 0.00000000099999999997 0.06398536538913433824 0.15384211827671528949 0.00000000099999999997 0.00000000099999999997 0.78217251033415036154 0.00000000099999999997 0.00000000099999999997
140 140 (0) 6 : 0.00000000099999999998 0.29932783175017613209 0.09408168599024366308 0.00000000099999999998 0.10985181428725517006 0.13924260869683405262 0.02678209195135125217 0.33071396432413968647 0.00000000099999999998
141 141 (0) 1 : 0.00000000099999999994 0.99999999200000011523 0.00000000099999999994 0.00000000099999999994 0.00000000099999999994 0.00000000099999999994 0.00000000099999999994 0.00000000099999999994 0.00000000099999999994
142 142 (0) 1 : 0.00000000099999999996 0.11255051132876479902 0.00000000099999999996 0.34572246514757992708 0.00000000099999999996 0.00000000099999999996 0.54172701752365515215 0.00000000099999999996 0.00000000099999999996
143 143 (0) 1 : 0.00000000099999999994 0.70135574334609562808 0.00000000099999999994 0.00000000099999999994 0.00000000099999999994 0.06490862654353884986 0.00000000099999999994 0.14355434476343356676 0.09018128034693220774
144 144 (0) 1 : 0.01507179607932080528 0.98490670330569329849 0.00000000099999999995 0.00002140776332015266 0.00000000099999999995 0.00000000099999999995 0.00000000099999999995 0.00000000099999999995 0.00000008785166585047
145 145 (0) 1 : 0.00000000099999999992 0.99999999200000022626 0.00000000099999999992 0.00000000099999999992 0.00000000099999999992 0.00000000099999999992 0.00000000099999999992 0.00000000099999999992 0.00000000099999999992
146 146 (0) 1 : 0.00000000099999999982 0.00000000099999999982 0.00000000099999999982 0.99999999200000011523 0.00000000099999999982 0.00000000099999999982 0.00000000099999999982 0.00000000099999999982 0.00000000099999999982
147 147 (0) 6 : 0.00000000099999999993 0.00000000099999999993 0.00000000099999999993 0.51284495257052675754 0.00000000099999999993 0.00000000099999999993 0.48715504042947338492 0.00000000099999999993 0.00000000099999999993
148 148 (0) 6 : 0.00000000099999999998 0.92503669011541711509 0.07496306804540604773 0.00000023583917694034 0.00000000099999999998 0.00000000099999999998 0.00000000099999999998 0.00000000099999999998 0.00000000099999999998
149 149 (0) 6 : 0.10255342821649007790 0.00000000099999999997 0.00000000099999999997 0.73735653541073775674 0.00000000099999999997 0.00000000099999999997 0.11305316751013987087 0.04699540026816393518 0.00004146459446833273
150 150 (0) 6 : 0.00000000099999999999 0.02982385326974213574 0.00000000099999999999 0.53899187412794635765 0.04213474698016224373 0.00000000099999999999 0.38904952062214925856 0.00000000099999999999 0.00000000099999999999
151 151 (0) 6 : 0.00000000099999999997 0.00000000099999999997 0.00000000099999999997 0.86937370035837868709 0.00000000099999999997 0.00000000099999999997 0.13062629264162139986 0.00000000099999999997 0.00000000099999999997
152 152 (0) 6 : 0.00000000099999999994 0.00000000099999999994 0.00000000099999999994 0.36875732374601860597 0.00000000099999999994 0.00000000099999999994 0.63124266925398142547 0.00000000099999999994 0.00000000099999999994
153 153 (0) 6 : 0.00000000099999999994 0.75455037198783914132 0.22135705466498531435 0.00000000099999999994 0.02409256734717573137 0.00000000099999999994 0.00000000099999999994 0.00000000099999999994 0.00000000099999999994
154 154 (0) 1 : 0.00000000099999999982 0.99999999200000011523 0.00000000099999999982 0.00000000099999999982 0.00000000099999999982 0.00000000099999999982 0.00000000099999999982 0.00000000099999999982 0.00000000099999999982
155 155 (0) 1 : 0.00000000099999999967 0.00000000099999999967 0.00000000099999999967 0.99999999200000000421 0.00000000099999999967 0.00000000099999999967 0.00000000099999999967 0.00000000099999999967 0.00000000099999999967
156 156 (0) 1 : 0.00000000099999999964 0.00000000099999999964 0.00000000099999999964 0.99999999200000011523 0.00000000099999999964 0.00000000099999999964 0.00000000099999999964 0.00000000099999999964 0.00000000099999999964
157 157 (0) 1 : 0.00000000099999999972 0.00000000099999999972 0.00000000099999999972 0.99999999200000000421 0.00000000099999999972 0.00000000099999999972 0.00000000099999999972 0.00000000099999999972 0.00000000099999999972
158 158 (0) 1 : 0.00000000099999999993 0.66930447801874159985 0.00000000099999999993 0.01744967354040567395 0.00000000099999999993 0.00000000099999999993 0.00000000099999999993 0.31324584244085285079 0.00000000099999999993
159 159 (0) 1 : 0.00000000099999999979 0.99999999200000022626 0.00000000099999999979 0.00000000099999999979 0.00000000099999999979 0.00000000099999999979 0.00000000099999999979 0.00000000099999999979 0.00000000099999999979
160 160 (0) 1 : 0.00000000099999999990 0.65585509857109580700 0.00000000099999999990 0.00000000099999999990 0.00000000099999999990 0.00000000099999999990 0.00000000099999999990 0.34414489442890444648 0.00000000099999999990
161 161 (0) 1 : 0.00000000099999999974 0.00000000099999999974 0.00000000099999999974 0.99999999200000000421 0.00000000099999999974 0.00000000099999999974 0.00000000099999999974 0.00000000099999999974 0.00000000099999999974
162 162 (0) 1 : 0.00000000099999999993 0.79681136645944661279 0.03844072019051331807 0.00000000099999999993 0.00000000099999999993 0.00000000099999999993 0.00000000099999999993 0.16474790735004007924 0.00000000099999999993
163 163 (0) 1 : 0.00000000099999999991 0.62117234331733595099 0.00000000099999999991 0.00000000099999999991 0.00000000099999999991 0.00000000099999999991 0.00000000099999999991 0.37882764968266419148 0.00000000099999999991
164 164 (0) 1 : 0.00000000099999999972 0.00000000099999999972 0.00000000099999999972 0.99999999200000011523 0.00000000099999999972 0.00000000099999999972 0.00000000099999999972 0.00000000099999999972 0.00000000099999999972
165 165 (0) 1 : 0.00000000099999999978 0.00000000099999999978 0.00000000099999999978 0.99999999200000000421 0.00000000099999999978 0.00000000099999999978 0.00000000099999999978 0.00000000099999999978 0.00000000099999999978
166 166 (0) 1 : 0.00000000099999999984 0.99999999200000011523 0.00000000099999999984 0.00000000099999999984 0.00000000099999999984 0.00000000099999999984 0.00000000099999999984 0.00000000099999999984 0.00000000099999999984
167 167 (0) 1 : 0.00000000099999999977 0.00000000099999999977 0.00000000099999999977 0.99999999200000011523 0.00000000099999999977 0.00000000099999999977 0.00000000099999999977 0.00000000099999999977 0.00000000099999999977
168 168 (0) 7 : 0.00000000099999999995 0.26766520007195571118 0.00000000099999999995 0.00000000099999999995 0.00000000099999999995 0.14424553628308905973 0.00000000099999999995 0.00000000099999999995 0.58808925764495512123
169 169 (0) 7 : 0.00000000099999999975 0.00000000099999999975 0.00000000099999999975 0.00000000099999999975 0.00000000099999999975 0.00000000099999999975 0.00000000099999999975 0.00000000099999999975 0.99999999200000000421
170 170 (0) 7 : 0.10712823787092676242 0.00000000099999999992 0.00000000099999999992 0.04337429804093907715 0.00000000099999999992 0.41169832153792473850 0.00000000099999999992 0.00000000099999999992 0.43779913755020943844
171 171 (0) 7 : 0.00000000099999999982 0.00000000099999999982 0.00000000099999999982 0.00000000099999999982 0.00000000099999999982 0.00000000099999999982 0.00000000099999999982 0.00000000099999999982 0.99999999199999989319
172 172 (0) 7 : 0.00000000099999999970 0.00000000099999999970 0.00000000099999999970 0.00000000099999999970 0.00000000099999999970 0.99999999200000011523 0.00000000099999999970 0.00000000099999999970 0.00000000099999999970
173 173 (0) 7 : 0.00000000099999999991 0.00000000099999999991 0.13734302894577840592 0.00000000099999999991 0.00000000099999999991 0.43074348638037901482 0.00000000099999999991 0.00000000099999999991 0.43191347867384277670
174 174 (0) 7 : 0.00000000099999999979 0.00000000099999999979 0.00000000099999999979 0.00000000099999999979 0.00000000099999999979 0.99999999200000000421 0.00000000099999999979 0.00000000099999999979 0.00000000099999999979
175 175 (0) 7 : 0.99999999200000022626 0.00000000099999999975 0.00000000099999999975 0.00000000099999999975 0.00000000099999999975 0.00000000099999999975 0.00000000099999999975 0.00000000099999999975 0.00000000099999999975
176 176 (0) 7 : 0.00000000099999999979 0.00000000099999999979 0.00000000099999999979 0.00000000099999999979 0.00000000099999999979 0.75867854871552475871 0.00000000099999999979 0.00000000099999999979 0.24132144428447538376
177 177 (0) 7 : 0.00000000099999999983 0.00000000099999999983 0.00000000099999999983 0.00000000099999999983 0.00000000099999999983 0.99999999200000011523 0.00000000099999999983 0.00000000099999999983 0.00000000099999999983
178 178 (0) 7 : 0.79113233899253998516 0.00000000099999999985 0.00000000099999999985 0.00000000099999999985 0.00000000099999999985 0.00000000099999999985 0.13156621550407354704 0.00000000099999999985 0.07730143950338666525
179 179 (0) 7 : 0.99999999200000022626 0.00000000099999999962 0.00000000099999999962 0.00000000099999999962 0.00000000099999999962 0.00000000099999999962 0.00000000099999999962 0.00000000099999999962 0.00000000099999999962
180 180 (0) 7 : 0.00000000099999999995 0.00000000099999999995 0.00000000099999999995 0.00000000099999999995 0.00000000099999999995 0.99999999200000011523 0.00000000099999999995 0.00000000099999999995 0.00000000099999999995
181 181 (0) 7 : 0.00000000099999999989 0.00000000099999999989 0.00000000099999999989 0.00000000099999999989 0.00000000099999999989 0.99999999200000011523 0.00000000099999999989 0.00000000099999999989 0.00000000099999999989
182 182 (0) 7 : 0.00000000099999999991 0.00000000099999999991 0.00000020588104191118 0.00000000099999999991 0.00000000099999999991 0.99999707361095391267 0.00000000099999999991 0.00000000099999999991 0.00000271450800424924
183 183 (0) 7 : 0.00000000099999999968 0.00000000099999999968 0.00000000099999999968 0.00000000099999999968 0.00000000099999999968 0.00000000099999999968 0.00000000099999999968 0.00000000099999999968 0.99999999200000000421
184 184 (0) 7 : 0.99999999200000011523 0.00000000099999999979 0.00000000099999999979 0.00000000099999999979 0.00000000099999999979 0.00000000099999999979 0.00000000099999999979 0.00000000099999999979 0.00000000099999999979
185 185 (0) 7 : 0.00000069063072689084 0.00000000099999999985 0.00000000099999999985 0.00000000099999999985 0.00000000099999999985 0.80226068332657518578 0.00000000099999999985 0.00000000099999999985 0.19773862004269801562
186 186 (0) 7 : 0.99999999200000022626 0.00000000099999999966 0.00000000099999999966 0.00000000099999999966 0.00000000099999999966 0.00000000099999999966 0.00000000099999999966 0.00000000099999999966 0.00000000099999999966
187 187 (0) 7 : 0.00000000099999999986 0.00000000099999999986 0.00000000099999999986 0.00000000099999999986 0.00000000099999999986 0.99999999200000011523 0.00000000099999999986 0.00000000099999999986 0.00000000099999999986
188 188 (0) 7 : 0.99999999200000011523 0.00000000099999999971 0.00000000099999999971 0.00000000099999999971 0.00000000099999999971 0.00000000099999999971 0.00000000099999999971 0.00000000099999999971 0.00000000099999999971
189 189 (0) 7 : 0.23841246460115550487 0.00000000099999999995 0.10655691839450763536 0.00000000099999999995 0.00000000099999999995 0.24334595950626125571 0.00000000099999999995 0.00000000099999999995 0.41168465249807567607
190 190 (0) 7 : 0.01580435771665514647 0.00000000099999999997 0.08722263405389299451 0.00000000099999999997 0.00000000099999999997 0.34491684426382041018 0.00000000099999999997 0.06776745891285573808 0.48428870105277577185
191 191 (0) 7 : 0.00000000099999999966 0.00000000099999999966 0.00000000099999999966 0.00000000099999999966 0.00000000099999999966 0.00000000099999999966 0.00000000099999999966 0.00000000099999999966 0.99999999200000000421
192 192 (0) 7 : 0.28495538993449276433 0.00409007828157902618 0.00000000099999999995 0.00000000099999999995 0.03395650338673681518 0.25887343514030880520 0.00000000099999999995 0.00000000099999999995 0.41812458925688245071
193 193 (0) 7 : 0.00000000099999999987 0.00000000099999999987 0.00000000099999999987 0.00000000099999999987 0.00000000099999999987 0.99999999200000011523 0.00000000099999999987 0.00000000099999999987 0.00000000099999999987
194 194 (0) 7 : 0.99999999200000011523 0.00000000099999999981 0.00000000099999999981 0.00000000099999999981 0.00000000099999999981 0.00000000099999999981 0.00000000099999999981 0.00000000099999999981 0.00000000099999999981
195 195 (0) 7 : 0.02211240351145691424 0.00000000099999999994 0.19571165222531605732 0.00000000099999999994 0.00000000099999999994 0.62487294570645357528 0.00000000099999999994 0.00000000099999999994 0.15730299355677349049
196 196 (0) 7 : 0.99999999200000022626 0.00000000099999999967 0.00000000099999999967 0.00000000099999999967 0.00000000099999999967 0.00000000099999999967 0.00000000099999999967 0.00000000099999999967 0.00000000099999999967
197 197 (0) 7 : 0.96990775117719929543 0.00000000099999999985 0.00000000099999999985 0.00000000099999999985 0.00000000099999999985 0.00000000099999999985 0.00000000099999999985 0.00000000099999999985 0.03009224182280095458
